 C	-27.84737720 -42.88120048 3.40000000
 C	-25.65545731 -41.76436151 3.40000000
 C	-23.46369086 -40.64760072 3.40000000
 C	-26.30026459 -40.49885597 3.40000000
 C	-27.71862817 -40.42452269 3.40000000
 C	-21.27177097 -39.53076176 3.40000000
 C	-24.10834470 -39.38201701 3.40000000
 C	-25.52670828 -39.30768373 3.40000000
 C	-19.07985108 -38.41392279 3.40000000
 C	-21.91657825 -38.26525622 3.40000000
 C	-23.33494183 -38.19092294 3.40000000
 C	-26.17151556 -38.04217819 3.40000000
 C	-27.58988815 -37.96801687 3.40000000
 C	-16.88793119 -37.29708383 3.40000000
 C	-19.72465836 -37.14841725 3.40000000
 C	-21.14302194 -37.07408397 3.40000000
 C	-23.97959568 -36.92533922 3.40000000
 C	-25.39796827 -36.85117790 3.40000000
 C	-14.69616474 -36.18032304 3.40000000
 C	-17.53278962 -36.03160435 3.40000000
 C	-18.95110205 -35.95724501 3.40000000
 C	-21.78782922 -35.80857843 3.40000000
 C	-23.20620181 -35.73441712 3.40000000
 C	-26.04277555 -35.58567236 3.40000000
 C	-27.46113913 -35.51133907 3.40000000
 C	-12.50424485 -35.06348407 3.40000000
 C	-15.34097202 -34.91481750 3.40000000
 C	-16.75918217 -34.84040604 3.40000000
 C	-19.59590933 -34.69173947 3.40000000
 C	-21.01428192 -34.61757815 3.40000000
 C	-23.85085566 -34.46883340 3.40000000
 C	-25.26921924 -34.39450011 3.40000000
 C	-10.31247840 -33.94672328 3.40000000
 C	-13.14905213 -33.79797853 3.40000000
 C	-14.56741571 -33.72364525 3.40000000
 C	-17.40404059 -33.57492656 3.40000000
 C	-18.82236204 -33.50073918 3.40000000
 C	-21.65908920 -33.35207261 3.40000000
 C	-23.07745279 -33.27773932 3.40000000
 C	-25.91402652 -33.12899458 3.40000000
 C	-27.33239010 -33.05466129 3.40000000
 C	-8.12055851 -32.82988432 3.40000000
 C	-10.95713224 -32.68113957 3.40000000
 C	-12.37549582 -32.60680629 3.40000000
 C	-15.21222299 -32.45813971 3.40000000
 C	-16.63044215 -32.38390022 3.40000000
 C	-19.46716932 -32.23523364 3.40000000
 C	-20.88553290 -32.16090035 3.40000000
 C	-23.72210663 -32.01215561 3.40000000
 C	-25.14047022 -31.93782232 3.40000000
 C	-5.92863862 -31.71304535 3.40000000
 C	-8.76536579 -31.56437878 3.40000000
 C	-10.18372937 -31.49004550 3.40000000
 C	-13.02030310 -31.34130075 3.40000000
 C	-14.43867570 -31.26713943 3.40000000
 C	-17.27530057 -31.11842074 3.40000000
 C	-18.69361301 -31.04406139 3.40000000
 C	-21.53034018 -30.89539482 3.40000000
 C	-22.94870376 -30.82106153 3.40000000
 C	-25.78528050 -30.67237410 3.40000000
 C	-27.20364107 -30.59798350 3.40000000
 C	-3.73671874 -30.59620639 3.40000000
 C	-6.57344590 -30.44753981 3.40000000
 C	-7.99180948 -30.37320653 3.40000000
 C	-10.82838322 -30.22446178 3.40000000
 C	-12.24675581 -30.15030046 3.40000000
 C	-15.08348297 -30.00163389 3.40000000
 C	-16.50169313 -29.92722242 3.40000000
 C	-19.33842029 -29.77855586 3.40000000
 C	-20.75678387 -29.70422257 3.40000000
 C	-23.59336061 -29.55553514 3.40000000
 C	-25.01172119 -29.48114454 3.40000000
 C	-1.54495228 -29.47944560 3.40000000
 C	-4.38157716 -29.33072691 3.40000000
 C	-5.79988959 -29.25636757 3.40000000
 C	-8.63661676 -29.10770099 3.40000000
 C	-10.05498935 -29.03353968 3.40000000
 C	-12.89156309 -28.88479493 3.40000000
 C	-14.30992667 -28.81046163 3.40000000
 C	-17.14655154 -28.66174295 3.40000000
 C	-18.56486399 -28.58738360 3.40000000
 C	-21.40159416 -28.43877435 3.40000000
 C	-22.81995473 -28.36438375 3.40000000
 C	0.64696761 -28.36260663 3.40000000
 C	-25.65653748 -28.21581096 3.40000000
 C	-2.18975956 -28.21394006 3.40000000
 C	-27.07490106 -28.14147768 3.40000000
 C	-3.60796971 -28.13952860 3.40000000
 C	-6.44469687 -27.99086203 3.40000000
 C	-7.86306947 -27.91670071 3.40000000
 C	-10.69964320 -27.76795596 3.40000000
 C	-12.11800678 -27.69362267 3.40000000
 C	-14.95473395 -27.54495610 3.40000000
 C	-16.37294410 -27.47054464 3.40000000
 C	-19.20967427 -27.32193538 3.40000000
 C	-20.62803485 -27.24754478 3.40000000
 C	2.83873406 -27.24584584 3.40000000
 C	-23.46461759 -27.09897200 3.40000000
 C	0.00216033 -27.09710109 3.40000000
 C	-24.88298117 -27.02463871 3.40000000
 C	-1.41620325 -27.02276781 3.40000000
 C	-4.25282813 -26.87404912 3.40000000
 C	-5.67114958 -26.79986174 3.40000000
 C	-8.50787674 -26.65119517 3.40000000
 C	-9.92624033 -26.57686188 3.40000000
 C	-12.76281406 -26.42811714 3.40000000
 C	-14.18117764 -26.35378385 3.40000000
 C	-17.01780553 -26.20512248 3.40000000
 C	-18.43611496 -26.13070582 3.40000000
 C	5.03065395 -26.12900688 3.40000000
 C	-21.27285114 -25.98221121 3.40000000
 C	2.19408022 -25.98026213 3.40000000
 C	-22.69121472 -25.90787792 3.40000000
 C	0.77571664 -25.90592885 3.40000000
 C	-25.52778845 -25.75913317 3.40000000
 C	-2.06101053 -25.75726227 3.40000000
 C	-26.94615203 -25.68479989 3.40000000
 C	-3.47922969 -25.68302278 3.40000000
 C	-6.31595686 -25.53435621 3.40000000
 C	-7.73432044 -25.46002291 3.40000000
 C	-10.57089417 -25.31127817 3.40000000
 C	-11.98925776 -25.23694488 3.40000000
 C	-14.82598793 -25.08833563 3.40000000
 C	-16.24419507 -25.01386685 3.40000000
 C	7.22257384 -25.01216791 3.40000000
 C	-19.08093125 -24.86537224 3.40000000
 C	4.38584667 -24.86350134 3.40000000
 C	-20.49929483 -24.79103896 3.40000000
 C	2.96748309 -24.78916806 3.40000000
 C	-23.33586856 -24.64229421 3.40000000
 C	0.13090936 -24.64042331 3.40000000
 C	-24.75423214 -24.56796093 3.40000000
 C	-1.28746324 -24.56626199 3.40000000
 C	-4.12408811 -24.41754330 3.40000000
 C	-5.54240055 -24.34318395 3.40000000
 C	-8.37912772 -24.19451738 3.40000000
 C	-9.79749130 -24.12018409 3.40000000
 C	-12.63406804 -23.97149666 3.40000000
 C	-14.05242862 -23.89710606 3.40000000
 C	9.41449372 -23.89532895 3.40000000
 C	-16.88906251 -23.74855933 3.40000000
 C	6.57776656 -23.74666237 3.40000000
 C	-18.30737494 -23.67419999 3.40000000
 C	5.15940298 -23.67232909 3.40000000
 C	-21.14410211 -23.52553342 3.40000000
 C	2.32282924 -23.52358434 3.40000000
 C	-22.56246569 -23.45120014 3.40000000
 C	0.90445665 -23.44942302 3.40000000
 C	-25.39903942 -23.30245539 3.40000000
 C	-1.93227051 -23.30075645 3.40000000
 C	-26.81741201 -23.22829407 3.40000000
 C	-3.35048067 -23.22634498 3.40000000
 C	-6.18720783 -23.07767842 3.40000000
 C	-7.60557141 -23.00334513 3.40000000
 C	-10.44214815 -22.85465770 3.40000000
 C	-11.86050873 -22.78026710 3.40000000
 C	11.60626018 -22.77856816 3.40000000
 C	-14.69724491 -22.63177249 3.40000000
 C	8.76963530 -22.62984947 3.40000000
 C	-16.11545506 -22.55736103 3.40000000
 C	7.35132287 -22.55549013 3.40000000
 C	-18.95218222 -22.40869445 3.40000000
 C	4.51459570 -22.40682355 3.40000000
 C	-20.37054580 -22.33436117 3.40000000
 C	3.09622311 -22.33266224 3.40000000
 C	-23.20711954 -22.18561642 3.40000000
 C	0.25964937 -22.18391749 3.40000000
 C	-24.62549213 -22.11145510 3.40000000
 C	-1.15871421 -22.10958419 3.40000000
 C	-3.99533909 -21.96086551 3.40000000
 C	-5.41365153 -21.88650616 3.40000000
 C	-8.25038170 -21.73789691 3.40000000
 C	-9.66874227 -21.66350631 3.40000000
 C	13.79818007 -21.66172919 3.40000000
 C	-12.50532502 -21.51493352 3.40000000
 C	10.96145290 -21.51306262 3.40000000
 C	-13.92368860 -21.44060024 3.40000000
 C	9.54324275 -21.43865116 3.40000000
 C	-16.76031348 -21.29188155 3.40000000
 C	6.70651559 -21.28998459 3.40000000
 C	-18.17862591 -21.21752221 3.40000000
 C	5.28814299 -21.21582327 3.40000000
 C	-21.01535308 -21.06885563 3.40000000
 C	2.45156926 -21.06707852 3.40000000
 C	-22.43372567 -20.99469432 3.40000000
 C	1.03320567 -20.99274523 3.40000000
 C	-25.27029941 -20.84594957 3.40000000
 C	-1.80352149 -20.84407866 3.40000000
 C	-26.68866299 -20.77161627 3.40000000
 C	-3.22173164 -20.76966720 3.40000000
 C	-6.05846181 -20.62105794 3.40000000
 C	-7.47682239 -20.54666734 3.40000000
 C	15.98994652 -20.54496840 3.40000000
 C	-10.31340513 -20.39809456 3.40000000
 C	13.15337279 -20.39622365 3.40000000
 C	-11.73176871 -20.32376127 3.40000000
 C	11.73500921 -20.32189037 3.40000000
 C	-14.56849588 -20.17509470 3.40000000
 C	8.89838433 -20.17317168 3.40000000
 C	-15.98670603 -20.10068324 3.40000000
 C	7.48006288 -20.09898430 3.40000000
 C	-18.82343319 -19.95201667 3.40000000
 C	4.64333572 -19.95031773 3.40000000
 C	-20.24180578 -19.87785535 3.40000000
 C	3.22497213 -19.87598444 3.40000000
 C	-23.07837952 -19.72911060 3.40000000
 C	0.38839840 -19.72723970 3.40000000
 C	-24.49674310 -19.65477731 3.40000000
 C	-1.02996518 -19.65290641 3.40000000
 C	-3.86659307 -19.50424504 3.40000000
 C	-5.28490250 -19.42982838 3.40000000
 C	18.18186641 -19.42812944 3.40000000
 C	-8.12163868 -19.28133377 3.40000000
 C	15.34529268 -19.27938469 3.40000000
 C	-9.54000226 -19.20700048 3.40000000
 C	13.92692909 -19.20505141 3.40000000
 C	-12.37657599 -19.05825573 3.40000000
 C	11.09020193 -19.05638483 3.40000000
 C	-13.79493957 -18.98392245 3.40000000
 C	9.67198277 -18.98214534 3.40000000
 C	-16.63156445 -18.83520376 3.40000000
 C	6.83525560 -18.83347877 3.40000000
 C	-18.04988590 -18.76101638 3.40000000
 C	5.41689202 -18.75914547 3.40000000
 C	-20.88661306 -18.61234981 3.40000000
 C	2.58031829 -18.61040073 3.40000000
 C	-22.30497665 -18.53801652 3.40000000
 C	1.16195470 -18.53606744 3.40000000
 C	-25.14155038 -18.38927178 3.40000000
 C	-1.67477547 -18.38745819 3.40000000
 C	-26.55991396 -18.31493849 3.40000000
 C	-3.09298261 -18.31298941 3.40000000
 C	20.37378630 -18.31129047 3.40000000
 C	-5.92971879 -18.16449480 3.40000000
 C	17.53705913 -18.16262390 3.40000000
 C	-7.34808237 -18.09016152 3.40000000
 C	16.11869555 -18.08829062 3.40000000
 C	-10.18465610 -17.94141677 3.40000000
 C	13.28212182 -17.93954587 3.40000000
 C	-11.60301968 -17.86708349 3.40000000
 C	11.86374922 -17.86538455 3.40000000
 C	-14.43974685 -17.71841691 3.40000000
 C	9.02712435 -17.71666586 3.40000000
 C	-15.85796601 -17.64417742 3.40000000
 C	7.60881190 -17.64230651 3.40000000
 C	-18.69469318 -17.49551085 3.40000000
 C	4.77208474 -17.49363994 3.40000000
 C	-20.11305676 -17.42117755 3.40000000
 C	3.35372116 -17.41930665 3.40000000
 C	-22.94963049 -17.27243281 3.40000000
 C	0.51714442 -17.27061922 3.40000000
 C	-24.36799408 -17.19809952 3.40000000
 C	-0.90121616 -17.19622862 3.40000000
 C	22.56570618 -17.19445151 3.40000000
 C	-3.73785005 -17.04768189 3.40000000
 C	19.72897902 -17.04578493 3.40000000
 C	-5.15616248 -16.97332255 3.40000000
 C	18.31061544 -16.97145165 3.40000000
 C	-7.99288965 -16.82465598 3.40000000
 C	15.47404170 -16.82270690 3.40000000
 C	-9.41125323 -16.75032270 3.40000000
 C	14.05566911 -16.74854558 3.40000000
 C	-12.24782696 -16.60157795 3.40000000
 C	11.21894195 -16.59987901 3.40000000
 C	-13.66619956 -16.52741663 3.40000000
 C	9.80073179 -16.52546754 3.40000000
 C	-16.50282443 -16.37869794 3.40000000
 C	6.96400463 -16.37680098 3.40000000
 C	-17.92113687 -16.30433859 3.40000000
 C	5.54564105 -16.30246769 3.40000000
 C	-20.75786404 -16.15567203 3.40000000
 C	2.70906431 -16.15378026 3.40000000
 C	-22.17622762 -16.08133873 3.40000000
 C	1.29070373 -16.07938966 3.40000000
 C	24.75747264 -16.07769072 3.40000000
 C	-25.01280436 -15.93265131 3.40000000
 C	-1.54603245 -15.93089505 3.40000000
 C	21.92084776 -15.92897203 3.40000000
 C	-26.43116494 -15.85826070 3.40000000
 C	-2.96424260 -15.85648359 3.40000000
 C	20.50253532 -15.85461269 3.40000000
 C	-5.80096976 -15.70781701 3.40000000
 C	17.66580816 -15.70594611 3.40000000
 C	-7.21933334 -15.63348373 3.40000000
 C	16.24743557 -15.63178480 3.40000000
 C	-10.05590708 -15.48473898 3.40000000
 C	13.41086183 -15.48304005 3.40000000
 C	-11.47427967 -15.41057766 3.40000000
 C	11.99249825 -15.40870675 3.40000000
 C	-14.31100683 -15.26191109 3.40000000
 C	9.15587337 -15.25998807 3.40000000
 C	-15.72921699 -15.18749962 3.40000000
 C	7.73756093 -15.18562872 3.40000000
 C	-18.56594415 -15.03883306 3.40000000
 C	4.90083076 -15.03701947 3.40000000
 C	-19.98430773 -14.96449977 3.40000000
 C	3.48247019 -14.96262887 3.40000000
 C	26.94939253 -14.96085175 3.40000000
 C	-22.82088447 -14.81581234 3.40000000
 C	0.64588744 -14.81405608 3.40000000
 C	24.11266536 -14.81218518 3.40000000
 C	-24.23924505 -14.74142174 3.40000000
 C	-0.77247614 -14.73972280 3.40000000
 C	22.69445521 -14.73777372 3.40000000
 C	-3.60910102 -14.59100411 3.40000000
 C	19.85772805 -14.58910715 3.40000000
 C	-5.02741345 -14.51664477 3.40000000
 C	18.43935545 -14.51494583 3.40000000
 C	-7.86414062 -14.36797819 3.40000000
 C	15.60278172 -14.36620108 3.40000000
 C	-9.28251321 -14.29381688 3.40000000
 C	14.18441813 -14.29186779 3.40000000
 C	-12.11908695 -14.14507213 3.40000000
 C	11.34769097 -14.14320122 3.40000000
 C	-13.53745053 -14.07073883 3.40000000
 C	9.92948082 -14.06878976 3.40000000
 C	-16.37407541 -13.92202015 3.40000000
 C	7.09275065 -13.92018050 3.40000000
 C	-17.79238785 -13.84766080 3.40000000
 C	5.67439007 -13.84578990 3.40000000
 C	29.14115898 -13.84409096 3.40000000
 C	-20.62911802 -13.69905155 3.40000000
 C	2.83780733 -13.69721712 3.40000000
 C	26.30458525 -13.69534621 3.40000000
 C	-22.04747859 -13.62466095 3.40000000
 C	1.41944375 -13.62288383 3.40000000
 C	24.88622167 -13.62101293 3.40000000
 C	-24.88406134 -13.47608816 3.40000000
 C	-1.41728342 -13.47421726 3.40000000
 C	22.04959679 -13.47229424 3.40000000
 C	-26.30242492 -13.40175488 3.40000000
 C	-2.83549357 -13.39980580 3.40000000
 C	20.63127534 -13.39810686 3.40000000
 C	-5.67222073 -13.25113923 3.40000000
 C	17.79454818 -13.24944029 3.40000000
 C	-7.09059333 -13.17697791 3.40000000
 C	16.37618459 -13.17510700 3.40000000
 C	-9.92716706 -13.02823316 3.40000000
 C	13.53961086 -13.02636226 3.40000000
 C	-11.34553064 -12.95389987 3.40000000
 C	12.12124728 -12.95202897 3.40000000
 C	-14.18225781 -12.80523331 3.40000000
 C	9.28461939 -12.80336760 3.40000000
 C	-15.60046796 -12.73082184 3.40000000
 C	7.86630996 -12.72895094 3.40000000
 C	31.33307887 -12.72725200 3.40000000
 C	-18.43719813 -12.58221259 3.40000000
 C	5.02957378 -12.58045633 3.40000000
 C	28.49650513 -12.57850725 3.40000000
 C	-19.85555871 -12.50782198 3.40000000
 C	3.61121020 -12.50612304 3.40000000
 C	27.07814155 -12.50417397 3.40000000
 C	-22.69214145 -12.35924920 3.40000000
 C	0.77463647 -12.35737829 3.40000000
 C	24.24141439 -12.35550739 3.40000000
 C	-24.11050503 -12.28491591 3.40000000
 C	-0.64372711 -12.28304501 3.40000000
 C	22.82319523 -12.28126790 3.40000000
 C	-3.48035199 -12.13432632 3.40000000
 C	19.98646806 -12.13260133 3.40000000
 C	-4.89867344 -12.06013894 3.40000000
 C	18.56810448 -12.05826803 3.40000000
 C	-7.73540060 -11.91147237 3.40000000
 C	15.73153075 -11.90952329 3.40000000
 C	-9.15376419 -11.83713908 3.40000000
 C	14.31316716 -11.83519000 3.40000000
 C	-11.99033792 -11.68839434 3.40000000
 C	11.47643699 -11.68658075 3.40000000
 C	-13.40870150 -11.61406105 3.40000000
 C	10.05822985 -11.61211197 3.40000000
 C	33.52499876 -11.61041303 3.40000000
 C	-16.24532939 -11.46539968 3.40000000
 C	7.22149367 -11.46361736 3.40000000
 C	30.68827159 -11.46174646 3.40000000
 C	-17.66363882 -11.39098302 3.40000000
 C	5.80313009 -11.38928408 3.40000000
 C	29.26990801 -11.38741318 3.40000000
 C	-20.50037500 -11.24248841 3.40000000
 C	2.96655636 -11.24053933 3.40000000
 C	26.43333428 -11.23866843 3.40000000
 C	-21.91873858 -11.16815513 3.40000000
 C	1.54819278 -11.16620605 3.40000000
 C	25.01496168 -11.16450711 3.40000000
 C	-24.75531231 -11.01941038 3.40000000
 C	-1.28853439 -11.01753947 3.40000000
 C	22.17833681 -11.01578842 3.40000000
 C	-26.17367589 -10.94507709 3.40000000
 C	-2.70675355 -10.94329998 3.40000000
 C	20.76002436 -10.94142907 3.40000000
 C	-5.54348072 -10.79463341 3.40000000
 C	17.92329720 -10.79276250 3.40000000
 C	-6.96184430 -10.72030012 3.40000000
 C	16.50493362 -10.71842921 3.40000000
 C	-9.79841803 -10.57155537 3.40000000
 C	13.66835688 -10.56974178 3.40000000
 C	-11.21678162 -10.49722208 3.40000000
 C	12.24999630 -10.49535118 3.40000000
 C	35.71691864 -10.49357407 3.40000000
 C	-14.05351179 -10.34861283 3.40000000
 C	9.41336241 -10.34680445 3.40000000
 C	32.88019148 -10.34490749 3.40000000
 C	-15.47171893 -10.27414405 3.40000000
 C	7.99504998 -10.27244511 3.40000000
 C	31.46182790 -10.27057421 3.40000000
 C	-18.30845511 -10.12564944 3.40000000
 C	5.15832281 -10.12377854 3.40000000
 C	28.62525416 -10.12182946 3.40000000
 C	-19.72681869 -10.05131616 3.40000000
 C	3.73995923 -10.04944526 3.40000000
 C	27.20688157 -10.04766814 3.40000000
 C	-22.56339242 -9.90257141 3.40000000
 C	0.90338550 -9.90070051 3.40000000
 C	24.37015440 -9.89900157 3.40000000
 C	-23.98175600 -9.82823813 3.40000000
 C	-0.51498710 -9.82653919 3.40000000
 C	22.95194425 -9.82459010 3.40000000
 C	-3.35161197 -9.67782050 3.40000000
 C	20.11521709 -9.67592354 3.40000000
 C	-4.76992441 -9.60346115 3.40000000
 C	18.69685351 -9.60159025 3.40000000
 C	-7.60665158 -9.45479459 3.40000000
 C	15.86027677 -9.45290282 3.40000000
 C	-9.02501516 -9.38046129 3.40000000
 C	14.44191619 -9.37851222 3.40000000
 C	37.90868510 -9.37681328 3.40000000
 C	-11.86159190 -9.23177387 3.40000000
 C	11.60518001 -9.23001761 3.40000000
 C	35.07206022 -9.22809459 3.40000000
 C	-13.27995248 -9.15738326 3.40000000
 C	10.18696986 -9.15560615 3.40000000
 C	33.65374778 -9.15373525 3.40000000
 C	-16.11658637 -9.00883654 3.40000000
 C	7.35024270 -9.00693957 3.40000000
 C	30.81702062 -9.00506867 3.40000000
 C	-17.53489880 -8.93447719 3.40000000
 C	5.93187912 -8.93260629 3.40000000
 C	29.39864803 -8.93090736 3.40000000
 C	-20.37162597 -8.78581062 3.40000000
 C	3.09530538 -8.78386154 3.40000000
 C	26.56207429 -8.78216261 3.40000000
 C	-21.78998955 -8.71147734 3.40000000
 C	1.67693279 -8.70970022 3.40000000
 C	25.14371071 -8.70782931 3.40000000
 C	-24.62656328 -8.56273259 3.40000000
 C	-1.15979437 -8.56103365 3.40000000
 C	22.30708583 -8.55911063 3.40000000
 C	-26.04493587 -8.48857127 3.40000000
 C	-2.57800453 -8.48662218 3.40000000
 C	20.88877339 -8.48475128 3.40000000
 C	-5.41473169 -8.33795562 3.40000000
 C	18.05204322 -8.33614203 3.40000000
 C	-6.83309527 -8.26362233 3.40000000
 C	16.63368265 -8.26175143 3.40000000
 C	-9.66967201 -8.11493490 3.40000000
 C	13.79709990 -8.11317864 3.40000000
 C	37.26387782 -8.11130774 3.40000000
 C	-11.08803259 -8.04054430 3.40000000
 C	12.37873632 -8.03884536 3.40000000
 C	35.84566767 -8.03689628 3.40000000
 C	-13.92476877 -7.89204969 3.40000000
 C	9.54211144 -7.89012667 3.40000000
 C	33.00894051 -7.88822971 3.40000000
 C	-15.34297892 -7.81763823 3.40000000
 C	8.12379901 -7.81576733 3.40000000
 C	31.59056791 -7.81406839 3.40000000
 C	-18.17970608 -7.66897166 3.40000000
 C	5.28707184 -7.66710075 3.40000000
 C	28.75399418 -7.66532364 3.40000000
 C	-19.59806966 -7.59463837 3.40000000
 C	3.86869925 -7.59293944 3.40000000
 C	27.33563059 -7.59099035 3.40000000
 C	-22.43464340 -7.44589362 3.40000000
 C	1.03212551 -7.44419469 3.40000000
 C	24.49890343 -7.44232378 3.40000000
 C	-23.85301599 -7.37173231 3.40000000
 C	-0.38623807 -7.36986140 3.40000000
 C	23.08069328 -7.36791232 3.40000000
 C	-3.22286295 -7.22114271 3.40000000
 C	20.24396311 -7.21930307 3.40000000
 C	-4.64117539 -7.14678336 3.40000000
 C	18.82560253 -7.14491246 3.40000000
 C	-7.47790556 -6.99817411 3.40000000
 C	15.98901979 -6.99633968 3.40000000
 C	39.45579771 -6.99446877 3.40000000
 C	-8.89626613 -6.92378351 3.40000000
 C	14.57065621 -6.92200639 3.40000000
 C	38.03743413 -6.92013549 3.40000000
 C	-11.73284888 -6.77521072 3.40000000
 C	11.73392904 -6.77333982 3.40000000
 C	35.20080925 -6.77141680 3.40000000
 C	-13.15121246 -6.70087744 3.40000000
 C	10.31571889 -6.69892836 3.40000000
 C	33.78248780 -6.69722942 3.40000000
 C	-15.98783734 -6.55215875 3.40000000
 C	7.47899173 -6.55026179 3.40000000
 C	30.94576063 -6.54856285 3.40000000
 C	-17.40614977 -6.47779941 3.40000000
 C	6.06061913 -6.47610047 3.40000000
 C	29.52739705 -6.47422956 3.40000000
 C	-20.24287694 -6.32913283 3.40000000
 C	3.22404540 -6.32735572 3.40000000
 C	26.69082332 -6.32548482 3.40000000
 C	-21.66124953 -6.25497152 3.40000000
 C	1.80568181 -6.25302243 3.40000000
 C	25.27245974 -6.25115153 3.40000000
 C	-24.49782327 -6.10622677 3.40000000
 C	-1.03104535 -6.10435587 3.40000000
 C	22.43583185 -6.10249016 3.40000000
 C	-25.91618685 -6.03189348 3.40000000
 C	-2.44925550 -6.02994440 3.40000000
 C	21.01752242 -6.02807350 3.40000000
 C	-5.28598567 -5.88133515 3.40000000
 C	18.18078624 -5.87957889 3.40000000
 C	-6.70434625 -5.80694454 3.40000000
 C	16.76242266 -5.80524561 3.40000000
 C	-9.54092899 -5.65837176 3.40000000
 C	13.92584893 -5.65650085 3.40000000
 C	37.39262685 -5.65462995 3.40000000
 C	-10.95929257 -5.58403847 3.40000000
 C	12.50748535 -5.58216757 3.40000000
 C	35.97440769 -5.58039046 3.40000000
 C	-13.79601974 -5.43537190 3.40000000
 C	9.67086047 -5.43344888 3.40000000
 C	33.13768052 -5.43172389 3.40000000
 C	-15.21422989 -5.36096044 3.40000000
 C	8.25253902 -5.35926150 3.40000000
 C	31.71931694 -5.35739059 3.40000000
 C	-18.05095705 -5.21229387 3.40000000
 C	5.41581186 -5.21059493 3.40000000
 C	28.88274321 -5.20864585 3.40000000
 C	-19.46932965 -5.13813255 3.40000000
 C	3.99744827 -5.13626164 3.40000000
 C	27.46437962 -5.13431256 3.40000000
 C	-22.30590338 -4.98938780 3.40000000
 C	1.16087454 -4.98751690 3.40000000
 C	24.62764945 -4.98570331 3.40000000
 C	-23.72426696 -4.91505451 3.40000000
 C	-0.25748904 -4.91318361 3.40000000
 C	23.20944231 -4.91123453 3.40000000
 C	-3.09411693 -4.76452224 3.40000000
 C	20.37270613 -4.76273992 3.40000000
 C	-4.51242636 -4.69010558 3.40000000
 C	18.95434255 -4.68840664 3.40000000
 C	-7.34916254 -4.54161097 3.40000000
 C	16.11776882 -4.53966189 3.40000000
 C	39.58454674 -4.53779099 3.40000000
 C	-8.76752612 -4.46727769 3.40000000
 C	14.69940523 -4.46532861 3.40000000
 C	38.16617414 -4.46362967 3.40000000
 C	-11.60409985 -4.31853294 3.40000000
 C	11.86267807 -4.31666203 3.40000000
 C	35.32954926 -4.31491098 3.40000000
 C	-13.02246343 -4.24419965 3.40000000
 C	10.44445891 -4.24242254 3.40000000
 C	33.91123682 -4.24055163 3.40000000
 C	-15.85908831 -4.09548096 3.40000000
 C	7.60773174 -4.09375597 3.40000000
 C	31.07450966 -4.09188506 3.40000000
 C	-17.27740976 -4.02129359 3.40000000
 C	6.18936816 -4.01942268 3.40000000
 C	29.65614608 -4.01755177 3.40000000
 C	-20.11413692 -3.87262701 3.40000000
 C	3.35279443 -3.87067793 3.40000000
 C	26.81956934 -3.86886435 3.40000000
 C	-21.53250051 -3.79829372 3.40000000
 C	1.93443084 -3.79634464 3.40000000
 C	25.40120876 -3.79447374 3.40000000
 C	-24.36907424 -3.64954898 3.40000000
 C	-0.90229933 -3.64773539 3.40000000
 C	22.56457487 -3.64592701 3.40000000
 C	-25.78743782 -3.57521569 3.40000000
 C	-2.32050647 -3.57326661 3.40000000
 C	21.14626244 -3.57156767 3.40000000
 C	-5.15724265 -3.42477200 3.40000000
 C	18.30953527 -3.42290110 3.40000000
 C	-6.57560623 -3.35043872 3.40000000
 C	16.89117169 -3.34856782 3.40000000
 C	-9.41217996 -3.20169397 3.40000000
 C	14.05459796 -3.19982307 3.40000000
 C	37.52136686 -3.19812413 3.40000000
 C	-10.83054354 -3.12736069 3.40000000
 C	12.63622536 -3.12566175 3.40000000
 C	36.10315671 -3.12371266 3.40000000
 C	-13.66727071 -2.97869411 3.40000000
 C	9.79960049 -2.97694306 3.40000000
 C	33.26642955 -2.97504610 3.40000000
 C	-15.08548987 -2.90445462 3.40000000
 C	8.38128804 -2.90258371 3.40000000
 C	31.84806596 -2.90071281 3.40000000
 C	-17.92221704 -2.75578805 3.40000000
 C	5.54456088 -2.75391715 3.40000000
 C	29.01148923 -2.75202538 3.40000000
 C	-19.34058062 -2.68145476 3.40000000
 C	4.12619730 -2.67958385 3.40000000
 C	27.59312865 -2.67763478 3.40000000
 C	-22.17715435 -2.53271001 3.40000000
 C	1.28962056 -2.53089643 3.40000000
 C	24.75639247 -2.52914017 3.40000000
 C	-23.59551794 -2.45837672 3.40000000
 C	-0.12874002 -2.45650582 3.40000000
 C	23.33818232 -2.45472871 3.40000000
 C	-2.96537391 -2.30795910 3.40000000
 C	20.50145516 -2.30606213 3.40000000
 C	-4.38368634 -2.23359975 3.40000000
 C	19.08309158 -2.23172885 3.40000000
 C	-7.22041351 -2.08493318 3.40000000
 C	16.24651784 -2.08298410 3.40000000
 C	39.71328675 -2.08128517 3.40000000
 C	-8.63877709 -2.01059990 3.40000000
 C	14.82814525 -2.00882279 3.40000000
 C	38.29492317 -2.00695187 3.40000000
 C	-11.47535082 -1.86185515 3.40000000
 C	11.99141809 -1.86015621 3.40000000
 C	35.45829829 -1.85823319 3.40000000
 C	-12.89372342 -1.78769383 3.40000000
 C	10.57320793 -1.78574474 3.40000000
 C	34.03998585 -1.78387384 3.40000000
 C	-15.73034829 -1.63897514 3.40000000
 C	7.73648077 -1.63707818 3.40000000
 C	31.20325568 -1.63526459 3.40000000
 C	-17.14866073 -1.56461579 3.40000000
 C	6.31811719 -1.56274489 3.40000000
 C	29.78489511 -1.56087399 3.40000000
 C	-19.98538790 -1.41594923 3.40000000
 C	3.48154045 -1.41405746 3.40000000
 C	26.94831236 -1.41230120 3.40000000
 C	-21.40375148 -1.34161593 3.40000000
 C	2.06317987 -1.33966686 3.40000000
 C	25.52994878 -1.33796792 3.40000000
 C	-24.24032822 -1.19292851 3.40000000
 C	-0.77355631 -1.19117225 3.40000000
 C	22.69332390 -1.18924923 3.40000000
 C	-25.65868880 -1.11853790 3.40000000
 C	-2.19176646 -1.11676079 3.40000000
 C	21.27501146 -1.11488989 3.40000000
 C	-5.02849362 -0.96809422 3.40000000
 C	18.43828430 -0.96622331 3.40000000
 C	-6.44685720 -0.89376093 3.40000000
 C	17.01991171 -0.89206200 3.40000000
 C	-9.28343094 -0.74501618 3.40000000
 C	14.18333797 -0.74331725 3.40000000
 C	37.65011589 -0.74144634 3.40000000
 C	-10.70180353 -0.67085487 3.40000000
 C	12.76497439 -0.66898396 3.40000000
 C	36.23190574 -0.66703488 3.40000000
 C	-13.53853069 -0.52218829 3.40000000
 C	9.92834951 -0.52026527 3.40000000
 C	33.39517557 -0.51842563 3.40000000
 C	-14.95674085 -0.44777682 3.40000000
 C	8.51003707 -0.44590592 3.40000000
 C	31.97681499 -0.44403502 3.40000000
 C	-17.79346801 -0.29911026 3.40000000
 C	5.67330690 -0.29729667 3.40000000
 C	29.14023225 -0.29546224 3.40000000
 C	-19.21183159 -0.22477697 3.40000000
 C	4.25494633 -0.22290607 3.40000000
 C	27.72186867 -0.22112895 3.40000000
 C	-22.04840833 -0.07608954 3.40000000
 C	1.41836358 -0.07433328 3.40000000
 C	24.88514150 -0.07246238 3.40000000
 C	-23.46676891 -0.00169894 3.40000000
 C	0.00000000 0.00000000 3.40000000
 C	23.46693135 0.00194908 3.40000000
 C	-2.83662488 0.14871869 3.40000000
 C	20.63020419 0.15061565 3.40000000
 C	-4.25493731 0.22307803 3.40000000
 C	19.21183159 0.22477697 3.40000000
 C	-7.09166448 0.37174461 3.40000000
 C	16.37525786 0.37352172 3.40000000
 C	39.84203578 0.37539262 3.40000000
 C	-8.51003707 0.44590592 3.40000000
 C	14.95689427 0.44785501 3.40000000
 C	38.42367219 0.44972591 3.40000000
 C	-11.34661081 0.59465067 3.40000000
 C	12.12016711 0.59652157 3.40000000
 C	35.58704431 0.59838728 3.40000000
 C	-12.76497439 0.66898396 3.40000000
 C	10.70195696 0.67093304 3.40000000
 C	34.16873488 0.67280394 3.40000000
 C	-15.60159927 0.81770265 3.40000000
 C	7.86522679 0.81954229 3.40000000
 C	31.33199870 0.82129855 3.40000000
 C	-17.01991171 0.89206200 3.40000000
 C	6.44686621 0.89393290 3.40000000
 C	29.91363512 0.89563183 3.40000000
 C	-19.85664188 1.04067125 3.40000000
 C	3.61028347 1.04250568 3.40000000
 C	27.07706139 1.04437658 3.40000000
 C	-21.27500245 1.11506185 3.40000000
 C	2.19191989 1.11683897 3.40000000
 C	25.65869781 1.11870987 3.40000000
 C	-24.11158520 1.26363464 3.40000000
 C	-0.64480728 1.26550554 3.40000000
 C	22.82207293 1.26742856 3.40000000
 C	-25.52994878 1.33796792 3.40000000
 C	-2.06301743 1.33991700 3.40000000
 C	21.40375148 1.34161593 3.40000000
 C	-4.89974459 1.48858357 3.40000000
 C	18.56702432 1.49028251 3.40000000
 C	-6.31811719 1.56274489 3.40000000
 C	17.14866073 1.56461580 3.40000000
 C	-9.15469092 1.71148964 3.40000000
 C	14.31208700 1.71336054 3.40000000
 C	37.77886191 1.71517413 3.40000000
 C	-10.57305450 1.78582293 3.40000000
 C	12.89372342 1.78769383 3.40000000
 C	36.36065477 1.78964291 3.40000000
 C	-13.40978167 1.93448949 3.40000000
 C	10.05709553 1.93635520 3.40000000
 C	33.52391859 1.93813752 3.40000000
 C	-14.82799182 2.00890096 3.40000000
 C	8.63878610 2.01077186 3.40000000
 C	32.10555501 2.01247080 3.40000000
 C	-17.66472199 2.15751021 3.40000000
 C	5.80204992 2.15926647 3.40000000
 C	29.26898127 2.16121555 3.40000000
 C	-19.08308257 2.23190082 3.40000000
 C	4.38368634 2.23359975 3.40000000
 C	27.85061769 2.23554883 3.40000000
 C	-21.91966531 2.38047360 3.40000000
 C	1.54711261 2.38234450 3.40000000
 C	25.01389053 2.38421541 3.40000000
 C	-23.33802889 2.45480689 3.40000000
 C	0.12874903 2.45667779 3.40000000
 C	23.59567137 2.45845490 3.40000000
 C	-2.70787585 2.60539648 3.40000000
 C	20.75894420 2.60712147 3.40000000
 C	-4.12619730 2.67958385 3.40000000
 C	19.34058062 2.68145476 3.40000000
 C	-6.96292446 2.82825043 3.40000000
 C	16.50400689 2.83019951 3.40000000
 C	39.97078180 2.83201309 3.40000000
 C	-8.38128805 2.90258372 3.40000000
 C	15.08564330 2.90453280 3.40000000
 C	38.55242122 2.90640370 3.40000000
 C	-11.21786178 3.05132846 3.40000000
 C	12.24891313 3.05314205 3.40000000
 C	35.71578733 3.05495042 3.40000000
 C	-12.63622536 3.12566175 3.40000000
 C	10.83070599 3.12761083 3.40000000
 C	34.29747490 3.12930977 3.40000000
 C	-15.47285325 3.27432312 3.40000000
 C	7.99396981 3.27610544 3.40000000
 C	31.46074773 3.27797634 3.40000000
 C	-16.89116268 3.34873978 3.40000000
 C	6.57560623 3.35043872 3.40000000
 C	30.04238415 3.35230962 3.40000000
 C	-19.72789886 3.49723439 3.40000000
 C	3.73903250 3.49918347 3.40000000
 C	27.20581042 3.50105437 3.40000000
 C	-21.14626244 3.57156767 3.40000000
 C	2.32066892 3.57351675 3.40000000
 C	25.78743782 3.57521569 3.40000000
 C	-23.98283617 3.72031242 3.40000000
 C	-0.51605825 3.72218333 3.40000000
 C	22.95081295 3.72393438 3.40000000
 C	-25.40119975 3.79464571 3.40000000
 C	-1.93427741 3.79642282 3.40000000
 C	21.53250050 3.79829373 3.40000000
 C	-4.77100458 3.94508939 3.40000000
 C	18.69577334 3.94696029 3.40000000
 C	-6.18936816 4.01942268 3.40000000
 C	17.27740976 4.02129359 3.40000000
 C	-9.02594189 4.16816743 3.40000000
 C	14.44083302 4.16998101 3.40000000
 C	37.90760493 4.17173727 3.40000000
 C	-10.44430548 4.24250072 3.40000000
 C	13.02247244 4.24437162 3.40000000
 C	36.48939478 4.24614873 3.40000000
 C	-13.28103565 4.39110997 3.40000000
 C	10.18583855 4.39291834 3.40000000
 C	33.65266762 4.39481530 3.40000000
 C	-14.69924279 4.46557875 3.40000000
 C	8.76752612 4.46727769 3.40000000
 C	32.23430404 4.46914859 3.40000000
 C	-17.53597897 4.61407336 3.40000000
 C	5.93079895 4.61594426 3.40000000
 C	29.39773030 4.61789334 3.40000000
 C	-18.95434255 4.68840664 3.40000000
 C	4.51243537 4.69027754 3.40000000
 C	27.97935771 4.69205465 3.40000000
 C	-21.79091628 4.83715139 3.40000000
 C	1.67586164 4.83902229 3.40000000
 C	25.14263054 4.84072123 3.40000000
 C	-23.20927986 4.91148467 3.40000000
 C	0.25748904 4.91318361 3.40000000
 C	23.72442039 4.91513270 3.40000000
 C	-2.57913583 5.06190230 3.40000000
 C	20.88769323 5.06379926 3.40000000
 C	-3.99744828 5.13626165 3.40000000
 C	19.46932965 5.13813255 3.40000000
 C	-6.83417544 5.28492821 3.40000000
 C	16.63275291 5.28681998 3.40000000
 C	40.09952482 5.28857624 3.40000000
 C	-8.25253902 5.35926150 3.40000000
 C	15.21439233 5.36121058 3.40000000
 C	38.68116124 5.36290952 3.40000000
 C	-11.08911576 5.50794893 3.40000000
 C	12.37765615 5.50970519 3.40000000
 C	35.84453636 5.51162821 3.40000000
 C	-12.50747634 5.58233954 3.40000000
 C	10.95944600 5.58411665 3.40000000
 C	34.42622392 5.58598755 3.40000000
 C	-15.34411023 5.73088626 3.40000000
 C	8.12271884 5.73278322 3.40000000
 C	31.58949676 5.73465413 3.40000000
 C	-16.76242266 5.80524561 3.40000000
 C	6.70435526 5.80711651 3.40000000
 C	30.17112417 5.80881544 3.40000000
 C	-19.59914983 5.95391218 3.40000000
 C	3.86778152 5.95586126 3.40000000
 C	27.33455043 5.95756019 3.40000000
 C	-21.01751341 6.02824546 3.40000000
 C	2.44940893 6.03002257 3.40000000
 C	25.91618685 6.03189348 3.40000000
 C	-23.85408714 6.17699021 3.40000000
 C	-0.38731823 6.17868915 3.40000000
 C	23.07956197 6.18061217 3.40000000
 C	-25.27245974 6.25115153 3.40000000
 C	-1.80552839 6.25310062 3.40000000
 C	21.66124953 6.25497152 3.40000000
 C	-4.64225555 6.40176718 3.40000000
 C	18.82451936 6.40358077 3.40000000
 C	-6.06061913 6.47610047 3.40000000
 C	17.40615879 6.47797137 3.40000000
 C	-8.89719587 6.62478790 3.40000000
 C	14.56957604 6.62654416 3.40000000
 C	38.03635396 6.62841506 3.40000000
 C	-10.31555645 6.69917850 3.40000000
 C	13.15121246 6.70087744 3.40000000
 C	36.61814381 6.70282652 3.40000000
 C	-13.15229263 6.84767311 3.40000000
 C	10.31458758 6.84959613 3.40000000
 C	33.78141665 6.85149309 3.40000000
 C	-14.57050278 6.92208457 3.40000000
 C	8.89627514 6.92395547 3.40000000
 C	32.36304405 6.92565441 3.40000000
 C	-17.40722994 7.07075114 3.40000000
 C	6.05954798 7.07262205 3.40000000
 C	29.52647032 7.07439916 3.40000000
 C	-18.82559352 7.14508443 3.40000000
 C	4.64117539 7.14678336 3.40000000
 C	28.10810673 7.14873245 3.40000000
 C	-21.66216726 7.29382918 3.40000000
 C	1.80460165 7.29552811 3.40000000
 C	25.27137957 7.29739901 3.40000000
 C	-23.08053985 7.36799049 3.40000000
 C	0.38623807 7.36986140 3.40000000
 C	23.85316942 7.37181048 3.40000000
 C	-2.45038681 7.51858009 3.40000000
 C	21.01643925 7.52041973 3.40000000
 C	-3.86869925 7.59293944 3.40000000
 C	19.59807867 7.59481034 3.40000000
 C	-6.70542942 7.74154869 3.40000000
 C	16.76149593 7.74338312 3.40000000
 C	40.22827385 7.74525402 3.40000000
 C	-8.12378999 7.81593929 3.40000000
 C	15.34313235 7.81771641 3.40000000
 C	38.80991027 7.81958731 3.40000000
 C	-10.96037274 7.96451208 3.40000000
 C	12.50640518 7.96638298 3.40000000
 C	35.97328539 7.96830600 3.40000000
 C	-12.37873632 8.03884536 3.40000000
 C	11.08819503 8.04079444 3.40000000
 C	34.55496394 8.04249337 3.40000000
 C	-15.21536120 8.18756405 3.40000000
 C	8.25146787 8.18946101 3.40000000
 C	31.71823677 8.19115995 3.40000000
 C	-16.63367363 8.26192339 3.40000000
 C	6.83309527 8.26362233 3.40000000
 C	30.29987319 8.26549324 3.40000000
 C	-19.47040080 8.41058996 3.40000000
 C	3.99652154 8.41236708 3.40000000
 C	27.46329946 8.41423798 3.40000000
 C	-20.88877339 8.48475128 3.40000000
 C	2.57815795 8.48670037 3.40000000
 C	26.04493587 8.48857127 3.40000000
 C	-23.72534713 8.63349603 3.40000000
 C	-0.25856921 8.63536693 3.40000000
 C	23.20830799 8.63723264 3.40000000
 C	-25.14371071 8.70782932 3.40000000
 C	-1.67677936 8.70977840 3.40000000
 C	21.78999856 8.71164930 3.40000000
 C	-4.51350953 8.85838765 3.40000000
 C	18.95326238 8.86014391 3.40000000
 C	-5.93187011 8.93277826 3.40000000
 C	17.53489880 8.93447719 3.40000000
 C	-8.76845285 9.08135104 3.40000000
 C	14.69832507 9.08322194 3.40000000
 C	38.16510299 9.08509285 3.40000000
 C	-10.18681643 9.15568433 3.40000000
 C	13.27996149 9.15755523 3.40000000
 C	36.74688383 9.15933234 3.40000000
 C	-13.02354360 9.30435090 3.40000000
 C	10.44333661 9.30627392 3.40000000
 C	33.91015666 9.30799891 3.40000000
 C	-14.44175375 9.37876236 3.40000000
 C	9.02501516 9.38046129 3.40000000
 C	32.49179308 9.38233220 3.40000000
 C	-17.27848091 9.52742893 3.40000000
 C	6.18828800 9.52912787 3.40000000
 C	29.65521935 9.53107695 3.40000000
 C	-18.69685351 9.60159025 3.40000000
 C	4.76992441 9.60346116 3.40000000
 C	28.23685576 9.60541024 3.40000000
 C	-21.53342724 9.75033500 3.40000000
 C	1.93335068 9.75220590 3.40000000
 C	25.40012559 9.75401949 3.40000000
 C	-22.95179082 9.82466829 3.40000000
 C	0.51498710 9.82653919 3.40000000
 C	23.98191845 9.82848827 3.40000000
 C	-2.32164079 9.97520056 3.40000000
 C	21.14518227 9.97698288 3.40000000
 C	-3.73995022 10.04961722 3.40000000
 C	19.72681869 10.05131616 3.40000000
 C	-6.57668640 10.19811183 3.40000000
 C	16.89024496 10.20006091 3.40000000
 C	40.35702288 10.20193181 3.40000000
 C	-7.99504998 10.27244511 3.40000000
 C	15.47188137 10.27439419 3.40000000
 C	38.93865028 10.27609313 3.40000000
 C	-10.83162371 10.42118986 3.40000000
 C	12.63515421 10.42306077 3.40000000
 C	36.10202540 10.42481182 3.40000000
 C	-12.24998729 10.49552315 3.40000000
 C	11.21693505 10.49730026 3.40000000
 C	34.68371296 10.49917117 3.40000000
 C	-15.08661217 10.64424184 3.40000000
 C	8.38020788 10.64596683 3.40000000
 C	31.84698580 10.64783773 3.40000000
 C	-16.50493362 10.71842921 3.40000000
 C	6.96184430 10.72030012 3.40000000
 C	30.42862222 10.72217103 3.40000000
 C	-19.34166078 10.86709579 3.40000000
 C	4.12527057 10.86904487 3.40000000
 C	27.59204548 10.87085845 3.40000000
 C	-20.76002437 10.94142908 3.40000000
 C	2.70690698 10.94337816 3.40000000
 C	26.17368490 10.94524906 3.40000000
 C	-23.59659810 11.09017382 3.40000000
 C	-0.12982319 11.09198741 3.40000000
 C	23.33705101 11.09379578 3.40000000
 C	-25.01496168 11.16450711 3.40000000
 C	-1.54803033 11.16645619 3.40000000
 C	21.91873858 11.16815513 3.40000000
 C	-4.38476651 11.31495080 3.40000000
 C	19.08201141 11.31682170 3.40000000
 C	-5.80313009 11.38928408 3.40000000
 C	17.66364783 11.39115498 3.40000000
 C	-8.63970382 11.53802883 3.40000000
 C	14.82707410 11.53989973 3.40000000
 C	38.29384300 11.54159867 3.40000000
 C	-10.05806740 11.61236211 3.40000000
 C	13.40870150 11.61406105 3.40000000
 C	36.87563285 11.61601014 3.40000000
 C	-12.89479457 11.76102868 3.40000000
 C	10.57207663 11.76277974 3.40000000
 C	34.03890569 11.76467670 3.40000000
 C	-14.31301373 11.83526818 3.40000000
 C	9.15376418 11.83713909 3.40000000
 C	32.62054210 11.83900999 3.40000000
 C	-17.14974090 11.98393475 3.40000000
 C	6.31703702 11.98580565 3.40000000
 C	29.78396537 11.98769742 3.40000000
 C	-18.56810448 12.05826804 3.40000000
 C	4.89867344 12.06013894 3.40000000
 C	28.36560479 12.06208802 3.40000000
 C	-21.40467821 12.20701278 3.40000000
 C	2.06209670 12.20882637 3.40000000
 C	25.52886861 12.21058263 3.40000000
 C	-22.82304180 12.28134608 3.40000000
 C	0.64373612 12.28321698 3.40000000
 C	24.11065846 12.28499409 3.40000000
 C	-2.19289777 12.43176370 3.40000000
 C	21.27393130 12.43366066 3.40000000
 C	-3.61121020 12.50612304 3.40000000
 C	19.85556772 12.50799395 3.40000000
 C	-6.44793737 12.65478962 3.40000000
 C	17.01899398 12.65673870 3.40000000
 C	40.48576289 12.65843763 3.40000000
 C	-7.86630095 12.72912290 3.40000000
 C	15.60062139 12.73090001 3.40000000
 C	39.06739931 12.73277092 3.40000000
 C	-10.70287468 12.87786765 3.40000000
 C	12.76389423 12.87956659 3.40000000
 C	36.23077443 12.88148961 3.40000000
 C	-12.12124728 12.95202897 3.40000000
 C	11.34568407 12.95397806 3.40000000
 C	34.81246199 12.95584896 3.40000000
 C	-14.95787215 13.10074766 3.40000000
 C	8.50895691 13.10264462 3.40000000
 C	31.97573182 13.10445821 3.40000000
 C	-16.37618459 13.17510701 3.40000000
 C	7.09059333 13.17697791 3.40000000
 C	30.55737125 13.17884881 3.40000000
 C	-19.21291176 13.32377357 3.40000000
 C	4.25401659 13.32566534 3.40000000
 C	27.72078850 13.32742160 3.40000000
 C	-20.63127534 13.39810686 3.40000000
 C	2.83565601 13.40005594 3.40000000
 C	26.30242492 13.40175488 3.40000000
 C	-23.46785208 13.54679429 3.40000000
 C	-0.00108017 13.54855055 3.40000000
 C	23.46580004 13.55047357 3.40000000
 C	-24.88621266 13.62118490 3.40000000
 C	-1.41929032 13.62296201 3.40000000
 C	22.04748760 13.62483291 3.40000000
 C	-4.25601748 13.77162858 3.40000000
 C	19.21076044 13.77349948 3.40000000
 C	-5.67438106 13.84596187 3.40000000
 C	17.79238785 13.84766080 3.40000000
 C	-8.51095480 13.99470662 3.40000000
 C	14.95581411 13.99640555 3.40000000
 C	38.42259203 13.99827645 3.40000000
 C	-9.92932739 14.06886793 3.40000000
 C	13.53745053 14.07073884 3.40000000
 C	37.00438188 14.07268792 3.40000000
 C	-12.76605455 14.21753451 3.40000000
 C	10.70082565 14.21945753 3.40000000
 C	34.16765171 14.22129717 3.40000000
 C	-14.18426471 14.29194597 3.40000000
 C	9.28251321 14.29381688 3.40000000
 C	32.74929113 14.29568778 3.40000000
 C	-17.02099187 14.44061254 3.40000000
 C	6.44578304 14.44242613 3.40000000
 C	29.91270839 14.44426056 3.40000000
 C	-18.43935545 14.51494583 3.40000000
 C	5.02742247 14.51681673 3.40000000
 C	28.49434481 14.51859385 3.40000000
 C	-21.27593219 14.66363326 3.40000000
 C	2.19083972 14.66538952 3.40000000
 C	25.65761764 14.66726042 3.40000000
 C	-22.69429277 14.73802386 3.40000000
 C	0.77247614 14.73972280 3.40000000
 C	24.23940749 14.74167188 3.40000000
 C	-2.06414874 14.88844149 3.40000000
 C	21.40268033 14.89033845 3.40000000
 C	-3.48246117 14.96280083 3.40000000
 C	19.98430773 14.96449977 3.40000000
 C	-6.31918834 15.11146740 3.40000000
 C	17.14773400 15.11324452 3.40000000
 C	40.61451192 15.11511542 3.40000000
 C	-7.73756093 15.18562872 3.40000000
 C	15.72937041 15.18757781 3.40000000
 C	39.19614833 15.18944871 3.40000000
 C	-10.57413467 15.33437347 3.40000000
 C	12.89264325 15.33624437 3.40000000
 C	36.35952045 15.33811008 3.40000000
 C	-11.99249825 15.40870676 3.40000000
 C	11.47443310 15.41065584 3.40000000
 C	34.94121102 15.41252674 3.40000000
 C	-14.82912313 15.55742545 3.40000000
 C	8.63770293 15.55926509 3.40000000
 C	32.10447484 15.56102135 3.40000000
 C	-16.24743557 15.63178480 3.40000000
 C	7.21934235 15.63365570 3.40000000
 C	30.68611126 15.63535463 3.40000000
 C	-19.08416574 15.78039405 3.40000000
 C	4.38275961 15.78222848 3.40000000
 C	27.84953753 15.78409938 3.40000000
 C	-20.50252631 15.85478465 3.40000000
 C	2.96439603 15.85656176 3.40000000
 C	26.43117395 15.85843267 3.40000000
 C	-23.33910906 16.00335744 3.40000000
 C	0.12766886 16.00522834 3.40000000
 C	23.59454907 16.00715136 3.40000000
 C	-24.75747264 16.07769072 3.40000000
 C	-1.29054129 16.07963980 3.40000000
 C	22.17622762 16.08133873 3.40000000
 C	-4.12726845 16.22830637 3.40000000
 C	19.33950045 16.23000531 3.40000000
 C	-5.54564105 16.30246769 3.40000000
 C	17.92113687 16.30433860 3.40000000
 C	-8.38221478 16.45121244 3.40000000
 C	15.08456314 16.45308334 3.40000000
 C	38.55133805 16.45489693 3.40000000
 C	-9.80057836 16.52554573 3.40000000
 C	13.66619956 16.52741663 3.40000000
 C	37.13313091 16.52936571 3.40000000
 C	-12.63730553 16.67421229 3.40000000
 C	10.82957167 16.67607800 3.40000000
 C	34.29639473 16.67786032 3.40000000
 C	-14.05551568 16.74862376 3.40000000
 C	9.41126224 16.75049466 3.40000000
 C	32.87803115 16.75219360 3.40000000
 C	-16.89224585 16.89723301 3.40000000
 C	6.57452606 16.89898927 3.40000000
 C	30.04145741 16.90093835 3.40000000
 C	-18.31060643 16.97162362 3.40000000
 C	5.15616248 16.97332255 3.40000000
 C	28.62309383 16.97527163 3.40000000
 C	-21.14718917 17.12019640 3.40000000
 C	2.31958875 17.12206730 3.40000000
 C	25.78636667 17.12393820 3.40000000
 C	-22.56555275 17.19452968 3.40000000
 C	0.90122517 17.19640059 3.40000000
 C	24.36814751 17.19817770 3.40000000
 C	-1.93539971 17.34511928 3.40000000
 C	21.53142034 17.34684427 3.40000000
 C	-3.35372116 17.41930665 3.40000000
 C	20.11305676 17.42117756 3.40000000
 C	-6.19044832 17.56797323 3.40000000
 C	17.27648303 17.56992231 3.40000000
 C	40.74325794 17.57173589 3.40000000
 C	-7.60881191 17.64230652 3.40000000
 C	15.85811944 17.64425560 3.40000000
 C	39.32489736 17.64612650 3.40000000
 C	-10.44538564 17.79105126 3.40000000
 C	13.02138927 17.79286485 3.40000000
 C	36.48826347 17.79467322 3.40000000
 C	-11.86374922 17.86538455 3.40000000
 C	11.60318213 17.86733363 3.40000000
 C	35.06995104 17.86903257 3.40000000
 C	-14.70037711 18.01404592 3.40000000
 C	8.76644595 18.01582824 3.40000000
 C	32.23322387 18.01769914 3.40000000
 C	-16.11868654 18.08846258 3.40000000
 C	7.34808237 18.09016152 3.40000000
 C	30.81486029 18.09203242 3.40000000
 C	-18.95542272 18.23695719 3.40000000
 C	4.51150864 18.23890627 3.40000000
 C	27.97828656 18.24077717 3.40000000
 C	-20.37378630 18.31129047 3.40000000
 C	3.09314505 18.31323955 3.40000000
 C	26.55991396 18.31493849 3.40000000
 C	-23.21036003 18.46003522 3.40000000
 C	0.25641789 18.46190612 3.40000000
 C	23.72328909 18.46365718 3.40000000
 C	-24.62872361 18.53436851 3.40000000
 C	-1.16180127 18.53614562 3.40000000
 C	22.30497664 18.53801653 3.40000000
 C	-3.99852844 18.68481219 3.40000000
 C	19.46824948 18.68668309 3.40000000
 C	-5.41689202 18.75914548 3.40000000
 C	18.04988590 18.76101638 3.40000000
 C	-8.25346575 18.90789022 3.40000000
 C	15.21330916 18.90970381 3.40000000
 C	38.68008107 18.91146007 3.40000000
 C	-9.67182934 18.98222352 3.40000000
 C	13.79494858 18.98409442 3.40000000
 C	37.26187092 18.98587153 3.40000000
 C	-12.50855951 19.13083277 3.40000000
 C	10.95831469 19.13264114 3.40000000
 C	34.42514376 19.13453810 3.40000000
 C	-13.92676665 19.20530155 3.40000000
 C	9.54000226 19.20700048 3.40000000
 C	33.00678018 19.20887139 3.40000000
 C	-16.76350283 19.35379616 3.40000000
 C	6.70327509 19.35566706 3.40000000
 C	30.17020644 19.35761614 3.40000000
 C	-18.18186641 19.42812944 3.40000000
 C	5.28491151 19.43000034 3.40000000
 C	28.75183385 19.43177745 3.40000000
 C	-21.01844014 19.57687419 3.40000000
 C	2.44833778 19.57874509 3.40000000
 C	25.91510668 19.58044403 3.40000000
 C	-22.43680372 19.65120747 3.40000000
 C	1.02996518 19.65290641 3.40000000
 C	24.49689653 19.65485550 3.40000000
 C	-1.80665969 19.80162510 3.40000000
 C	21.66016937 19.80352206 3.40000000
 C	-3.22497214 19.87598445 3.40000000
 C	20.24180578 19.87785535 3.40000000
 C	-6.06169930 20.02465101 3.40000000
 C	17.40522905 20.02654278 3.40000000
 C	40.87200096 20.02829904 3.40000000
 C	-7.48006288 20.09898430 3.40000000
 C	15.98686847 20.10093338 3.40000000
 C	39.45363738 20.10263232 3.40000000
 C	-10.31663962 20.24767173 3.40000000
 C	13.15013229 20.24942799 3.40000000
 C	36.61701250 20.25135101 3.40000000
 C	-11.73500020 20.32206234 3.40000000
 C	11.73192214 20.32383945 3.40000000
 C	35.19870006 20.32571035 3.40000000
 C	-14.57163409 20.47060906 3.40000000
 C	8.89519498 20.47250602 3.40000000
 C	32.36197290 20.47437692 3.40000000
 C	-15.98994652 20.54496840 3.40000000
 C	7.47683140 20.54683931 3.40000000
 C	30.94360031 20.54853824 3.40000000
 C	-18.82667369 20.69363498 3.40000000
 C	4.64025766 20.69558406 3.40000000
 C	28.10702657 20.69728299 3.40000000
 C	-20.24503727 20.76796826 3.40000000
 C	3.22188507 20.76974537 3.40000000
 C	26.68866299 20.77161628 3.40000000
 C	-23.08161100 20.91671301 3.40000000
 C	0.38515791 20.91841195 3.40000000
 C	23.85203811 20.92033497 3.40000000
 C	-24.49998360 20.99087433 3.40000000
 C	-1.03305225 20.99282341 3.40000000
 C	22.43372567 20.99469432 3.40000000
 C	-3.86977941 21.14148998 3.40000000
 C	19.59699550 21.14330357 3.40000000
 C	-5.28814299 21.21582327 3.40000000
 C	18.17863493 21.21769417 3.40000000
 C	-8.12471973 21.36451070 3.40000000
 C	15.34205218 21.36626696 3.40000000
 C	38.80883010 21.36813786 3.40000000
 C	-9.54308031 21.43890130 3.40000000
 C	13.92368860 21.44060024 3.40000000
 C	37.39061995 21.44254932 3.40000000
 C	-12.37981649 21.58739591 3.40000000
 C	11.08706372 21.58931893 3.40000000
 C	34.55389279 21.59121589 3.40000000
 C	-13.79802664 21.66180737 3.40000000
 C	9.66875128 21.66367827 3.40000000
 C	33.13552019 21.66537721 3.40000000
 C	-16.63475380 21.81047394 3.40000000
 C	6.83202412 21.81234484 3.40000000
 C	30.29894646 21.81412196 3.40000000
 C	-18.05311738 21.88480723 3.40000000
 C	5.41365153 21.88650616 3.40000000
 C	28.88058287 21.88845525 3.40000000
 C	-20.88969112 22.03355198 3.40000000
 C	2.57707779 22.03525091 3.40000000
 C	26.04385571 22.03712181 3.40000000
 C	-22.30806371 22.10771329 3.40000000
 C	1.15871421 22.10958420 3.40000000
 C	24.62564556 22.11153328 3.40000000
 C	-1.67791067 22.25830289 3.40000000
 C	21.78891539 22.26014253 3.40000000
 C	-3.09622311 22.33266224 3.40000000
 C	20.37055481 22.33453314 3.40000000
 C	-5.93295328 22.48127149 3.40000000
 C	17.53397207 22.48310592 3.40000000
 C	41.00074999 22.48497682 3.40000000
 C	-7.35131385 22.55566209 3.40000000
 C	16.11560849 22.55743920 3.40000000
 C	39.58238641 22.55931011 3.40000000
 C	-10.18789660 22.70423488 3.40000000
 C	13.27888132 22.70610578 3.40000000
 C	36.74576153 22.70802880 3.40000000
 C	-11.60626018 22.77856816 3.40000000
 C	11.86067117 22.78051724 3.40000000
 C	35.32744008 22.78221617 3.40000000
 C	-14.44288506 22.92728685 3.40000000
 C	9.02394401 22.92918381 3.40000000
 C	32.49071291 22.93088275 3.40000000
 C	-15.86119749 23.00164619 3.40000000
 C	7.60557141 23.00334513 3.40000000
 C	31.07234933 23.00521604 3.40000000
 C	-18.69792466 23.15031276 3.40000000
 C	4.76899768 23.15208988 3.40000000
 C	28.23577560 23.15396078 3.40000000
 C	-20.11629725 23.22447408 3.40000000
 C	3.35063409 23.22642317 3.40000000
 C	26.81741201 23.22829407 3.40000000
 C	-22.95287099 23.37321883 3.40000000
 C	0.51390693 23.37508973 3.40000000
 C	23.98078413 23.37695544 3.40000000
 C	-24.37123457 23.44755212 3.40000000
 C	-0.90430322 23.44950120 3.40000000
 C	22.56247470 23.45137210 3.40000000
 C	-3.74103339 23.59811045 3.40000000
 C	19.72573852 23.59986671 3.40000000
 C	-5.15939397 23.67250106 3.40000000
 C	18.30737494 23.67419999 3.40000000
 C	-7.99597671 23.82107384 3.40000000
 C	15.47080121 23.82294474 3.40000000
 C	38.93757913 23.82481564 3.40000000
 C	-9.41434029 23.89540712 3.40000000
 C	14.05243763 23.89727803 3.40000000
 C	37.51935997 23.89905514 3.40000000
 C	-12.25106746 24.04407370 3.40000000
 C	11.21581275 24.04599672 3.40000000
 C	34.68263280 24.04772171 3.40000000
 C	-13.66927761 24.11848516 3.40000000
 C	9.79749130 24.12018409 3.40000000
 C	33.26426922 24.12205500 3.40000000
 C	-16.50600477 24.26715173 3.40000000
 C	6.96076414 24.26885067 3.40000000
 C	30.42769549 24.27079974 3.40000000
 C	-17.92437737 24.34131305 3.40000000
 C	5.54240055 24.34318396 3.40000000
 C	29.00933190 24.34513304 3.40000000
 C	-20.76095110 24.49005780 3.40000000
 C	2.70582682 24.49192870 3.40000000
 C	26.17260173 24.49374229 3.40000000
 C	-22.17931468 24.56439109 3.40000000
 C	1.28746324 24.56626199 3.40000000
 C	24.75439459 24.56821107 3.40000000
 C	-1.54916465 24.71492336 3.40000000
 C	21.91765841 24.71670568 3.40000000
 C	-2.96747408 24.78934002 3.40000000
 C	20.49929483 24.79103896 3.40000000
 C	-5.80421026 24.93783463 3.40000000
 C	17.66272109 24.93978371 3.40000000
 C	41.12949902 24.94165461 3.40000000
 C	-7.22257384 25.01216791 3.40000000
 C	16.24435751 25.01411699 3.40000000
 C	39.71112642 25.01581593 3.40000000
 C	-10.05914757 25.16091266 3.40000000
 C	13.40763035 25.16278356 3.40000000
 C	36.87450154 25.16453462 3.40000000
 C	-11.47751115 25.23524594 3.40000000
 C	11.98941119 25.23702306 3.40000000
 C	35.45618910 25.23889397 3.40000000
 C	-14.31413603 25.38396464 3.40000000
 C	9.15268402 25.38568963 3.40000000
 C	32.61946194 25.38756053 3.40000000
 C	-15.73245748 25.45815201 3.40000000
 C	7.73432044 25.46002292 3.40000000
 C	31.20109836 25.46189382 3.40000000
 C	-18.56918464 25.60681859 3.40000000
 C	4.89774671 25.60876766 3.40000000
 C	28.36452162 25.61058125 3.40000000
 C	-19.98754823 25.68115188 3.40000000
 C	3.47938312 25.68310096 3.40000000
 C	26.94616104 25.68497186 3.40000000
 C	-22.82412196 25.82989662 3.40000000
 C	0.64265295 25.83171021 3.40000000
 C	24.10952715 25.83351858 3.40000000
 C	-24.24248554 25.90422991 3.40000000
 C	-0.77555419 25.90617899 3.40000000
 C	22.69121472 25.90787792 3.40000000
 C	-3.61229037 26.05467360 3.40000000
 C	19.85448755 26.05654450 3.40000000
 C	-5.03065395 26.12900688 3.40000000
 C	18.43612397 26.13087778 3.40000000
 C	-7.86722768 26.27775163 3.40000000
 C	15.59955024 26.27962253 3.40000000
 C	39.06631914 26.28132147 3.40000000
 C	-9.28559126 26.35208491 3.40000000
 C	14.18117764 26.35378385 3.40000000
 C	37.64810899 26.35573293 3.40000000
 C	-12.12231843 26.50075148 3.40000000
 C	11.34455277 26.50250254 3.40000000
 C	34.81138183 26.50439950 3.40000000
 C	-13.54053759 26.57499098 3.40000000
 C	9.92624032 26.57686189 3.40000000
 C	33.39301824 26.57873279 3.40000000
 C	-16.37726476 26.72365755 3.40000000
 C	7.08951316 26.72552845 3.40000000
 C	30.55644151 26.72742022 3.40000000
 C	-17.79562834 26.79799084 3.40000000
 C	5.67114958 26.79986174 3.40000000
 C	29.13808093 26.80181082 3.40000000
 C	-20.63220207 26.94673558 3.40000000
 C	2.83457284 26.94854917 3.40000000
 C	26.30134475 26.95030543 3.40000000
 C	-22.05056566 27.02106887 3.40000000
 C	1.41621226 27.02293978 3.40000000
 C	24.88313460 27.02471689 3.40000000
 C	-1.42042163 27.17148650 3.40000000
 C	22.04640744 27.17338346 3.40000000
 C	-2.83873406 27.24584584 3.40000000
 C	20.62804386 27.24771675 3.40000000
 C	-5.67546123 27.39451242 3.40000000
 C	17.79147012 27.39646150 3.40000000
 C	41.25823903 27.39816043 3.40000000
 C	-7.09382481 27.46884570 3.40000000
 C	16.37309753 27.47062281 3.40000000
 C	39.83987545 27.47249372 3.40000000
 C	-9.93039854 27.61759045 3.40000000
 C	13.53637037 27.61928939 3.40000000
 C	37.00325057 27.62121241 3.40000000
 C	-11.34877114 27.69175177 3.40000000
 C	12.11816021 27.69370085 3.40000000
 C	35.58493813 27.69557176 3.40000000
 C	-14.18539601 27.84047046 3.40000000
 C	9.28143305 27.84236742 3.40000000
 C	32.74820796 27.84418101 3.40000000
 C	-15.60370845 27.91482981 3.40000000
 C	7.86306947 27.91670071 3.40000000
 C	31.32984739 27.91857161 3.40000000
 C	-18.44043562 28.06349637 3.40000000
 C	5.02649273 28.06538814 3.40000000
 C	28.49326464 28.06714440 3.40000000
 C	-19.85879920 28.13782966 3.40000000
 C	3.60813215 28.13977874 3.40000000
 C	27.07490106 28.14147768 3.40000000
 C	-22.69537594 28.28651709 3.40000000
 C	0.77139597 28.28827335 3.40000000
 C	24.23827618 28.29019637 3.40000000
 C	-24.11373652 28.36090770 3.40000000
 C	-0.64681418 28.36268481 3.40000000
 C	22.81996374 28.36455571 3.40000000
 C	-3.48354134 28.51135138 3.40000000
 C	19.98323658 28.51322228 3.40000000
 C	-4.90190492 28.58568466 3.40000000
 C	18.56486399 28.58738360 3.40000000
 C	-7.73847866 28.73442942 3.40000000
 C	15.72829025 28.73612835 3.40000000
 C	39.19506817 28.73799925 3.40000000
 C	-9.15685125 28.80859073 3.40000000
 C	14.30992667 28.81046164 3.40000000
 C	37.77685802 28.81241072 3.40000000
 C	-11.99357841 28.95725731 3.40000000
 C	11.47330179 28.95918033 3.40000000
 C	34.94012785 28.96101997 3.40000000
 C	-13.41178857 29.03166877 3.40000000
 C	10.05498935 29.03353968 3.40000000
 C	33.52176727 29.03541058 3.40000000
 C	-16.24851573 29.18033534 3.40000000
 C	7.21825918 29.18214893 3.40000000
 C	30.68518453 29.18398336 3.40000000
 C	-17.66687931 29.25466863 3.40000000
 C	5.79989861 29.25653953 3.40000000
 C	29.26682095 29.25831664 3.40000000
 C	-20.50345605 29.40335606 3.40000000
 C	2.96331586 29.40511232 3.40000000
 C	26.43009378 29.40698322 3.40000000
 C	-21.92181663 29.47774666 3.40000000
 C	1.54495228 29.47944560 3.40000000
 C	25.01188363 29.48139468 3.40000000
 C	-1.29167260 29.62816429 3.40000000
 C	22.17515647 29.63006125 3.40000000
 C	-2.70998503 29.70252363 3.40000000
 C	20.75678387 29.70422257 3.40000000
 C	-5.54671220 29.85119020 3.40000000
 C	17.92021014 29.85296732 3.40000000
 C	41.38698806 29.85483822 3.40000000
 C	-6.96508479 29.92535152 3.40000000
 C	16.50184655 29.92730061 3.40000000
 C	39.96862447 29.92917151 3.40000000
 C	-9.80165853 30.07409627 3.40000000
 C	13.66511939 30.07596717 3.40000000
 C	37.13199659 30.07783288 3.40000000
 C	-11.22002211 30.14842956 3.40000000
 C	12.24690924 30.15037864 3.40000000
 C	35.71368716 30.15224954 3.40000000
 C	-14.05664699 30.29714824 3.40000000
 C	9.41017907 30.29898789 3.40000000
 C	32.87695098 30.30074415 3.40000000
 C	-15.47495943 30.37150759 3.40000000
 C	7.99181849 30.37337850 3.40000000
 C	31.45858740 30.37507743 3.40000000
 C	-18.31168960 30.52011685 3.40000000
 C	5.15523575 30.52195128 3.40000000
 C	28.62201367 30.52382218 3.40000000
 C	-19.73005017 30.59450745 3.40000000
 C	3.73687217 30.59628456 3.40000000
 C	27.20365009 30.59815547 3.40000000
 C	-22.56663292 30.74308024 3.40000000
 C	0.90014500 30.74495114 3.40000000
 C	24.36702521 30.74687416 3.40000000
 C	-23.98499650 30.81741352 3.40000000
 C	-0.51806515 30.81936260 3.40000000
 C	22.94870376 30.82106153 3.40000000
 C	-3.35479231 30.96802917 3.40000000
 C	20.11197659 30.96972811 3.40000000
 C	-4.77316491 31.04219049 3.40000000
 C	18.69361301 31.04406140 3.40000000
 C	-7.60973864 31.19093524 3.40000000
 C	15.85703928 31.19280614 3.40000000
 C	39.32381419 31.19461973 3.40000000
 C	-9.02810223 31.26526853 3.40000000
 C	14.43867570 31.26713943 3.40000000
 C	37.90560705 31.26908851 3.40000000
 C	-11.86482939 31.41393509 3.40000000
 C	11.60204781 31.41580080 3.40000000
 C	35.06887087 31.41758312 3.40000000
 C	-13.28303954 31.48834656 3.40000000
 C	10.18373838 31.49021746 3.40000000
 C	33.65050729 31.49191640 3.40000000
 C	-16.11976971 31.63695581 3.40000000
 C	7.34700220 31.63871207 3.40000000
 C	30.81393355 31.64066115 3.40000000
 C	-17.53813029 31.71134642 3.40000000
 C	5.92863862 31.71304535 3.40000000
 C	29.39556997 31.71499443 3.40000000
 C	-20.37471303 31.85991920 3.40000000
 C	3.09206489 31.86179010 3.40000000
 C	26.55884281 31.86366100 3.40000000
 C	-21.79307661 31.93425248 3.40000000
 C	1.67370131 31.93612338 3.40000000
 C	25.14062365 31.93790050 3.40000000
 C	-1.16292357 32.08484208 3.40000000
 C	22.30389648 32.08656707 3.40000000
 C	-2.58124502 32.15902945 3.40000000
 C	20.88553290 32.16090036 3.40000000
 C	-5.41797218 32.30769603 3.40000000
 C	18.04895917 32.30964510 3.40000000
 C	41.51573408 32.31145869 3.40000000
 C	-6.83633577 32.38202932 3.40000000
 C	16.63059558 32.38397840 3.40000000
 C	40.09737350 32.38584930 3.40000000
 C	-9.67290950 32.53077406 3.40000000
 C	13.79386541 32.53258765 3.40000000
 C	37.26073961 32.53439602 3.40000000
 C	-11.09127308 32.60510735 3.40000000
 C	12.37565827 32.60705643 3.40000000
 C	35.84242718 32.60875536 3.40000000
 C	-13.92790097 32.75376872 3.40000000
 C	9.53892209 32.75555104 3.40000000
 C	33.00570001 32.75742194 3.40000000
 C	-15.34621040 32.82818538 3.40000000
 C	8.12055851 32.82988432 3.40000000
 C	31.58733643 32.83175522 3.40000000
 C	-18.18294658 32.97667999 3.40000000
 C	5.28398478 32.97862907 3.40000000
 C	28.75076270 32.98049997 3.40000000
 C	-19.60131016 33.05101327 3.40000000
 C	3.86562119 33.05296235 3.40000000
 C	27.33239010 33.05466129 3.40000000
 C	-22.43788389 33.19975802 3.40000000
 C	1.02889403 33.20162892 3.40000000
 C	24.49576523 33.20337998 3.40000000
 C	-0.38932513 33.27586842 3.40000000
 C	23.07745278 33.27773933 3.40000000
 C	-3.22605230 33.42453499 3.40000000
 C	20.24072562 33.42640589 3.40000000
 C	-4.64441588 33.49886828 3.40000000
 C	18.82236204 33.50073918 3.40000000
 C	-7.48098961 33.64761302 3.40000000
 C	15.98578530 33.64942661 3.40000000
 C	39.45255721 33.65118287 3.40000000
 C	-8.89935320 33.72194631 3.40000000
 C	14.56742472 33.72381722 3.40000000
 C	38.03434706 33.72559433 3.40000000
 C	-11.73608337 33.87055557 3.40000000
 C	11.73079083 33.87236394 3.40000000
 C	35.19761990 33.87426090 3.40000000
 C	-13.15429051 33.94502435 3.40000000
 C	10.31247840 33.94672328 3.40000000
 C	33.77925632 33.94859419 3.40000000
 C	-15.99102669 34.09351896 3.40000000
 C	7.47575123 34.09538986 3.40000000
 C	30.94268258 34.09733894 3.40000000
 C	-17.40939027 34.16785224 3.40000000
 C	6.05738765 34.16972314 3.40000000
 C	29.52430999 34.17150025 3.40000000
 C	-20.24596400 34.31659699 3.40000000
 C	3.22081392 34.31846789 3.40000000
 C	26.68758282 34.32016683 3.40000000
 C	1.80244132 34.39262921 3.40000000
 C	25.26937267 34.39457829 3.40000000
 C	-1.03418355 34.54134790 3.40000000
 C	22.43264551 34.54324486 3.40000000
 C	-2.45249600 34.61570725 3.40000000
 C	21.01428192 34.61757815 3.40000000
 C	-5.28922316 34.76437381 3.40000000
 C	18.17770519 34.76626558 3.40000000
 C	41.64447710 34.76802184 3.40000000
 C	-6.70758674 34.83870710 3.40000000
 C	16.75934461 34.84065618 3.40000000
 C	40.22611352 34.84235512 3.40000000
 C	-9.54416348 34.98739453 3.40000000
 C	13.92260843 34.98915079 3.40000000
 C	37.38948864 34.99107381 3.40000000
 C	-10.96252406 35.06178514 3.40000000
 C	12.50439828 35.06356225 3.40000000
 C	35.97117620 35.06543315 3.40000000
 C	-13.79915795 35.21033186 3.40000000
 C	9.66767112 35.21222882 3.40000000
 C	33.13444904 35.21409972 3.40000000
 C	-15.21747038 35.28469120 3.40000000
 C	8.24930754 35.28656210 3.40000000
 C	31.71607645 35.28826104 3.40000000
 C	-18.05419755 35.43335778 3.40000000
 C	5.41273380 35.43530685 3.40000000
 C	28.87950271 35.43700579 3.40000000
 C	3.99436121 35.50946817 3.40000000
 C	27.46113913 35.51133908 3.40000000
 C	1.15763405 35.65813475 3.40000000
 C	24.62451425 35.66005777 3.40000000
 C	-0.26057611 35.73254621 3.40000000
 C	23.20620181 35.73441712 3.40000000
 C	-3.09730327 35.88121278 3.40000000
 C	20.36947164 35.88302637 3.40000000
 C	-4.51566685 35.95554607 3.40000000
 C	18.95111107 35.95741697 3.40000000
 C	-7.35224359 36.10423350 3.40000000
 C	16.11452832 36.10598976 3.40000000
 C	39.58130624 36.10786066 3.40000000
 C	-8.77060417 36.17862410 3.40000000
 C	14.69616474 36.18032304 3.40000000
 C	38.16309609 36.18227212 3.40000000
 C	-11.60734035 36.32711871 3.40000000
 C	11.85953986 36.32904173 3.40000000
 C	35.32636893 36.33093869 3.40000000
 C	-13.02555050 36.40153017 3.40000000
 C	10.44122742 36.40340107 3.40000000
 C	33.90799633 36.40510001 3.40000000
 C	-15.86227766 36.55019674 3.40000000
 C	7.60450026 36.55206764 3.40000000
 C	31.07142260 36.55384476 3.40000000
 C	6.18612767 36.62622896 3.40000000
 C	29.65305901 36.62817805 3.40000000
 C	3.34955393 36.77497371 3.40000000
 C	26.81633185 36.77684461 3.40000000
 C	1.93119035 36.84930700 3.40000000
 C	25.39812170 36.85125608 3.40000000
 C	-0.90543453 36.99802568 3.40000000
 C	22.56139153 36.99986533 3.40000000
 C	-2.32374697 37.07238503 3.40000000
 C	21.14303095 37.07425594 3.40000000
 C	-5.16047714 37.22099429 3.40000000
 C	18.30644821 37.22282872 3.40000000
 C	41.77322613 37.22469962 3.40000000
 C	-6.57883771 37.29538489 3.40000000
 C	16.88808463 37.29716200 3.40000000
 C	40.35486255 37.29903291 3.40000000
 C	-9.41542046 37.44395768 3.40000000
 C	14.05135746 37.44582858 3.40000000
 C	37.51823767 37.44775160 3.40000000
 C	-10.83378404 37.51829096 3.40000000
 C	12.63314731 37.52024004 3.40000000
 C	36.09991622 37.52193897 3.40000000
 C	-13.67040892 37.66700965 3.40000000
 C	9.79642015 37.66890661 3.40000000
 C	33.26318905 37.67060555 3.40000000
 C	8.37804755 37.74306793 3.40000000
 C	31.84482547 37.74493884 3.40000000
 C	5.54147382 37.89181268 3.40000000
 C	29.00825174 37.89368358 3.40000000
 C	4.12311023 37.96614597 3.40000000
 C	27.58988815 37.96801687 3.40000000
 C	1.28638307 38.11481253 3.40000000
 C	24.75326027 38.11667824 3.40000000
 C	-0.13182708 38.18922400 3.40000000
 C	23.33495084 38.19109490 3.40000000
 C	-2.96855725 38.33783325 3.40000000
 C	20.49821466 38.33958951 3.40000000
 C	-4.38691783 38.41222386 3.40000000
 C	19.07985108 38.41392279 3.40000000
 C	-7.22350057 38.56079664 3.40000000
 C	16.24327735 38.56266754 3.40000000
 C	39.71005527 38.56453844 3.40000000
 C	-8.64186415 38.63512992 3.40000000
 C	14.82491377 38.63700082 3.40000000
 C	38.29183611 38.63877794 3.40000000
 C	-11.47859132 38.78379650 3.40000000
 C	11.98828889 38.78571952 3.40000000
 C	35.45510894 38.78744451 3.40000000
 C	10.56996744 38.85990689 3.40000000
 C	34.03674536 38.86177780 3.40000000
 C	7.73324028 39.00857347 3.40000000
 C	31.20017163 39.01052254 3.40000000
 C	6.31487669 39.08290676 3.40000000
 C	29.78180804 39.08485584 3.40000000
 C	3.47830296 39.23165150 3.40000000
 C	26.94507787 39.23346509 3.40000000
 C	2.05993938 39.30598479 3.40000000
 C	25.52687073 39.30793387 3.40000000
 C	-0.77668851 39.45464616 3.40000000
 C	22.69013455 39.45642848 3.40000000
 C	-2.19499794 39.52906282 3.40000000
 C	21.27177097 39.53076176 3.40000000
 C	-5.03173412 39.67755743 3.40000000
 C	18.43519723 39.67950651 3.40000000
 C	41.90197515 39.68137741 3.40000000
 C	-6.45009770 39.75189071 3.40000000
 C	17.01683365 39.75383979 3.40000000
 C	40.48360256 39.75553873 3.40000000
 C	-9.28667143 39.90063546 3.40000000
 C	14.18010649 39.90250636 3.40000000
 C	37.64697768 39.90425742 3.40000000
 C	12.76188733 39.97674586 3.40000000
 C	36.22866524 39.97861677 3.40000000
 C	9.92516016 40.12541243 3.40000000
 C	33.39193808 40.12728333 3.40000000
 C	8.50679658 40.19974572 3.40000000
 C	31.97357450 40.20161662 3.40000000
 C	5.67022285 40.34849046 3.40000000
 C	29.13699776 40.35030405 3.40000000
 C	4.25185926 40.42282375 3.40000000
 C	27.71863718 40.42469466 3.40000000
 C	1.41512909 40.57143301 3.40000000
 C	24.88200329 40.57324138 3.40000000
 C	-0.00307805 40.64590179 3.40000000
 C	23.46369086 40.64760072 3.40000000
 C	-2.83981423 40.79439640 3.40000000
 C	20.62696369 40.79626730 3.40000000
 C	-4.25817781 40.86872968 3.40000000
 C	19.20860011 40.87060058 3.40000000
 C	-7.09475154 41.01747443 3.40000000
 C	16.37202638 41.01934533 3.40000000
 C	39.83879528 41.02104427 3.40000000
 C	14.95365378 41.09350665 3.40000000
 C	38.42058513 41.09545573 3.40000000
 C	12.11702891 41.24222534 3.40000000
 C	35.58385797 41.24412230 3.40000000
 C	10.69871646 41.31658469 3.40000000
 C	34.16549438 41.31845559 3.40000000
 C	7.86198930 41.46525125 3.40000000
 C	31.32891765 41.46714302 3.40000000
 C	6.44362572 41.53958454 3.40000000
 C	29.91055707 41.54153362 3.40000000
 C	3.60704898 41.68827197 3.40000000
 C	27.07382089 41.69002823 3.40000000
 C	2.18868840 41.76266258 3.40000000
 C	25.65561074 41.76443969 3.40000000
 C	-0.64794549 41.91120930 3.40000000
 C	22.81888358 41.91310626 3.40000000
 C	-2.06625792 41.98556864 3.40000000
 C	21.40052000 41.98743954 3.40000000
 C	-4.90298509 42.13423522 3.40000000
 C	18.56394626 42.13618429 3.40000000
 C	42.03071517 42.13788323 3.40000000
 C	17.14557367 42.21034561 3.40000000
 C	40.61235159 42.21221652 3.40000000
 C	14.30884650 42.35901219 3.40000000
 C	37.77572671 42.36093520 3.40000000
 C	12.89063635 42.43342365 3.40000000
 C	36.35741427 42.43529455 3.40000000
 C	10.05390919 42.58209022 3.40000000
 C	33.52068410 42.58390381 3.40000000
 C	8.63554561 42.65642351 3.40000000
 C	32.10232353 42.65829441 3.40000000
 C	5.79896887 42.80511094 3.40000000
 C	29.26574078 42.80686720 3.40000000
 C	4.38060829 42.87950154 3.40000000
 C	27.84737720 42.88120048 3.40000000
 C	1.54387211 43.02799615 3.40000000
 C	25.01075232 43.02991917 3.40000000
 C	0.12566196 43.10240761 3.40000000
 C	23.59243988 43.10427851 3.40000000
 C	-2.71106520 43.25107418 3.40000000
 C	20.75571272 43.25294508 3.40000000
 C	19.33734013 43.32710640 3.40000000
 C	16.50076639 43.47585115 3.40000000
 C	39.96754431 43.47772205 3.40000000
 C	15.08240281 43.55018444 3.40000000
 C	38.54933416 43.55213352 3.40000000
 C	12.24577793 43.69890312 3.40000000
 C	35.71260399 43.70074277 3.40000000
 C	10.82746549 43.77326247 3.40000000
 C	34.29424341 43.77513338 3.40000000
 C	7.99073532 43.92187173 3.40000000
 C	31.45766067 43.92370616 3.40000000
 C	6.57237475 43.99626233 3.40000000
 C	30.03929709 43.99803944 3.40000000
 C	3.73579200 44.14483512 3.40000000
 C	27.20256992 44.14670602 3.40000000
 C	2.31742842 44.21916840 3.40000000
 C	25.78435977 44.22111748 3.40000000
 C	-0.51919646 44.36788709 3.40000000
 C	22.94763261 44.36978405 3.40000000
 C	21.52926001 44.44394537 3.40000000
 C	18.69268628 44.59269012 3.40000000
 C	42.15946420 44.59456102 3.40000000
 C	17.27432269 44.66702341 3.40000000
 C	40.74110061 44.66889431 3.40000000
 C	14.43759553 44.81568997 3.40000000
 C	37.90447273 44.81755568 3.40000000
 C	13.01938538 44.89010144 3.40000000
 C	36.48616330 44.89197234 3.40000000
 C	10.18265521 45.03871069 3.40000000
 C	33.64942712 45.04046695 3.40000000
 C	8.76429463 45.11310130 3.40000000
 C	32.23106354 45.11480023 3.40000000
 C	5.92771189 45.26167408 3.40000000
 C	29.39448981 45.26354498 3.40000000
 C	4.50934831 45.33600736 3.40000000
 C	27.97612623 45.33787826 3.40000000
 C	1.67262114 45.48467394 3.40000000
 C	25.13950135 45.48659696 3.40000000
 C	23.72117990 45.56078433 3.40000000
 C	20.88445273 45.70945091 3.40000000
 C	19.46608915 45.78378420 3.40000000
 C	16.62951542 45.93252894 3.40000000
 C	40.09629033 45.93434253 3.40000000
 C	15.21115183 46.00686223 3.40000000
 C	38.67808319 46.00881131 3.40000000
 C	12.37452395 46.15552360 3.40000000
 C	35.84134701 46.15730592 3.40000000
 C	10.95621452 46.22994026 3.40000000
 C	34.42298343 46.23163920 3.40000000
 C	8.11947834 46.37843487 3.40000000
 C	31.58640969 46.38038395 3.40000000
 C	6.70111476 46.45276815 3.40000000
 C	30.16804611 46.45471723 3.40000000
 C	3.86454103 46.60151290 3.40000000
 C	27.33131895 46.60338380 3.40000000
 C	25.91309979 46.67762330 3.40000000
 C	23.07637262 46.82628987 3.40000000
 C	21.65800904 46.90062316 3.40000000
 C	18.82143531 47.04936790 3.40000000
 C	42.28821022 47.05118149 3.40000000
 C	17.40307172 47.12370119 3.40000000
 C	40.86984964 47.12557210 3.40000000
 C	14.56634155 47.27231045 3.40000000
 C	38.03321575 47.27411882 3.40000000
 C	13.14813441 47.34677923 3.40000000
 C	36.61490332 47.34847816 3.40000000
 C	10.31139823 47.49527384 3.40000000
 C	33.77817615 47.49714474 3.40000000
 C	8.89303465 47.56960712 3.40000000
 C	32.35981257 47.57147802 3.40000000
 C	6.05646092 47.71835187 3.40000000
 C	29.52323884 47.72022277 3.40000000
 C	28.10486624 47.79438409 3.40000000
 C	25.26824136 47.94310278 3.40000000
 C	23.84992892 48.01746213 3.40000000
 C	21.01320176 48.16612869 3.40000000
 C	19.59483818 48.24046198 3.40000000
 C	16.75826144 48.38914941 3.40000000
 C	40.22503335 48.39090567 3.40000000
 C	15.33990086 48.46354002 3.40000000
 C	38.80682320 48.46531713 3.40000000
 C	12.50326697 48.61208674 3.40000000
 C	35.97009604 48.61398370 3.40000000
 C	11.08495454 48.68644608 3.40000000
 C	34.55173246 48.68831698 3.40000000
 C	8.24822737 48.83511266 3.40000000
 C	31.71515872 48.83706173 3.40000000
 C	30.29678613 48.91122305 3.40000000
 C	27.46005896 49.05988963 3.40000000
 C	26.04184881 49.13430109 3.40000000
 C	23.20512165 49.28296766 3.40000000
 C	21.78675806 49.35730095 3.40000000
 C	18.95018133 49.50598838 3.40000000
 C	42.41695324 49.50774464 3.40000000
 C	17.53182075 49.58037898 3.40000000
 C	40.99858966 49.58207792 3.40000000
 C	14.69508457 49.72887359 3.40000000
 C	38.16196478 49.73079661 3.40000000
 C	13.27687442 49.80328505 3.40000000
 C	36.74365234 49.80515595 3.40000000
 C	10.44014726 49.95195162 3.40000000
 C	33.90692518 49.95382252 3.40000000
 C	32.48855259 50.02798384 3.40000000
 C	29.65197885 50.17672859 3.40000000
 C	28.23361527 50.25106188 3.40000000
 C	25.39699039 50.39978056 3.40000000
 C	23.97867795 50.47413991 3.40000000
 C	21.14194778 50.62274917 3.40000000
 C	19.72358721 50.69713977 3.40000000
 C	16.88700446 50.84571256 3.40000000
 C	40.35378238 50.84758346 3.40000000
 C	15.46864088 50.92004584 3.40000000
 C	38.93557223 50.92199492 3.40000000
 C	12.63201600 51.06876453 3.40000000
 C	36.09884507 51.07066149 3.40000000
 C	34.68047247 51.14482281 3.40000000
 C	31.84389874 51.29356756 3.40000000
 C	30.42553515 51.36790085 3.40000000
 C	27.58880799 51.51656741 3.40000000
 C	26.17059784 51.59097888 3.40000000
 C	23.33386767 51.73958813 3.40000000
 C	21.91550709 51.81397874 3.40000000
 C	19.07892435 51.96255152 3.40000000
 C	42.54570227 51.96442242 3.40000000
 C	17.66056077 52.03688480 3.40000000
 C	41.12733869 52.03875570 3.40000000
 C	14.82383360 52.18555138 3.40000000
 C	38.29071381 52.18747440 3.40000000
 C	36.87239236 52.26166177 3.40000000
 C	34.03566519 52.41032835 3.40000000
 C	32.61730161 52.48466164 3.40000000
 C	29.78072788 52.63340638 3.40000000
 C	28.36236429 52.70773967 3.40000000
 C	25.52573641 52.85640104 3.40000000
 C	24.10742698 52.93081770 3.40000000
 C	21.27069080 53.07931231 3.40000000
 C	19.85232722 53.15364559 3.40000000
 C	17.01575349 53.30239034 3.40000000
 C	40.48253141 53.30426124 3.40000000
 C	39.06431225 53.37850074 3.40000000
 C	36.22758508 53.52716731 3.40000000
 C	34.80922150 53.60150060 3.40000000
 C	31.97264777 53.75024534 3.40000000
 C	30.55428418 53.82457863 3.40000000
 C	27.71755401 53.97318789 3.40000000
 C	26.29934687 54.04765667 3.40000000
 C	23.46261069 54.19615128 3.40000000
 C	22.04424711 54.27048456 3.40000000
 C	19.20767337 54.41922931 3.40000000
 C	42.67445129 54.42110021 3.40000000
 C	41.25607870 54.49526153 3.40000000
 C	38.41945382 54.64398022 3.40000000
 C	37.00114138 54.71833957 3.40000000
 C	34.16441422 54.86700613 3.40000000
 C	32.74605064 54.94133942 3.40000000
 C	29.90947390 55.09002685 3.40000000
 C	28.49111332 55.16441745 3.40000000
 C	25.65447943 55.31296418 3.40000000
 C	24.23616700 55.38732352 3.40000000
 C	21.39943983 55.53599010 3.40000000
 C	40.61127142 55.76076707 3.40000000
 C	39.19306127 55.83517853 3.40000000
 C	36.35633411 55.98384510 3.40000000
 C	34.93797052 56.05817839 3.40000000
 C	32.10139379 56.20686582 3.40000000
 C	30.68303321 56.28125642 3.40000000
 C	27.84629703 56.42975103 3.40000000
 C	26.42808688 56.50416249 3.40000000
 C	23.59135972 56.65282906 3.40000000
 C	42.80319131 56.87760603 3.40000000
 C	41.38482773 56.95193932 3.40000000
 C	38.54820285 57.10065800 3.40000000
 C	37.12989041 57.17501735 3.40000000
 C	34.29316024 57.32362661 3.40000000
 C	32.87479967 57.39801721 3.40000000
 C	30.03821692 57.54659000 3.40000000
 C	28.61985334 57.62092328 3.40000000
 C	25.78322846 57.76964197 3.40000000
 C	40.74002045 58.21744485 3.40000000
 C	39.32181030 58.29185632 3.40000000
 C	36.48508013 58.44046557 3.40000000
 C	35.06671955 58.51485617 3.40000000
 C	32.23013681 58.66342896 3.40000000
 C	30.81177323 58.73776224 3.40000000
 C	27.97504606 58.88642882 3.40000000
 C	42.93194034 59.33428382 3.40000000
 C	41.51357675 59.40861711 3.40000000
 C	38.67694887 59.55727848 3.40000000
 C	37.25863944 59.63169514 3.40000000
 C	34.42190326 59.78018975 3.40000000
 C	33.00353968 59.85452303 3.40000000
 C	30.16696595 60.00326778 3.40000000
 C	40.86876647 60.67406533 3.40000000
 C	39.45055933 60.74853411 3.40000000
 C	36.61382315 60.89702871 3.40000000
 C	35.19545957 60.97136200 3.40000000
 C	32.35888583 61.12010675 3.40000000
 C	43.06068636 61.79090429 3.40000000
 C	41.64232578 61.86529489 3.40000000
 C	38.80569189 62.01384162 3.40000000
 C	37.38737946 62.08820096 3.40000000
 C	34.55065229 62.23686754 3.40000000
 C	40.99750949 63.13062847 3.40000000
 C	39.57929934 63.20503993 3.40000000
 C	36.74257218 63.35370650 3.40000000
 C	43.18942938 64.24746743 3.40000000
 C	41.77106580 64.32180072 3.40000000
 C	38.93444092 64.47051941 3.40000000
 C	41.12625852 65.58730626 3.40000000
 C	43.31817841 66.70414522 3.40000000
