 C	-37.99697219 -34.21262743 3.40000000
 C	-35.59068097 -33.70115444 3.40000000
 C	-33.18455818 -33.18971725 3.40000000
 C	-30.77826696 -32.67824427 3.40000000
 C	-35.88598004 -32.31188155 3.40000000
 C	-28.37197574 -32.16677128 3.40000000
 C	-37.23677518 -31.87298161 3.40000000
 C	-33.47968881 -31.80040856 3.40000000
 C	-25.96568451 -31.65529829 3.40000000
 C	-34.83048396 -31.36150862 3.40000000
 C	-31.07356603 -31.28897138 3.40000000
 C	-23.55956173 -31.14386110 3.40000000
 C	-32.42436117 -30.85007143 3.40000000
 C	-28.66727481 -30.77749839 3.40000000
 C	-21.15327051 -30.63238811 3.40000000
 C	-30.01806995 -30.33859844 3.40000000
 C	-26.26103973 -30.26603733 3.40000000
 C	-18.74714772 -30.12095093 3.40000000
 C	-35.12578303 -29.97223573 3.40000000
 C	-27.61177873 -29.82712546 3.40000000
 C	-23.85486080 -29.75458821 3.40000000
 C	-16.34085650 -29.60947794 3.40000000
 C	-36.47663138 -29.53349956 3.40000000
 C	-32.71949180 -29.46076274 3.40000000
 C	-25.20548750 -29.31565247 3.40000000
 C	-21.44856957 -29.24311523 3.40000000
 C	-13.93456528 -29.09800495 3.40000000
 C	-34.07034016 -29.02202657 3.40000000
 C	-30.31336902 -28.94932556 3.40000000
 C	-22.79936472 -28.80421528 3.40000000
 C	-19.04227835 -28.73164224 3.40000000
 C	-11.52827405 -28.58653196 3.40000000
 C	-31.66421738 -28.51058939 3.40000000
 C	-27.90707780 -28.43785257 3.40000000
 C	-20.39307350 -28.29274229 3.40000000
 C	-16.63615557 -28.22020505 3.40000000
 C	-9.12215127 -28.07509477 3.40000000
 C	-29.25792615 -27.99911640 3.40000000
 C	-25.50084272 -27.92639151 3.40000000
 C	-17.98695071 -27.78130511 3.40000000
 C	-14.22986434 -27.70873206 3.40000000
 C	-34.36563923 -27.63275368 3.40000000
 C	-6.71586004 -27.56362179 3.40000000
 C	-26.85163493 -27.48764341 3.40000000
 C	-23.09466379 -27.41494239 3.40000000
 C	-15.58065949 -27.26983212 3.40000000
 C	-11.82362927 -27.19727101 3.40000000
 C	-35.71643438 -27.19385373 3.40000000
 C	-31.95934801 -27.12128070 3.40000000
 C	-4.30973726 -27.05218460 3.40000000
 C	-24.44534371 -26.97617042 3.40000000
 C	-20.68837256 -26.90346941 3.40000000
 C	-13.17436827 -26.75835913 3.40000000
 C	-9.41745034 -26.68582189 3.40000000
 C	-33.31014315 -26.68238074 3.40000000
 C	-29.55322522 -26.60984351 3.40000000
 C	-1.90344604 -26.54071161 3.40000000
 C	-22.03922092 -26.46473323 3.40000000
 C	-18.28208134 -26.39199642 3.40000000
 C	-10.76807704 -26.24688614 3.40000000
 C	-7.01115911 -26.17434890 3.40000000
 C	-30.90402037 -26.17094356 3.40000000
 C	-27.14693400 -26.09837052 3.40000000
 C	0.50284519 -26.02923862 3.40000000
 C	-19.63292970 -25.95326024 3.40000000
 C	-15.87595856 -25.88055923 3.40000000
 C	-8.36195426 -25.73544895 3.40000000
 C	-4.60486789 -25.66287591 3.40000000
 C	-28.49772914 -25.65947057 3.40000000
 C	-24.74069892 -25.58690947 3.40000000
 C	2.90913641 -25.51776563 3.40000000
 C	-17.22680691 -25.44182306 3.40000000
 C	-13.46966733 -25.36908624 3.40000000
 C	-33.60544222 -25.29310786 3.40000000
 C	-5.95566303 -25.22397597 3.40000000
 C	-2.19874510 -25.15143872 3.40000000
 C	-26.09143792 -25.14799758 3.40000000
 C	-22.33451999 -25.07546035 3.40000000
 C	5.31525919 -25.00632845 3.40000000
 C	-14.82051569 -24.93035007 3.40000000
 C	-11.06343226 -24.85762519 3.40000000
 C	-34.95623737 -24.85420791 3.40000000
 C	-31.19915100 -24.78163488 3.40000000
 C	-3.54954025 -24.71253878 3.40000000
 C	0.20754612 -24.63996573 3.40000000
 C	-23.68514670 -24.63652459 3.40000000
 C	-19.92822877 -24.56398736 3.40000000
 C	7.72155042 -24.49485546 3.40000000
 C	-12.41422447 -24.41887708 3.40000000
 C	-8.65725333 -24.34617607 3.40000000
 C	-32.54994614 -24.34273492 3.40000000
 C	-28.79302821 -24.27019769 3.40000000
 C	-1.14324903 -24.20106579 3.40000000
 C	2.61378120 -24.12850468 3.40000000
 C	-21.27902391 -24.12508740 3.40000000
 C	-17.52193754 -24.05251437 3.40000000
 C	10.12767320 -23.98341827 3.40000000
 C	-10.00793325 -23.90740409 3.40000000
 C	-6.25096210 -23.83470308 3.40000000
 C	-30.14382336 -23.83129773 3.40000000
 C	-26.38673699 -23.75872470 3.40000000
 C	1.26304220 -23.68959280 3.40000000
 C	5.01996013 -23.61705556 3.40000000
 C	-18.87273269 -23.61361441 3.40000000
 C	-15.11581476 -23.54107718 3.40000000
 C	12.53396443 -23.47194528 3.40000000
 C	-7.60181046 -23.39596691 3.40000000
 C	-3.84467088 -23.32323009 3.40000000
 C	-27.73753213 -23.31982475 3.40000000
 C	-23.98050191 -23.24726365 3.40000000
 C	3.66933342 -23.17811981 3.40000000
 C	7.42625135 -23.10558257 3.40000000
 C	-16.46660991 -23.10217723 3.40000000
 C	-12.70952354 -23.02960419 3.40000000
 C	14.94025565 -22.96047229 3.40000000
 C	-32.84526295 -22.95351662 3.40000000
 C	-5.19551924 -22.88449392 3.40000000
 C	-1.43854809 -22.81179290 3.40000000
 C	-25.33124091 -22.80835176 3.40000000
 C	-21.57432298 -22.73581453 3.40000000
 C	6.07545620 -22.66668263 3.40000000
 C	9.83254257 -22.59410958 3.40000000
 C	-14.06031868 -22.59070424 3.40000000
 C	-10.30328846 -22.51814314 3.40000000
 C	-34.19604036 -22.51456209 3.40000000
 C	17.34654687 -22.44899931 3.40000000
 C	-30.43897173 -22.44204364 3.40000000
 C	-2.78939645 -22.37305673 3.40000000
 C	0.96774313 -22.30031991 3.40000000
 C	-22.92494969 -22.29687877 3.40000000
 C	-19.16803176 -22.22434154 3.40000000
 C	8.48174743 -22.15520964 3.40000000
 C	12.23866536 -22.08267240 3.40000000
 C	-11.65402746 -22.07923125 3.40000000
 C	-7.89710953 -22.00669402 3.40000000
 C	-31.78974913 -22.00308910 3.40000000
 C	19.75266966 -21.93756212 3.40000000
 C	-28.03284894 -21.93060645 3.40000000
 C	-0.38310523 -21.86158374 3.40000000
 C	3.37397821 -21.78885886 3.40000000
 C	-20.51882690 -21.78544158 3.40000000
 C	-16.76174053 -21.71286855 3.40000000
 C	10.88787021 -21.64377245 3.40000000
 C	14.64495658 -21.57119941 3.40000000
 C	-9.24773624 -21.56775826 3.40000000
 C	-5.49081831 -21.49522103 3.40000000
 C	-29.38362635 -21.49165191 3.40000000
 C	22.15896088 -21.42608913 3.40000000
 C	-25.62655772 -21.41913346 3.40000000
 C	2.02318599 -21.35011075 3.40000000
 C	5.78015714 -21.27740974 3.40000000
 C	-18.11253568 -21.27396859 3.40000000
 C	-14.35561775 -21.20143136 3.40000000
 C	13.29416144 -21.13229946 3.40000000
 C	17.05119166 -21.05973835 3.40000000
 C	-6.84161345 -21.05632108 3.40000000
 C	-3.08452708 -20.98374804 3.40000000
 C	-26.97733512 -20.98017893 3.40000000
 C	24.56508366 -20.91465194 3.40000000
 C	-23.22032264 -20.90767241 3.40000000
 C	4.42947722 -20.83863777 3.40000000
 C	8.18644836 -20.76593675 3.40000000
 C	-15.70641289 -20.76253141 3.40000000
 C	-11.94932653 -20.68995837 3.40000000
 C	15.70045266 -20.62082647 3.40000000
 C	-32.08510141 -20.61397999 3.40000000
 C	19.45737059 -20.54828923 3.40000000
 C	-4.43532223 -20.54484809 3.40000000
 C	-0.67840430 -20.47231086 3.40000000
 C	-24.57104390 -20.46870594 3.40000000
 C	26.97137489 -20.40317896 3.40000000
 C	-20.81414371 -20.39622329 3.40000000
 C	6.83560000 -20.32720058 3.40000000
 C	10.59273958 -20.25446376 3.40000000
 C	-13.30012167 -20.25105842 3.40000000
 C	-9.54309145 -20.17849732 3.40000000
 C	-33.43589656 -20.17508004 3.40000000
 C	18.10674388 -20.10935349 3.40000000
 C	-29.67881019 -20.10250700 3.40000000
 C	21.86366181 -20.03681624 3.40000000
 C	-2.02919944 -20.03341090 3.40000000
 C	1.72788693 -19.96083787 3.40000000
 C	-22.16475268 -19.95723295 3.40000000
 C	29.37766611 -19.89170597 3.40000000
 C	-18.40785249 -19.88475030 3.40000000
 C	9.24189123 -19.81572759 3.40000000
 C	12.99886237 -19.74302658 3.40000000
 C	-10.89383045 -19.73958543 3.40000000
 C	-7.13691252 -19.66704820 3.40000000
 C	-31.02960533 -19.66360705 3.40000000
 C	20.51286667 -19.59791630 3.40000000
 C	-27.27268740 -19.59106981 3.40000000
 C	24.26995303 -19.52534326 3.40000000
 C	0.37709178 -19.52193791 3.40000000
 C	4.13412200 -19.44937681 3.40000000
 C	-19.75862989 -19.44579576 3.40000000
 C	31.78395733 -19.38023298 3.40000000
 C	-16.00156126 -19.37327731 3.40000000
 C	11.64801401 -19.30429040 3.40000000
 C	15.40515359 -19.23155359 3.40000000
 C	-8.48753923 -19.22811244 3.40000000
 C	-4.73062129 -19.15557521 3.40000000
 C	-28.62348255 -19.15216987 3.40000000
 C	22.91915789 -19.08644331 3.40000000
 C	-24.86639618 -19.07959682 3.40000000
 C	26.67607582 -19.01390607 3.40000000
 C	2.78338300 -19.01046492 3.40000000
 C	6.54030093 -18.93792769 3.40000000
 C	-17.35233867 -18.93432277 3.40000000
 C	34.19008012 -18.86879579 3.40000000
 C	-13.59543848 -18.86184012 3.40000000
 C	14.05430523 -18.79281742 3.40000000
 C	17.81138867 -18.72009253 3.40000000
 C	-6.08141644 -18.71667526 3.40000000
 C	-2.32433007 -18.64410222 3.40000000
 C	-26.21719133 -18.64069688 3.40000000
 C	25.32528068 -18.57500612 3.40000000
 C	-22.46016111 -18.56813577 3.40000000
 C	29.08236704 -18.50243308 3.40000000
 C	5.18967422 -18.49899193 3.40000000
 C	8.94659216 -18.42645470 3.40000000
 C	-14.94621588 -18.42288559 3.40000000
 C	-11.18914726 -18.35036713 3.40000000
 C	16.46059646 -18.28134443 3.40000000
 C	-31.32490440 -18.27433417 3.40000000
 C	20.21756760 -18.20864341 3.40000000
 C	-3.67512522 -18.20520227 3.40000000
 C	0.08179271 -18.13266503 3.40000000
 C	-23.81090010 -18.12922389 3.40000000
 C	27.73157190 -18.06353314 3.40000000
 C	-20.05398217 -18.05668665 3.40000000
 C	31.48860212 -17.99097203 3.40000000
 C	7.59579701 -17.98755475 3.40000000
 C	11.35288338 -17.91498171 3.40000000
 C	-12.53992466 -17.91141260 3.40000000
 C	-8.78291218 -17.83890608 3.40000000
 C	-32.67569955 -17.83543422 3.40000000
 C	18.86688768 -17.76987144 3.40000000
 C	-28.91861318 -17.76286118 3.40000000
 C	22.62385882 -17.69717042 3.40000000
 C	-1.26900243 -17.69376508 3.40000000
 C	2.48808394 -17.62119205 3.40000000
 C	-21.40460888 -17.61775090 3.40000000
 C	30.13786312 -17.55206015 3.40000000
 C	-17.64769095 -17.54521366 3.40000000
 C	33.89478105 -17.47952291 3.40000000
 C	10.00208823 -17.47608176 3.40000000
 C	13.75900617 -17.40354453 3.40000000
 C	-10.13363344 -17.39993961 3.40000000
 C	-6.37673325 -17.32745696 3.40000000
 C	-30.26940832 -17.32396123 3.40000000
 C	21.27301046 -17.25843425 3.40000000
 C	-26.51249039 -17.25142399 3.40000000
 C	25.03015004 -17.18569743 3.40000000
 C	1.13728879 -17.18229209 3.40000000
 C	4.89431901 -17.10973099 3.40000000
 C	-18.99848610 -17.10631371 3.40000000
 C	32.54415434 -17.04058716 3.40000000
 C	-15.24139973 -17.03374067 3.40000000
 C	36.30107227 -16.96804992 3.40000000
 C	12.40821102 -16.96464457 3.40000000
 C	16.16529739 -16.89207154 3.40000000
 C	-7.72734222 -16.88846662 3.40000000
 C	-3.97044202 -16.81598397 3.40000000
 C	-27.86328554 -16.81252405 3.40000000
 C	23.67930169 -16.74696126 3.40000000
 C	-24.10619917 -16.73995100 3.40000000
 C	27.43627283 -16.67426025 3.40000000
 C	3.54358001 -16.67081910 3.40000000
 C	7.30049794 -16.59828187 3.40000000
 C	-16.59219487 -16.59484073 3.40000000
 C	34.95027713 -16.52914997 3.40000000
 C	-12.83527694 -16.52230348 3.40000000
 C	14.81450224 -16.45317159 3.40000000
 C	18.57153246 -16.38061048 3.40000000
 C	-5.32121943 -16.37702944 3.40000000
 C	-1.56415080 -16.30451098 3.40000000
 C	-25.45699432 -16.30105106 3.40000000
 C	26.08542447 -16.23552408 3.40000000
 C	-21.69996410 -16.22848995 3.40000000
 C	29.84256405 -16.16278726 3.40000000
 C	5.94987123 -16.15934611 3.40000000
 C	9.70678917 -16.08680888 3.40000000
 C	-14.18607209 -16.08340354 3.40000000
 C	-10.42898572 -16.01083050 3.40000000
 C	17.22079346 -15.94169860 3.40000000
 C	-30.56470739 -15.93468835 3.40000000
 C	20.97771140 -15.86916136 3.40000000
 C	-2.91492821 -15.86555645 3.40000000
 C	0.84197198 -15.79307380 3.40000000
 C	-23.05070309 -15.78957807 3.40000000
 C	28.49171570 -15.72405109 3.40000000
 C	-19.29378516 -15.71704083 3.40000000
 C	32.24879913 -15.65132621 3.40000000
 C	8.35599402 -15.64790893 3.40000000
 C	12.11308039 -15.57533589 3.40000000
 C	-11.77978086 -15.57193055 3.40000000
 C	-8.02275064 -15.49936944 3.40000000
 C	-31.91555575 -15.49595217 3.40000000
 C	19.62708469 -15.43022561 3.40000000
 C	-28.15841617 -15.42321536 3.40000000
 C	23.38400262 -15.35768838 3.40000000
 C	-0.50880542 -15.35411926 3.40000000
 C	3.24826321 -15.28160081 3.40000000
 C	-20.64441187 -15.27810508 3.40000000
 C	30.89800692 -15.21257810 3.40000000
 C	-16.88749394 -15.20556784 3.40000000
 C	34.65497806 -15.13987709 3.40000000
 C	10.76228524 -15.13643594 3.40000000
 C	14.51920318 -15.06389871 3.40000000
 C	-9.37348964 -15.06045756 3.40000000
 C	-5.61657171 -14.98792032 3.40000000
 C	-29.50926453 -14.98447918 3.40000000
 C	22.03320747 -14.91878842 3.40000000
 C	-25.75229338 -14.91177817 3.40000000
 C	25.79029384 -14.84621539 3.40000000
 C	1.89748580 -14.84264627 3.40000000
 C	5.65449828 -14.77013975 3.40000000
 C	-18.23828909 -14.76666789 3.40000000
 C	33.30429814 -14.70110511 3.40000000
 C	-14.48120272 -14.69409485 3.40000000
 C	37.06126928 -14.62840410 3.40000000
 C	13.16840803 -14.62499875 3.40000000
 C	16.92549440 -14.55242572 3.40000000
 C	-6.96719842 -14.54898457 3.40000000
 C	-3.21028049 -14.47644733 3.40000000
 C	-27.10314174 -14.47304200 3.40000000
 C	24.43949870 -14.40731543 3.40000000
 C	-23.34600216 -14.40030518 3.40000000
 C	28.19641663 -14.33477820 3.40000000
 C	4.30377702 -14.33117328 3.40000000
 C	8.06067721 -14.25869063 3.40000000
 C	-15.83199786 -14.25519491 3.40000000
 C	35.71042093 -14.18966792 3.40000000
 C	-12.07507993 -14.18265766 3.40000000
 C	15.57469925 -14.11352576 3.40000000
 C	19.33172948 -14.04096466 3.40000000
 C	-4.56107563 -14.03754739 3.40000000
 C	-0.80398927 -13.96497434 3.40000000
 C	-24.69685052 -13.96156901 3.40000000
 C	26.84562148 -13.89587825 3.40000000
 C	-20.93976708 -13.88884413 3.40000000
 C	30.60270785 -13.82330521 3.40000000
 C	6.71006825 -13.81970029 3.40000000
 C	10.46696844 -13.74721764 3.40000000
 C	-13.42587508 -13.74375772 3.40000000
 C	-9.66878871 -13.67118467 3.40000000
 C	17.98099047 -13.60205278 3.40000000
 C	-29.80456360 -13.59520630 3.40000000
 C	21.73790841 -13.52951554 3.40000000
 C	-2.15478441 -13.52607440 3.40000000
 C	1.60213352 -13.45353716 3.40000000
 C	-22.29055930 -13.45009602 3.40000000
 C	29.25191270 -13.38440526 3.40000000
 C	-18.53358815 -13.37739501 3.40000000
 C	33.00894293 -13.31184416 3.40000000
 C	9.11619103 -13.30826311 3.40000000
 C	12.87325966 -13.23574465 3.40000000
 C	-11.01958385 -13.23228473 3.40000000
 C	-7.26255363 -13.15972362 3.40000000
 C	-31.15535874 -13.15630634 3.40000000
 C	20.38728170 -13.09057979 3.40000000
 C	-27.39827237 -13.08373331 3.40000000
 C	24.14419963 -13.01804256 3.40000000
 C	0.25133837 -13.01463721 3.40000000
 C	4.00842474 -12.94206417 3.40000000
 C	-19.88426807 -12.93862303 3.40000000
 C	31.65820393 -12.87293227 3.40000000
 C	-16.12729693 -12.86592202 3.40000000
 C	35.41512186 -12.80039504 3.40000000
 C	11.52248225 -12.79679012 3.40000000
 C	15.27938245 -12.72430747 3.40000000
 C	-8.61329263 -12.72081174 3.40000000
 C	-4.85637470 -12.64827450 3.40000000
 C	-28.74906752 -12.64483335 3.40000000
 C	22.79340448 -12.57914260 3.40000000
 C	-24.99214959 -12.57229612 3.40000000
 C	26.55049085 -12.50656957 3.40000000
 C	2.65762960 -12.50316422 3.40000000
 C	6.41465982 -12.43060311 3.40000000
 C	-17.47814529 -12.42718585 3.40000000
 C	34.06449515 -12.36145928 3.40000000
 C	-13.72100571 -12.35444903 3.40000000
 C	37.82141308 -12.28892205 3.40000000
 C	13.92860504 -12.28535293 3.40000000
 C	17.68567367 -12.21283448 3.40000000
 C	-6.20700141 -12.20933875 3.40000000
 C	-2.45008348 -12.13680151 3.40000000
 C	-26.34294473 -12.13339617 3.40000000
 C	25.19969571 -12.06766961 3.40000000
 C	-22.58585836 -12.06082313 3.40000000
 C	28.95661364 -11.99513238 3.40000000
 C	5.06392082 -11.99169123 3.40000000
 C	8.82083875 -11.91915399 3.40000000
 C	-15.07185407 -11.91571286 3.40000000
 C	36.47061793 -11.85002209 3.40000000
 C	-11.31488292 -11.84301184 3.40000000
 C	16.33489626 -11.77387994 3.40000000
 C	20.09190875 -11.70137342 3.40000000
 C	-3.80087862 -11.69790157 3.40000000
 C	-0.04379226 -11.62532852 3.40000000
 C	-23.93665351 -11.62192318 3.40000000
 C	27.60581849 -11.55623243 3.40000000
 C	-20.17962329 -11.54936208 3.40000000
 C	31.36290486 -11.48365939 3.40000000
 C	7.47021204 -11.48021825 3.40000000
 C	11.22712997 -11.40768100 3.40000000
 C	-12.66573128 -11.40427567 3.40000000
 C	-8.90859170 -11.33153885 3.40000000
 C	18.74118748 -11.26240696 3.40000000
 C	-29.04436659 -11.25556048 3.40000000
 C	22.49808768 -11.18992430 3.40000000
 C	-1.39458740 -11.18642858 3.40000000
 C	2.36233053 -11.11389134 3.40000000
 C	-21.53036229 -11.11045019 3.40000000
 C	30.01210971 -11.04475944 3.40000000
 C	-17.77344436 -11.03791296 3.40000000
 C	33.76913994 -10.97219834 3.40000000
 C	9.87633483 -10.96878106 3.40000000
 C	13.63342120 -10.89620802 3.40000000
 C	-10.25944006 -10.89280268 3.40000000
 C	-6.50235662 -10.82007780 3.40000000
 C	-30.39516173 -10.81666052 3.40000000
 C	21.14747871 -10.75093397 3.40000000
 C	-26.63807536 -10.74408749 3.40000000
 C	24.90437890 -10.67845132 3.40000000
 C	1.01153538 -10.67499139 3.40000000
 C	4.76862175 -10.60241835 3.40000000
 C	-19.12407107 -10.59897720 3.40000000
 C	32.41840094 -10.53328645 3.40000000
 C	-15.36715313 -10.52643997 3.40000000
 C	36.17531887 -10.46074922 3.40000000
 C	12.28262605 -10.45730807 3.40000000
 C	16.03954398 -10.38477083 3.40000000
 C	-7.85314883 -10.38132969 3.40000000
 C	-4.09617769 -10.30862868 3.40000000
 C	-27.98887051 -10.30518753 3.40000000
 C	23.55360149 -10.23949678 3.40000000
 C	-24.23195258 -10.23265030 3.40000000
 C	27.31067012 -10.16697833 3.40000000
 C	3.41782661 -10.16351840 3.40000000
 C	7.17485683 -10.09095729 3.40000000
 C	-16.71794828 -10.08754002 3.40000000
 C	34.82469216 -10.02181346 3.40000000
 C	-12.96086191 -10.01496698 3.40000000
 C	38.58161009 -9.94927623 3.40000000
 C	14.68874884 -9.94587089 3.40000000
 C	18.44583520 -9.87329784 3.40000000
 C	-5.44685761 -9.86985671 3.40000000
 C	-1.68988647 -9.79715569 3.40000000
 C	-25.58274772 -9.79375035 3.40000000
 C	25.95989272 -9.72802379 3.40000000
 C	-21.82566135 -9.72117731 3.40000000
 C	29.71679291 -9.65554114 3.40000000
 C	5.82411783 -9.65204541 3.40000000
 C	9.58103576 -9.57950817 3.40000000
 C	-14.31165706 -9.57606703 3.40000000
 C	37.23081494 -9.51037627 3.40000000
 C	-10.55473913 -9.50352980 3.40000000
 C	17.09504006 -9.43439790 3.40000000
 C	20.85207028 -9.36183679 3.40000000
 C	-3.04073483 -9.35841952 3.40000000
 C	0.71640475 -9.28568270 3.40000000
 C	-23.17645650 -9.28227736 3.40000000
 C	28.36601550 -9.21658661 3.40000000
 C	-19.41942628 -9.20971626 3.40000000
 C	32.12308413 -9.14406815 3.40000000
 C	8.23040905 -9.14057243 3.40000000
 C	11.98732698 -9.06803518 3.40000000
 C	-11.90553427 -9.06462984 3.40000000
 C	-8.14844790 -8.99205681 3.40000000
 C	19.50133128 -8.92292491 3.40000000
 C	-28.28418731 -8.91596924 3.40000000
 C	23.25824921 -8.85038767 3.40000000
 C	-0.63444360 -8.84694653 3.40000000
 C	3.12252754 -8.77424552 3.40000000
 C	-20.77016528 -8.77080437 3.40000000
 C	30.77230672 -8.70511362 3.40000000
 C	-17.01324735 -8.69826714 3.40000000
 C	34.52931921 -8.63260710 3.40000000
 C	10.63653184 -8.62913524 3.40000000
 C	14.39361821 -8.55656220 3.40000000
 C	-9.49924305 -8.55315685 3.40000000
 C	-5.74221283 -8.48059575 3.40000000
 C	-29.63496472 -8.47701470 3.40000000
 C	21.90762250 -8.41145192 3.40000000
 C	-25.87789609 -8.40449625 3.40000000
 C	25.66454043 -8.33891468 3.40000000
 C	1.77167918 -8.33550934 3.40000000
 C	5.52881876 -8.26277253 3.40000000
 C	-18.36387406 -8.25933138 3.40000000
 C	33.17859795 -8.19364063 3.40000000
 C	-14.60695612 -8.18679415 3.40000000
 C	36.93549814 -8.12115798 3.40000000
 C	13.04282306 -8.11766225 3.40000000
 C	16.79974099 -8.04512501 3.40000000
 C	-7.09295183 -8.04168386 3.40000000
 C	-3.33603389 -7.96914663 3.40000000
 C	-27.22867350 -7.96554171 3.40000000
 C	24.31374529 -7.90001473 3.40000000
 C	-23.47177331 -7.89305906 3.40000000
 C	28.07083166 -7.82744169 3.40000000
 C	4.17797041 -7.82403636 3.40000000
 C	7.93505384 -7.75131147 3.40000000
 C	-15.95775127 -7.74789420 3.40000000
 C	35.58488917 -7.68216764 3.40000000
 C	-12.20066490 -7.67532116 3.40000000
 C	39.34178936 -7.60968499 3.40000000
 C	15.44894585 -7.60622506 3.40000000
 C	19.20603221 -7.53365202 3.40000000
 C	-4.68666060 -7.53021087 3.40000000
 C	-0.92974267 -7.45767364 3.40000000
 C	-24.82255071 -7.45410453 3.40000000
 C	26.72003651 -7.38854174 3.40000000
 C	-21.06548208 -7.38158607 3.40000000
 C	30.47695444 -7.31600450 3.40000000
 C	6.58426163 -7.31256337 3.40000000
 C	10.34123277 -7.23986235 3.40000000
 C	-13.55146005 -7.23642121 3.40000000
 C	37.99101195 -7.17073045 3.40000000
 C	-9.79454211 -7.16388397 3.40000000
 C	17.85523707 -7.09475208 3.40000000
 C	21.61226729 -7.02219097 3.40000000
 C	-2.28053782 -7.01877369 3.40000000
 C	1.47654855 -6.94620065 3.40000000
 C	-22.41625949 -6.94263154 3.40000000
 C	29.12615930 -6.87710456 3.40000000
 C	-18.65924701 -6.87012502 3.40000000
 C	32.88324567 -6.80453151 3.40000000
 C	8.99055285 -6.80109038 3.40000000
 C	12.74752399 -6.72838936 3.40000000
 C	-11.14533726 -6.72498402 3.40000000
 C	-7.38825089 -6.65241099 3.40000000
 C	20.26152829 -6.58327909 3.40000000
 C	-27.52402578 -6.57643260 3.40000000
 C	24.01844622 -6.51074185 3.40000000
 C	0.12575340 -6.50730070 3.40000000
 C	3.88267134 -6.43476347 3.40000000
 C	-20.00996827 -6.43115855 3.40000000
 C	31.53245052 -6.36563157 3.40000000
 C	-16.25306808 -6.35867590 3.40000000
 C	35.28948074 -6.29307046 3.40000000
 C	11.39667564 -6.28965319 3.40000000
 C	15.15381522 -6.21691637 3.40000000
 C	-8.73904604 -6.21351103 3.40000000
 C	-4.98201582 -6.14094993 3.40000000
 C	-28.87482092 -6.13753265 3.40000000
 C	22.66781951 -6.07180610 3.40000000
 C	-25.11773456 -6.06495961 3.40000000
 C	26.42473744 -5.99926886 3.40000000
 C	2.53187619 -5.99586351 3.40000000
 C	6.28896256 -5.92329048 3.40000000
 C	-17.60367705 -5.91968556 3.40000000
 C	33.93874174 -5.85415858 3.40000000
 C	-13.84677685 -5.84720291 3.40000000
 C	37.69565967 -5.78162134 3.40000000
 C	13.80296686 -5.77818020 3.40000000
 C	17.55993800 -5.70547919 3.40000000
 C	-6.33275482 -5.70203804 3.40000000
 C	-2.57583688 -5.62950081 3.40000000
 C	-26.46852970 -5.62605967 3.40000000
 C	25.07394230 -5.56036891 3.40000000
 C	-22.71161177 -5.55352242 3.40000000
 C	28.83102867 -5.48779587 3.40000000
 C	4.93816741 -5.48439053 3.40000000
 C	8.69519764 -5.41182942 3.40000000
 C	-15.19755426 -5.40824838 3.40000000
 C	36.34503297 -5.34268559 3.40000000
 C	-11.44048563 -5.33572992 3.40000000
 C	40.10195090 -5.27014835 3.40000000
 C	16.20908964 -5.26674302 3.40000000
 C	19.96622922 -5.19400620 3.40000000
 C	-3.92646359 -5.19056505 3.40000000
 C	-0.16954566 -5.11802782 3.40000000
 C	-24.06240692 -5.11462248 3.40000000
 C	27.48023352 -5.04889592 3.40000000
 C	-20.30532055 -5.04204944 3.40000000
 C	31.23715145 -4.97635868 3.40000000
 C	7.34445864 -4.97291754 3.40000000
 C	11.10137657 -4.90038030 3.40000000
 C	-12.79126304 -4.89677539 3.40000000
 C	38.75115575 -4.83124841 3.40000000
 C	-9.03436284 -4.82429274 3.40000000
 C	18.61538087 -4.75527003 3.40000000
 C	22.37246430 -4.68254515 3.40000000
 C	-1.52034081 -4.67912787 3.40000000
 C	2.23674556 -4.60655483 3.40000000
 C	-21.65611569 -4.60314949 3.40000000
 C	29.88635631 -4.53745874 3.40000000
 C	-17.89908547 -4.53058838 3.40000000
 C	33.64344268 -4.46488569 3.40000000
 C	9.75074986 -4.46144455 3.40000000
 C	13.50766779 -4.38890732 3.40000000
 C	-10.38514025 -4.38533820 3.40000000
 C	-6.62807162 -4.31281975 3.40000000
 C	21.02167209 -4.24379704 3.40000000
 C	-26.76382877 -4.23678678 3.40000000
 C	24.77864323 -4.17109603 3.40000000
 C	0.88595041 -4.16765488 3.40000000
 C	4.64286835 -4.09511765 3.40000000
 C	-19.24982447 -4.09167650 3.40000000
 C	32.29264753 -4.02598575 3.40000000
 C	-15.49290654 -4.01913926 3.40000000
 C	36.04967775 -3.95342464 3.40000000
 C	12.15687264 -3.95000736 3.40000000
 C	15.91395901 -3.87743433 3.40000000
 C	-7.97884903 -3.87386521 3.40000000
 C	-4.22183654 -3.80135869 3.40000000
 C	-28.11462391 -3.79788683 3.40000000
 C	23.42796331 -3.73232405 3.40000000
 C	-24.35753755 -3.72531379 3.40000000
 C	27.18493445 -3.65962304 3.40000000
 C	3.29207320 -3.65621769 3.40000000
 C	7.04915957 -3.58364466 3.40000000
 C	-16.84353325 -3.58020351 3.40000000
 C	34.69893875 -3.51451276 3.40000000
 C	-13.08661532 -3.50766627 3.40000000
 C	38.45585668 -3.44197552 3.40000000
 C	14.56316387 -3.43853437 3.40000000
 C	18.32008180 -3.36599714 3.40000000
 C	-5.57255781 -3.36239222 3.40000000
 C	-1.81565761 -3.28990957 3.40000000
 C	-25.70833269 -3.28641385 3.40000000
 C	25.83408610 -3.22088686 3.40000000
 C	-21.95141476 -3.21387660 3.40000000
 C	29.59122568 -3.14815005 3.40000000
 C	5.69836442 -3.14474470 3.40000000
 C	9.45539465 -3.07218360 3.40000000
 C	-14.43741046 -3.06876633 3.40000000
 C	37.10522998 -3.00303977 3.40000000
 C	-10.68032409 -2.99619328 3.40000000
 C	40.86214791 -2.93050253 3.40000000
 C	16.96928665 -2.92709719 3.40000000
 C	20.72637302 -2.85452415 3.40000000
 C	-3.16626658 -2.85091923 3.40000000
 C	0.59063361 -2.77843658 3.40000000
 C	-23.30220991 -2.77497666 3.40000000
 C	28.24037732 -2.70941388 3.40000000
 C	-19.54512354 -2.70240361 3.40000000
 C	31.99734846 -2.63671286 3.40000000
 C	8.10465565 -2.63327172 3.40000000
 C	11.86157358 -2.56073448 3.40000000
 C	-12.03111924 -2.55729334 3.40000000
 C	39.51135276 -2.49160259 3.40000000
 C	-8.27420131 -2.48475610 3.40000000
 C	19.37557788 -2.41562420 3.40000000
 C	23.13260810 -2.34306310 3.40000000
 C	-0.76014380 -2.33948205 3.40000000
 C	2.99692483 -2.26696359 3.40000000
 C	-20.89591868 -2.26350367 3.40000000
 C	30.64650011 -2.19797669 3.40000000
 C	-17.13888846 -2.19094256 3.40000000
 C	34.40363969 -2.12523987 3.40000000
 C	10.51094687 -2.12179873 3.40000000
 C	14.26786480 -2.04926150 3.40000000
 C	-9.62499645 -2.04585615 3.40000000
 C	-5.86791009 -1.97328311 3.40000000
 C	21.78186910 -1.90415121 3.40000000
 C	-26.00363176 -1.89714096 3.40000000
 C	25.53878703 -1.83161398 3.40000000
 C	1.64614743 -1.82800906 3.40000000
 C	5.40304762 -1.75552641 3.40000000
 C	-18.48962746 -1.75203068 3.40000000
 C	33.05279133 -1.68650370 3.40000000
 C	-14.73270953 -1.67949344 3.40000000
 C	36.80987476 -1.61377882 3.40000000
 C	12.91706965 -1.61036154 3.40000000
 C	16.67415602 -1.53778851 3.40000000
 C	-7.21870523 -1.53438316 3.40000000
 C	-3.46167501 -1.46182205 3.40000000
 C	-27.35448012 -1.45840479 3.40000000
 C	24.18816032 -1.39267822 3.40000000
 C	-23.59734054 -1.38566797 3.40000000
 C	27.94507825 -1.32014099 3.40000000
 C	4.05227021 -1.31657187 3.40000000
 C	7.80933884 -1.24405342 3.40000000
 C	-16.08333624 -1.24055769 3.40000000
 C	35.45908255 -1.17503071 3.40000000
 C	-12.32641831 -1.16802045 3.40000000
 C	39.21605369 -1.10232970 3.40000000
 C	15.32336088 -1.09888855 3.40000000
 C	19.08027881 -1.02635132 3.40000000
 C	-4.81241401 -1.02291017 3.40000000
 C	-1.05549608 -0.95037293 3.40000000
 C	-24.94818889 -0.94693180 3.40000000
 C	26.59428311 -0.88124103 3.40000000
 C	-21.19121775 -0.87423078 3.40000000
 C	30.35136948 -0.80866800 3.40000000
 C	6.45856143 -0.80509888 3.40000000
 C	10.21557392 -0.73259237 3.40000000
 C	-13.67721345 -0.72912051 3.40000000
 C	37.86537377 -0.66355772 3.40000000
 C	-9.92012708 -0.65654746 3.40000000
 C	41.62234492 -0.59085671 3.40000000
 C	17.72948366 -0.58745137 3.40000000
 C	21.48657003 -0.51487833 3.40000000
 C	-2.40612279 -0.51143719 3.40000000
 C	1.35079514 -0.43889994 3.40000000
 C	-22.54206611 -0.43549461 3.40000000
 C	29.00057433 -0.36976805 3.40000000
 C	-18.78492653 -0.36275779 3.40000000
 C	32.75749226 -0.29723081 3.40000000
 C	8.86485266 -0.29362590 3.40000000
 C	12.62175285 -0.22114324 3.40000000
 C	-11.27092223 -0.21764752 3.40000000
 C	40.27149656 -0.15212054 3.40000000
 C	-7.51400430 -0.14511028 3.40000000
 C	20.13577489 -0.07597838 3.40000000
 C	23.89280511 -0.00341728 3.40000000
 C	0.00000000 0.00000000 3.40000000
 C	3.75708637 0.07257304 3.40000000
 C	-20.13577489 0.07597838 3.40000000
 C	31.40669711 0.14166914 3.40000000
 C	-16.37869145 0.14870326 3.40000000
 C	35.16378348 0.21424218 3.40000000
 C	11.27114388 0.21784709 3.40000000
 C	15.02804407 0.29032974 3.40000000
 C	-8.86479944 0.29378967 3.40000000
 C	-5.10771308 0.36636271 3.40000000
 C	22.54206611 0.43549461 3.40000000
 C	-25.24348796 0.44234109 3.40000000
 C	26.29898404 0.50803184 3.40000000
 C	2.40629122 0.51147299 3.40000000
 C	6.16320915 0.58401023 3.40000000
 C	-17.72948366 0.58745137 3.40000000
 C	33.81298834 0.65314213 3.40000000
 C	-13.97251252 0.66015238 3.40000000
 C	37.57001856 0.72570323 3.40000000
 C	13.67726666 0.72928428 3.40000000
 C	17.43433529 0.80180273 3.40000000
 C	-6.45850822 0.80526266 3.40000000
 C	-2.70147800 0.87782377 3.40000000
 C	-26.59428311 0.88124104 3.40000000
 C	24.94835733 0.94696760 3.40000000
 C	-22.83719674 0.95381408 3.40000000
 C	28.70527526 1.01950483 3.40000000
 C	4.81241401 1.02291017 3.40000000
 C	8.56950038 1.09548322 3.40000000
 C	-15.32319244 1.09892435 3.40000000
 C	36.21927956 1.16461512 3.40000000
 C	-11.56622130 1.17162537 3.40000000
 C	39.97619749 1.23715235 3.40000000
 C	16.08355789 1.24075727 3.40000000
 C	19.84045808 1.31323992 3.40000000
 C	-4.05221700 1.31673565 3.40000000
 C	-0.29529907 1.38927289 3.40000000
 C	-24.18799189 1.39271403 3.40000000
 C	27.35448012 1.45840479 3.40000000
 C	-20.43107395 1.46525126 3.40000000
 C	31.11156649 1.53097782 3.40000000
 C	7.21870523 1.53438316 3.40000000
 C	10.97573545 1.60694427 3.40000000
 C	-12.91706965 1.61036154 3.40000000
 C	38.62557078 1.67608811 3.40000000
 C	-9.15993007 1.68309836 3.40000000
 C	42.38248871 1.74862534 3.40000000
 C	18.48968067 1.75219445 3.40000000
 C	22.24674930 1.82471291 3.40000000
 C	-1.64592578 1.82820863 3.40000000
 C	2.11099215 1.90074588 3.40000000
 C	-21.78186910 1.90415122 3.40000000
 C	29.76077134 1.96987777 3.40000000
 C	-18.02478273 1.97672425 3.40000000
 C	33.51768927 2.04241501 3.40000000
 C	9.62499645 2.04585615 3.40000000
 C	13.38191438 2.11839339 3.40000000
 C	-10.51077843 2.12183453 3.40000000
 C	41.03169357 2.18752529 3.40000000
 C	-6.75380729 2.19453554 3.40000000
 C	20.89597190 2.26366744 3.40000000
 C	24.65298438 2.33617396 3.40000000
 C	0.76019701 2.33964582 3.40000000
 C	4.51728338 2.41221886 3.40000000
 C	-19.37557788 2.41562421 3.40000000
 C	32.16689412 2.48131496 3.40000000
 C	-15.61854765 2.48818531 3.40000000
 C	35.92398049 2.55388800 3.40000000
 C	12.03128768 2.55732914 3.40000000
 C	15.78820561 2.62986638 3.40000000
 C	-8.10465565 2.63327172 3.40000000
 C	-4.34751607 2.70600853 3.40000000
 C	23.30226312 2.77514043 3.40000000
 C	-24.48329095 2.78198691 3.40000000
 C	27.05916331 2.84762308 3.40000000
 C	3.16648823 2.85111881 3.40000000
 C	6.92340616 2.92365605 3.40000000
 C	-16.96928665 2.92709720 3.40000000
 C	34.57318535 2.99278795 3.40000000
 C	-13.21236872 2.99963443 3.40000000
 C	38.33021557 3.06534905 3.40000000
 C	14.43741046 3.06876633 3.40000000
 C	18.19449683 3.14133937 3.40000000
 C	-5.69836442 3.14474470 3.40000000
 C	-1.94128099 3.21746959 3.40000000
 C	-25.83408610 3.22088686 3.40000000
 C	25.70855434 3.28661342 3.40000000
 C	-22.07699973 3.29345990 3.40000000
 C	29.46545453 3.35909607 3.40000000
 C	5.57261102 3.36255600 3.40000000
 C	9.32969739 3.43512904 3.40000000
 C	-14.56299543 3.43857018 3.40000000
 C	36.97947657 3.50426094 3.40000000
 C	-10.80607750 3.51110742 3.40000000
 C	40.73639450 3.57679817 3.40000000
 C	16.84370168 3.58023932 3.40000000
 C	20.60061961 3.65277656 3.40000000
 C	-3.29207320 3.65621769 3.40000000
 C	0.46489794 3.72891871 3.40000000
 C	-23.42779488 3.73235985 3.40000000
 C	28.11467713 3.79805061 3.40000000
 C	-19.67087694 3.80489709 3.40000000
 C	31.87174576 3.87056906 3.40000000
 C	7.97890224 3.87402898 3.40000000
 C	11.73593246 3.94659009 3.40000000
 C	-12.15687265 3.95000737 3.40000000
 C	39.38576779 4.01573393 3.40000000
 C	-8.39978628 4.02258041 3.40000000
 C	43.14268572 4.08827116 3.40000000
 C	19.24982447 4.09167650 3.40000000
 C	23.00691084 4.16424955 3.40000000
 C	-0.88578198 4.16769068 3.40000000
 C	2.87118916 4.24039170 3.40000000
 C	-21.02167209 4.24379704 3.40000000
 C	30.52096835 4.30952360 3.40000000
 C	-17.26458572 4.31637007 3.40000000
 C	34.27786854 4.38200625 3.40000000
 C	10.38519346 4.38550197 3.40000000
 C	14.14211139 4.45803921 3.40000000
 C	-9.75058142 4.46148036 3.40000000
 C	41.79189058 4.52717111 3.40000000
 C	-5.99366349 4.53401759 3.40000000
 C	21.65611569 4.60314949 3.40000000
 C	25.41314591 4.67571060 3.40000000
 C	1.52034081 4.67912787 3.40000000
 C	5.27748039 4.75186468 3.40000000
 C	-18.61538087 4.75527003 3.40000000
 C	32.92709113 4.82096078 3.40000000
 C	-14.85835064 4.82783113 3.40000000
 C	36.68415976 4.89347923 3.40000000
 C	12.79148469 4.89697496 3.40000000
 C	16.54840262 4.96951220 3.40000000
 C	-7.34445864 4.97291755 3.40000000
 C	-3.58737227 5.04549058 3.40000000
 C	24.06240692 5.11462248 3.40000000
 C	-23.72311168 5.12157815 3.40000000
 C	27.81932485 5.18715972 3.40000000
 C	3.92663203 5.19060086 3.40000000
 C	7.68360317 5.26330187 3.40000000
 C	-16.20908964 5.26674302 3.40000000
 C	35.33338236 5.33243377 3.40000000
 C	-12.45217171 5.33928025 3.40000000
 C	39.09039484 5.40494029 3.40000000
 C	15.19760747 5.40841215 3.40000000
 C	18.95469384 5.48098519 3.40000000
 C	-4.93816742 5.48439053 3.40000000
 C	-1.18113719 5.55695164 3.40000000
 C	-25.07388909 5.56053268 3.40000000
 C	26.46869814 5.62609547 3.40000000
 C	-21.31682046 5.63305114 3.40000000
 C	30.22561607 5.69863271 3.40000000
 C	6.33275482 5.70203804 3.40000000
 C	10.08989440 5.77477486 3.40000000
 C	-13.80279842 5.77821601 3.40000000
 C	37.73967358 5.84390676 3.40000000
 C	-10.04588049 5.85075324 3.40000000
 C	41.49657377 5.91638941 3.40000000
 C	17.60389869 5.91988514 3.40000000
 C	21.36081662 5.99242238 3.40000000
 C	-2.53187619 5.99586352 3.40000000
 C	1.22504174 6.06840076 3.40000000
 C	-22.66759787 6.07200567 3.40000000
 C	28.87482092 6.13753265 3.40000000
 C	-18.91069767 6.14448832 3.40000000
 C	32.63190729 6.21010570 3.40000000
 C	8.73904604 6.21351103 3.40000000
 C	12.49612947 6.28623591 3.40000000
 C	-11.39667564 6.28965319 3.40000000
 C	40.14596480 6.35537975 3.40000000
 C	-7.63958927 6.36222623 3.40000000
 C	43.90286500 6.42786240 3.40000000
 C	20.01002148 6.43132232 3.40000000
 C	23.76710785 6.50389537 3.40000000
 C	-0.12558497 6.50733651 3.40000000
 C	3.63133296 6.57987374 3.40000000
 C	-20.26147508 6.58344286 3.40000000
 C	31.28111215 6.64900564 3.40000000
 C	-16.50440645 6.65596131 3.40000000
 C	35.03803008 6.72154288 3.40000000
 C	11.14533726 6.72498402 3.40000000
 C	14.90230840 6.79768503 3.40000000
 C	-8.99038441 6.80112618 3.40000000
 C	42.55208759 6.86681693 3.40000000
 C	-5.23346648 6.87366341 3.40000000
 C	22.41631270 6.94279531 3.40000000
 C	26.17334292 7.01535642 3.40000000
 C	2.28053782 7.01877370 3.40000000
 C	6.03762418 7.09134673 3.40000000
 C	-17.85518386 7.09491585 3.40000000
 C	33.68723493 7.16044283 3.40000000
 C	-14.09817137 7.16742237 3.40000000
 C	37.44432130 7.23301587 3.40000000
 C	13.55162848 7.23645701 3.40000000
 C	17.30859963 7.30915802 3.40000000
 C	-6.58426163 7.31256337 3.40000000
 C	-2.82717526 7.38513640 3.40000000
 C	24.82260393 7.45426830 3.40000000
 C	-22.96295015 7.46111479 3.40000000
 C	28.57952186 7.52680554 3.40000000
 C	4.68682904 7.53024669 3.40000000
 C	8.44374697 7.60278392 3.40000000
 C	-15.44889263 7.60638884 3.40000000
 C	36.09352615 7.67191582 3.40000000
 C	-11.69199244 7.67887149 3.40000000
 C	39.85055638 7.74447693 3.40000000
 C	15.95775127 7.74789420 3.40000000
 C	19.71489085 7.82063101 3.40000000
 C	-4.17797041 7.82403636 3.40000000
 C	-0.42094018 7.89659746 3.40000000
 C	-24.31374529 7.90001473 3.40000000
 C	27.22889515 7.96574129 3.40000000
 C	-20.55665892 7.97258778 3.40000000
 C	30.98581308 8.03827853 3.40000000
 C	7.09295182 8.04168387 3.40000000
 C	10.85003819 8.11425691 3.40000000
 C	-13.04260141 8.11786183 3.40000000
 C	38.49981738 8.18338881 3.40000000
 C	-9.28570122 8.19034448 3.40000000
 C	42.25673531 8.25592605 3.40000000
 C	18.36404249 8.25936718 3.40000000
 C	22.12101363 8.33206820 3.40000000
 C	-1.77167918 8.33550934 3.40000000
 C	1.98523875 8.40804658 3.40000000
 C	-21.90745407 8.41148772 3.40000000
 C	29.63501793 8.47717847 3.40000000
 C	-18.15053614 8.48402496 3.40000000
 C	33.39210430 8.54975152 3.40000000
 C	9.49924305 8.55315686 3.40000000
 C	13.25627327 8.62571796 3.40000000
 C	-10.63647863 8.62929901 3.40000000
 C	40.90610860 8.69486180 3.40000000
 C	-6.87941000 8.70181747 3.40000000
 C	44.66302653 8.76739904 3.40000000
 C	20.77016528 8.77080437 3.40000000
 C	24.52730486 8.84354119 3.40000000
 C	0.63461204 8.84698233 3.40000000
 C	4.39152997 8.91951956 3.40000000
 C	-19.50133128 8.92292491 3.40000000
 C	32.04130916 8.98865146 3.40000000
 C	-15.74424491 8.99549795 3.40000000
 C	35.79822709 9.06118871 3.40000000
 C	11.90553427 9.06462985 3.40000000
 C	15.66245220 9.13716708 3.40000000
 C	-8.23018740 9.14077200 3.40000000
 C	43.31223139 9.20629898 3.40000000
 C	-4.47328721 9.21325465 3.40000000
 C	23.17645650 9.28227736 3.40000000
 C	26.93353993 9.35500224 3.40000000
 C	3.04073483 9.35841952 3.40000000
 C	6.79782120 9.43099255 3.40000000
 C	-17.09504006 9.43439790 3.40000000
 C	34.44743194 9.50008865 3.40000000
 C	-13.33800984 9.50695901 3.40000000
 C	38.20451831 9.57266169 3.40000000
 C	14.31182549 9.57610284 3.40000000
 C	18.06874342 9.64864007 3.40000000
 C	-5.82406462 9.65220919 3.40000000
 C	-2.06699599 9.72472764 3.40000000
 C	25.58274772 9.79375035 3.40000000
 C	-22.20275314 9.80076061 3.40000000
 C	29.33971887 9.86645136 3.40000000
 C	5.44702605 9.86989251 3.40000000
 C	9.20394398 9.94242974 3.40000000
 C	-14.68874884 9.94587089 3.40000000
 C	36.85372317 10.01156164 3.40000000
 C	-10.93183091 10.01840813 3.40000000
 C	40.61075339 10.08412275 3.40000000
 C	16.71794828 10.08754003 3.40000000
 C	20.47503465 10.16011306 3.40000000
 C	-3.41777339 10.16368218 3.40000000
 C	0.33923909 10.23618869 3.40000000
 C	-23.55354828 10.23966055 3.40000000
 C	27.98903895 10.30522334 3.40000000
 C	-19.79646191 10.31223360 3.40000000
 C	31.74601009 10.37792435 3.40000000
 C	7.85314883 10.38132969 3.40000000
 C	11.61023520 10.45390273 3.40000000
 C	-12.28245761 10.45734387 3.40000000
 C	39.26001439 10.52303463 3.40000000
 C	-8.52553968 10.52988112 3.40000000
 C	43.01693232 10.59557187 3.40000000
 C	19.12423950 10.59901301 3.40000000
 C	22.88115743 10.67155025 3.40000000
 C	-1.01148217 10.67515516 3.40000000
 C	2.74541802 10.74763782 3.40000000
 C	-21.14725706 10.75113354 3.40000000
 C	30.39516173 10.81666052 3.40000000
 C	-17.39033913 10.82367078 3.40000000
 C	34.15230131 10.88939734 3.40000000
 C	10.25944006 10.89280268 3.40000000
 C	14.01647028 10.96536378 3.40000000
 C	-9.87633483 10.96878106 3.40000000
 C	41.66630561 11.03450762 3.40000000
 C	-6.11924846 11.04135410 3.40000000
 C	45.42322354 11.10704486 3.40000000
 C	21.53036229 11.11045020 3.40000000
 C	25.28744866 11.18302324 3.40000000
 C	1.39480905 11.18662815 3.40000000
 C	5.15170924 11.25911080 3.40000000
 C	-18.74113427 11.26257073 3.40000000
 C	32.80145295 11.32813351 3.40000000
 C	-14.98404790 11.33514377 3.40000000
 C	36.55842410 11.40083453 3.40000000
 C	12.66573128 11.40427567 3.40000000
 C	16.42264921 11.47681290 3.40000000
 C	-7.47004361 11.48025405 3.40000000
 C	44.07242840 11.54594480 3.40000000
 C	-3.71312568 11.55279129 3.40000000
 C	23.93665351 11.62192319 3.40000000
 C	27.69368373 11.69448429 3.40000000
 C	3.80093184 11.69806534 3.40000000
 C	7.55800047 11.77058379 3.40000000
 C	-16.33484305 11.77404372 3.40000000
 C	35.20757574 11.83957070 3.40000000
 C	-12.57781283 11.84660483 3.40000000
 C	38.96471532 11.91230751 3.40000000
 C	15.07202250 11.91574866 3.40000000
 C	18.82894043 11.98828589 3.40000000
 C	-5.06392082 11.99169123 3.40000000
 C	-1.30683445 12.06426428 3.40000000
 C	26.34294473 12.13339618 3.40000000
 C	-21.44255613 12.14040643 3.40000000
 C	30.09986266 12.20593341 3.40000000
 C	6.20722306 12.20953833 3.40000000
 C	9.96412325 12.28202098 3.40000000
 C	-13.92855183 12.28551671 3.40000000
 C	37.61386696 12.35104369 3.40000000
 C	-10.17163390 12.35805395 3.40000000
 C	41.37095040 12.42376857 3.40000000
 C	17.47814529 12.42718585 3.40000000
 C	21.23523166 12.49975888 3.40000000
 C	-2.65762960 12.50316422 3.40000000
 C	1.09940062 12.57572533 3.40000000
 C	-22.79340448 12.57914260 3.40000000
 C	28.74923595 12.64486917 3.40000000
 C	-19.03626490 12.65187942 3.40000000
 C	32.50615389 12.71740640 3.40000000
 C	8.61334584 12.72097551 3.40000000
 C	12.37041447 12.79349397 3.40000000
 C	-11.52226060 12.79698969 3.40000000
 C	40.02015819 12.86251668 3.40000000
 C	-7.76534267 12.86952694 3.40000000
 C	43.77712933 12.93521769 3.40000000
 C	19.88443651 12.93865883 3.40000000
 C	23.64135444 13.01119607 3.40000000
 C	-0.25133837 13.01463721 3.40000000
 C	3.50557956 13.08717445 3.40000000
 C	-20.38711326 13.09061559 3.40000000
 C	31.15535874 13.15630635 3.40000000
 C	-16.63014212 13.16331660 3.40000000
 C	34.91244511 13.22887939 3.40000000
 C	11.01963707 13.23244850 3.40000000
 C	14.77664955 13.30495502 3.40000000
 C	-9.11613782 13.30842688 3.40000000
 C	42.42644941 13.37398966 3.40000000
 C	-5.35905145 13.38099992 3.40000000
 C	46.18342055 13.44669068 3.40000000
 C	22.29055930 13.45009602 3.40000000
 C	26.04764567 13.52266906 3.40000000
 C	2.15495285 13.52611020 3.40000000
 C	5.91187078 13.59864744 3.40000000
 C	-17.98099047 13.60205278 3.40000000
 C	33.56164996 13.66777934 3.40000000
 C	-14.22385089 13.67478959 3.40000000
 C	37.31856789 13.74031657 3.40000000
 C	13.42592829 13.74392149 3.40000000
 C	17.18282848 13.81640414 3.40000000
 C	-6.70984660 13.81989987 3.40000000
 C	44.83257219 13.88542685 3.40000000
 C	-2.95292867 13.89243711 3.40000000
 C	24.69685052 13.96156901 3.40000000
 C	28.45388074 14.03413011 3.40000000
 C	4.56107563 14.03754739 3.40000000
 C	8.31816200 14.11012043 3.40000000
 C	-15.57469925 14.11352576 3.40000000
 C	35.96777275 14.17921653 3.40000000
 C	-11.81761582 14.18625065 3.40000000
 C	39.72485912 14.25178956 3.40000000
 C	15.83221951 14.25539448 3.40000000
 C	19.58911970 14.32787713 3.40000000
 C	-4.30372381 14.33133706 3.40000000
 C	-0.54663744 14.40391010 3.40000000
 C	27.10314174 14.47304200 3.40000000
 C	-20.68241233 14.47988848 3.40000000
 C	30.86005967 14.54557923 3.40000000
 C	6.96736686 14.54902038 3.40000000
 C	10.72428479 14.62155762 3.40000000
 C	-13.16840803 14.62499875 3.40000000
 C	38.37406397 14.69068952 3.40000000
 C	-9.41143689 14.69769977 3.40000000
 C	42.13109419 14.76325062 3.40000000
 C	18.23834230 14.76683167 3.40000000
 C	21.99541093 14.83935012 3.40000000
 C	-1.89743259 14.84281004 3.40000000
 C	1.85959763 14.91537115 3.40000000
 C	-22.03320747 14.91878843 3.40000000
 C	29.50943296 14.98451499 3.40000000
 C	-18.27612111 14.99136147 3.40000000
 C	33.26635090 15.05705222 3.40000000
 C	9.37348964 15.06045756 3.40000000
 C	13.13057601 15.13303061 3.40000000
 C	-10.76211681 15.13647174 3.40000000
 C	40.78035519 15.20216251 3.40000000
 C	-7.00514566 15.20917276 3.40000000
 C	44.53727313 15.27469974 3.40000000
 C	20.64463352 15.27830466 3.40000000
 C	24.40153371 15.35078731 3.40000000
 C	0.50885864 15.35428303 3.40000000
 C	4.26577657 15.42682027 3.40000000
 C	-19.62691625 15.43026142 3.40000000
 C	31.91555575 15.49595217 3.40000000
 C	-15.86999832 15.50279865 3.40000000
 C	35.67264212 15.56852521 3.40000000
 C	11.77978086 15.57193055 3.40000000
 C	15.53681109 15.64449166 3.40000000
 C	-8.35599402 15.64790893 3.40000000
 C	43.18664642 15.71363549 3.40000000
 C	-4.59885444 15.72064574 3.40000000
 C	46.94356435 15.78617273 3.40000000
 C	23.05075631 15.78974184 3.40000000
 C	26.80782494 15.86226029 3.40000000
 C	2.91514986 15.86575602 3.40000000
 C	6.67206779 15.93829326 3.40000000
 C	-17.22079347 15.94169861 3.40000000
 C	34.32184697 16.00742516 3.40000000
 C	-13.46370710 16.01427164 3.40000000
 C	38.07876490 16.07996239 3.40000000
 C	14.18607209 16.08340354 3.40000000
 C	17.94299002 16.15594078 3.40000000
 C	-5.94970280 16.15938192 3.40000000
 C	45.59276920 16.22507268 3.40000000
 C	-2.19273166 16.23208293 3.40000000
 C	25.45704753 16.30121483 3.40000000
 C	29.21406001 16.37372135 3.40000000
 C	5.32127264 16.37719321 3.40000000
 C	9.07835901 16.44976625 3.40000000
 C	-14.81450224 16.45317159 3.40000000
 C	36.72796976 16.51886235 3.40000000
 C	-11.05747202 16.52573270 3.40000000
 C	40.48505613 16.59143538 3.40000000
 C	16.59236331 16.59487653 3.40000000
 C	20.34928124 16.66741377 3.40000000
 C	-3.54358001 16.67081910 3.40000000
 C	0.21355957 16.74355592 3.40000000
 C	27.86333875 16.81268782 3.40000000
 C	-19.92221532 16.81953430 3.40000000
 C	31.62023894 16.88517047 3.40000000
 C	7.72756387 16.88866620 3.40000000
 C	11.48448180 16.96120344 3.40000000
 C	-12.40821102 16.96464458 3.40000000
 C	39.13426098 17.03033534 3.40000000
 C	-8.65129309 17.03718182 3.40000000
 C	42.89129120 17.10289644 3.40000000
 C	18.99848610 17.10631371 3.40000000
 C	22.75557246 17.17888676 3.40000000
 C	-1.13728879 17.18229209 3.40000000
 C	2.61979464 17.25501697 3.40000000
 C	-21.27301046 17.25843425 3.40000000
 C	30.26962997 17.32416081 3.40000000
 C	-17.51592410 17.33100729 3.40000000
 C	34.02653017 17.39664346 3.40000000
 C	10.13368665 17.40010338 3.40000000
 C	13.89077302 17.47267643 3.40000000
 C	-10.00191980 17.47611757 3.40000000
 C	41.54055220 17.54180833 3.40000000
 C	-6.24500187 17.54865480 3.40000000
 C	45.29747014 17.61434556 3.40000000
 C	21.40477732 17.61778670 3.40000000
 C	25.16169525 17.69032394 3.40000000
 C	1.26900243 17.69376508 3.40000000
 C	5.02597358 17.76646609 3.40000000
 C	-18.86671924 17.76990724 3.40000000
 C	32.67575276 17.83559799 3.40000000
 C	-15.10980131 17.84244447 3.40000000
 C	36.43282139 17.90811645 3.40000000
 C	12.53997787 17.91157637 3.40000000
 C	16.29700810 17.98413748 3.40000000
 C	-7.59579701 17.98755476 3.40000000
 C	43.94684343 18.05328131 3.40000000
 C	-3.83871064 18.06012779 3.40000000
 C	47.70376136 18.12581855 3.40000000
 C	23.81090010 18.12922389 3.40000000
 C	27.56798647 18.20179693 3.40000000
 C	3.67529366 18.20523807 3.40000000
 C	7.43226480 18.27793908 3.40000000
 C	-16.46059646 18.28134443 3.40000000
 C	35.08204398 18.34707098 3.40000000
 C	-12.70351009 18.35391746 3.40000000
 C	38.83894418 18.41955363 3.40000000
 C	14.94626910 18.42304936 3.40000000
 C	18.70318703 18.49558660 3.40000000
 C	-5.18950579 18.49902775 3.40000000
 C	46.35296621 18.56471850 3.40000000
 C	-1.43258786 18.57156498 3.40000000
 C	26.21719133 18.64069688 3.40000000
 C	29.97422155 18.71325799 3.40000000
 C	6.08141644 18.71667526 3.40000000
 C	9.83855602 18.78941207 3.40000000
 C	-14.05430523 18.79281742 3.40000000
 C	37.48816677 18.85850817 3.40000000
 C	-10.29727501 18.86537852 3.40000000
 C	41.24523540 18.93102662 3.40000000
 C	17.35256032 18.93452235 3.40000000
 C	21.10947825 19.00705959 3.40000000
 C	-2.78338300 19.01046493 3.40000000
 C	0.97370336 19.08303797 3.40000000
 C	28.62348255 19.15216987 3.40000000
 C	-19.16203605 19.15912554 3.40000000
 C	32.38040048 19.22470711 3.40000000
 C	8.48770766 19.22814824 3.40000000
 C	12.24467881 19.30084926 3.40000000
 C	-11.64801401 19.30429040 3.40000000
 C	39.89445799 19.36998116 3.40000000
 C	-7.89109608 19.37682764 3.40000000
 C	43.65147047 19.44248768 3.40000000
 C	19.75868311 19.44595953 3.40000000
 C	23.51576947 19.51853258 3.40000000
 C	-0.37709178 19.52193792 3.40000000
 C	3.37993844 19.59449902 3.40000000
 C	-20.51281345 19.59808007 3.40000000
 C	31.02977377 19.66364286 3.40000000
 C	-16.75574482 19.67059853 3.40000000
 C	34.78669170 19.73618010 3.40000000
 C	10.89383045 19.73958543 3.40000000
 C	14.65097003 19.81232225 3.40000000
 C	-9.24172279 19.81576339 3.40000000
 C	42.30074921 19.88145415 3.40000000
 C	-5.48480486 19.88830062 3.40000000
 C	46.05764941 19.95393680 3.40000000
 C	22.16497433 19.95743252 3.40000000
 C	25.92189226 20.02996977 3.40000000
 C	2.02919944 20.03341091 3.40000000
 C	5.78611737 20.10594814 3.40000000
 C	-18.10652223 20.10955306 3.40000000
 C	33.43589656 20.17508004 3.40000000
 C	-14.34962204 20.18203571 3.40000000
 C	37.19298292 20.24765309 3.40000000
 C	13.30012167 20.25105842 3.40000000
 C	17.05720511 20.32378330 3.40000000
 C	-6.83560000 20.32720058 3.40000000
 C	44.70704044 20.39292713 3.40000000
 C	-3.07851363 20.39977361 3.40000000
 C	48.46394063 20.46540979 3.40000000
 C	24.57109711 20.46886971 3.40000000
 C	28.32818348 20.54144275 3.40000000
 C	4.43549066 20.54488390 3.40000000
 C	8.19240860 20.61742113 3.40000000
 C	-15.70039945 20.62099025 3.40000000
 C	35.84218778 20.68655303 3.40000000
 C	-11.94333082 20.69350870 3.40000000
 C	39.59910571 20.75909027 3.40000000
 C	15.70641289 20.76253141 3.40000000
 C	19.46338404 20.83523242 3.40000000
 C	-4.42930878 20.83867357 3.40000000
 C	47.11316322 20.90436432 3.40000000
 C	-0.67239085 20.91121080 3.40000000
 C	26.97738834 20.98034270 3.40000000
 C	30.73441856 21.05290381 3.40000000
 C	6.84161345 21.05632109 3.40000000
 C	10.59869982 21.12889412 3.40000000
 C	-13.29410822 21.13246324 3.40000000
 C	38.24831057 21.19799022 3.40000000
 C	-9.53709574 21.20496975 3.40000000
 C	42.00539693 21.27056326 3.40000000
 C	18.11270412 21.27400440 3.40000000
 C	21.86967526 21.34670541 3.40000000
 C	-2.02318599 21.35011075 3.40000000
 C	1.73390038 21.42268379 3.40000000
 C	29.38367956 21.49181569 3.40000000
 C	-18.40187451 21.49866218 3.40000000
 C	33.14059749 21.56435293 3.40000000
 C	9.24790467 21.56779407 3.40000000
 C	13.00482260 21.64033131 3.40000000
 C	-10.88781700 21.64393622 3.40000000
 C	40.65460179 21.70946321 3.40000000
 C	-7.13091681 21.71641888 3.40000000
 C	44.41163201 21.78202432 3.40000000
 C	20.51882690 21.78544158 3.40000000
 C	24.27596648 21.85817840 3.40000000
 C	0.38310523 21.86158374 3.40000000
 C	4.14013545 21.93414484 3.40000000
 C	-19.75266966 21.93756212 3.40000000
 C	31.78997078 22.00328868 3.40000000
 C	-15.99558329 22.01013516 3.40000000
 C	35.54688871 22.07582592 3.40000000
 C	11.65402746 22.07923126 3.40000000
 C	15.41111383 22.15180430 3.40000000
 C	-8.48152578 22.15540921 3.40000000
 C	43.06089301 22.22093619 3.40000000
 C	-4.72462559 22.22789186 3.40000000
 C	46.81781094 22.29347344 3.40000000
 C	22.92511813 22.29691457 3.40000000
 C	26.68208927 22.36961559 3.40000000
 C	2.78939645 22.37305673 3.40000000
 C	6.54631438 22.44559396 3.40000000
 C	-17.34637843 22.44903511 3.40000000
 C	34.19609357 22.51472586 3.40000000
 C	-13.58946050 22.52157235 3.40000000
 C	37.95317993 22.58729891 3.40000000
 C	14.06031868 22.59070425 3.40000000
 C	17.81734890 22.66326535 3.40000000
 C	-6.07540299 22.66684640 3.40000000
 C	45.46718423 22.73240918 3.40000000
 C	-2.31833436 22.73936485 3.40000000
 C	49.22410216 22.80494642 3.40000000
 C	25.33124091 22.80835176 3.40000000
 C	29.08838049 22.88108857 3.40000000
 C	5.19568767 22.88452972 3.40000000
 C	8.95260561 22.95706695 3.40000000
 C	-14.94025565 22.96047229 3.40000000
 C	36.60238479 23.02619885 3.40000000
 C	-11.18316928 23.03304534 3.40000000
 C	40.35930272 23.09873609 3.40000000
 C	16.46660990 23.10217724 3.40000000
 C	20.22352784 23.17471447 3.40000000
 C	-3.66911177 23.17831939 3.40000000
 C	47.87330702 23.24384637 3.40000000
 C	0.08778842 23.25080204 3.40000000
 C	27.73753213 23.31982475 3.40000000
 C	31.49461557 23.39254963 3.40000000
 C	7.60181046 23.39596691 3.40000000
 C	11.35889683 23.46853994 3.40000000
 C	-12.53396443 23.47194528 3.40000000
 C	39.00850758 23.53763604 3.40000000
 C	-8.77693420 23.54450639 3.40000000
 C	42.76559394 23.61020908 3.40000000
 C	18.87290113 23.61365023 3.40000000
 C	22.62981906 23.68618746 3.40000000
 C	-1.26298898 23.68975657 3.40000000
 C	2.49407965 23.76227503 3.40000000
 C	30.14382336 23.83129773 3.40000000
 C	-17.64167750 23.83830800 3.40000000
 C	33.90079450 23.90399875 3.40000000
 C	10.00810168 23.90743989 3.40000000
 C	13.76501961 23.97997713 3.40000000
 C	-10.12767320 23.98341827 3.40000000
 C	41.41479880 24.04910903 3.40000000
 C	-6.37075527 24.05595551 3.40000000
 C	45.17182902 24.12167014 3.40000000
 C	21.27902391 24.12508741 3.40000000
 C	25.03611028 24.19766045 3.40000000
 C	1.14330224 24.20122956 3.40000000
 C	4.90031472 24.27373608 3.40000000
 C	-18.99247265 24.27720794 3.40000000
 C	32.55011458 24.34277072 3.40000000
 C	-15.23538628 24.34978098 3.40000000
 C	36.30708572 24.41547174 3.40000000
 C	12.41422447 24.41887708 3.40000000
 C	16.17131084 24.49145012 3.40000000
 C	-7.72138198 24.49489126 3.40000000
 C	43.82109002 24.56058201 3.40000000
 C	-3.96446405 24.56742850 3.40000000
 C	47.57800795 24.63311926 3.40000000
 C	23.68531513 24.63656040 3.40000000
 C	27.44223307 24.70909763 3.40000000
 C	3.54959346 24.71270255 3.40000000
 C	7.30649365 24.78518520 3.40000000
 C	-16.58618142 24.78868093 3.40000000
 C	34.95623737 24.85420791 3.40000000
 C	-12.82926349 24.86121817 3.40000000
 C	38.71337694 24.92694473 3.40000000
 C	14.82051569 24.93035007 3.40000000
 C	18.57754591 25.00291117 3.40000000
 C	-5.31525919 25.00632845 3.40000000
 C	46.22738124 25.07205500 3.40000000
 C	-1.55817283 25.07890149 3.40000000
 C	49.98429917 25.14459224 3.40000000
 C	26.09143792 25.14799759 3.40000000
 C	29.84852429 25.22057062 3.40000000
 C	5.95588468 25.22417554 3.40000000
 C	9.71278488 25.29665819 3.40000000
 C	-14.18005864 25.30011812 3.40000000
 C	37.36252859 25.36568090 3.40000000
 C	-10.42297227 25.37269116 3.40000000
 C	41.11949973 25.43838191 3.40000000
 C	17.22680691 25.44182306 3.40000000
 C	20.98372485 25.51436029 3.40000000
 C	-2.90896797 25.51780144 3.40000000
 C	48.63350403 25.58349219 3.40000000
 C	0.84794996 25.59033868 3.40000000
 C	28.49772914 25.65947058 3.40000000
 C	32.25475937 25.73203168 3.40000000
 C	8.36200747 25.73561273 3.40000000
 C	12.11907610 25.80813118 3.40000000
 C	-11.77376742 25.81159110 3.40000000
 C	39.76865137 25.87711808 3.40000000
 C	-8.01673719 25.88415221 3.40000000
 C	43.52579095 25.94985490 3.40000000
 C	19.63309814 25.95329605 3.40000000
 C	23.39001607 26.02583328 3.40000000
 C	-0.50284519 26.02923862 3.40000000
 C	3.25424118 26.10181167 3.40000000
 C	30.90402037 26.17094357 3.40000000
 C	-16.88148049 26.17795382 3.40000000
 C	34.66093830 26.24348080 3.40000000
 C	10.76829869 26.24708571 3.40000000
 C	14.52519888 26.31956837 3.40000000
 C	-9.36747619 26.32306409 3.40000000
 C	42.17494260 26.38859107 3.40000000
 C	-5.61055826 26.39560133 3.40000000
 C	45.93202603 26.46131596 3.40000000
 C	22.03922092 26.46473323 3.40000000
 C	25.79630729 26.53730627 3.40000000
 C	1.90344604 26.54071161 3.40000000
 C	5.66047626 26.61327272 3.40000000
 C	-18.23232885 26.61668999 3.40000000
 C	33.31031159 26.68241655 3.40000000
 C	-14.47518927 26.68942680 3.40000000
 C	37.06722952 26.75495379 3.40000000
 C	13.17442148 26.75852290 3.40000000
 C	16.93149011 26.83104135 3.40000000
 C	-6.96118497 26.83453708 3.40000000
 C	44.58123382 26.90006406 3.40000000
 C	-3.20426704 26.90707432 3.40000000
 C	48.33820496 26.97276508 3.40000000
 C	24.44551214 26.97620622 3.40000000
 C	28.20243008 27.04874345 3.40000000
 C	4.30973726 27.05218460 3.40000000
 C	8.06665519 27.12472184 3.40000000
 C	-15.82603763 27.12816298 3.40000000
 C	35.71643437 27.19385374 3.40000000
 C	-12.06906648 27.20086399 3.40000000
 C	39.47352074 27.26642677 3.40000000
 C	15.58071270 27.26999589 3.40000000
 C	19.33772518 27.34250241 3.40000000
 C	-4.55506218 27.34597427 3.40000000
 C	46.98752504 27.41153705 3.40000000
 C	-0.79797582 27.41854731 3.40000000
 C	50.74449618 27.48423807 3.40000000
 C	26.85163493 27.48764341 3.40000000
 C	30.60872130 27.56021644 3.40000000
 C	6.71602848 27.56365759 3.40000000
 C	10.47294641 27.63619483 3.40000000
 C	-13.41991484 27.63960016 3.40000000
 C	38.12272560 27.70532673 3.40000000
 C	-9.66277526 27.71233698 3.40000000
 C	41.87964353 27.77786396 3.40000000
 C	17.98700392 27.78146888 3.40000000
 C	21.74390412 27.85395153 3.40000000
 C	-2.14877096 27.85744726 3.40000000
 C	49.39364783 27.92297424 3.40000000
 C	1.60814697 27.92998450 3.40000000
 C	29.25792615 27.99911640 3.40000000
 C	33.01495638 28.07167750 3.40000000
 C	9.12215127 28.07509477 3.40000000
 C	12.87923763 28.14766782 3.40000000
 C	-11.01362362 28.15107315 3.40000000
 C	40.52884838 28.21676391 3.40000000
 C	-7.25654018 28.22379803 3.40000000
 C	44.28593475 28.28933695 3.40000000
 C	20.39329515 28.29294187 3.40000000
 C	24.15019534 28.36542452 3.40000000
 C	0.25735182 28.36888444 3.40000000
 C	4.01443819 28.44145749 3.40000000
 C	31.66421738 28.51058939 3.40000000
 C	-16.12133669 28.51743586 3.40000000
 C	35.42113531 28.58312662 3.40000000
 C	11.52844249 28.58656776 3.40000000
 C	15.28536042 28.65910500 3.40000000
 C	-8.60733240 28.66254614 3.40000000
 C	42.93513960 28.72823690 3.40000000
 C	-4.85036125 28.73524715 3.40000000
 C	46.69216983 28.80079800 3.40000000
 C	22.79941793 28.80437905 3.40000000
 C	26.55648656 28.87689751 3.40000000
 C	2.66364305 28.88035743 3.40000000
 C	6.42067327 28.95291854 3.40000000
 C	-17.47213184 28.95633582 3.40000000
 C	34.07050860 29.02206237 3.40000000
 C	-13.71504547 29.02890885 3.40000000
 C	37.82742653 29.09459961 3.40000000
 C	13.93456528 29.09800495 3.40000000
 C	17.69165164 29.17057799 3.40000000
 C	-6.20104117 29.17401913 3.40000000
 C	45.34143083 29.23970989 3.40000000
 C	-2.44407003 29.24672014 3.40000000
 C	49.09834876 29.31224712 3.40000000
 C	25.20570915 29.31585204 3.40000000
 C	28.96260935 29.38833469 3.40000000
 C	5.06993427 29.39183042 3.40000000
 C	8.82685220 29.46436766 3.40000000
 C	-15.06584062 29.46780881 3.40000000
 C	36.47663138 29.53349956 3.40000000
 C	-11.30892269 29.54034604 3.40000000
 C	40.23371775 29.60607259 3.40000000
 C	16.34085650 29.60947794 3.40000000
 C	20.09788672 29.68203905 3.40000000
 C	-3.79491839 29.68545632 3.40000000
 C	47.74772205 29.75118288 3.40000000
 C	-0.03777881 29.75819313 3.40000000
 C	51.50463998 29.82372011 3.40000000
 C	27.61183194 29.82728923 3.40000000
 C	31.36890057 29.89980768 3.40000000
 C	7.47622549 29.90330341 3.40000000
 C	11.23314342 29.97584065 3.40000000
 C	-12.65971783 29.97924599 3.40000000
 C	38.88292261 30.04497255 3.40000000
 C	-8.90263146 30.05181903 3.40000000
 C	42.63984054 30.11750978 3.40000000
 C	18.74714772 30.12095093 3.40000000
 C	22.50406565 30.19348817 3.40000000
 C	-1.38862716 30.19692930 3.40000000
 C	50.15384484 30.26262007 3.40000000
 C	2.36834398 30.26963032 3.40000000
 C	30.01812316 30.33876222 3.40000000
 C	33.77513565 30.41126874 3.40000000
 C	9.88234828 30.41474059 3.40000000
 C	13.63943464 30.48731364 3.40000000
 C	-10.25342661 30.49071898 3.40000000
 C	41.28904539 30.55640974 3.40000000
 C	-6.49639639 30.56328008 3.40000000
 C	45.04613176 30.62898277 3.40000000
 C	21.15343894 30.63242392 3.40000000
 C	24.91035687 30.70496116 3.40000000
 C	1.01749562 30.70836649 3.40000000
 C	4.77463520 30.78110331 3.40000000
 C	32.42441439 30.85023521 3.40000000
 C	-15.36113968 30.85708168 3.40000000
 C	36.18131458 30.92271786 3.40000000
 C	12.28863950 30.92621358 3.40000000
 C	16.04555743 30.99875083 3.40000000
 C	-7.84713539 31.00219197 3.40000000
 C	43.69533661 31.06788272 3.40000000
 C	-4.09021746 31.07472920 3.40000000
 C	47.45236684 31.14044382 3.40000000
 C	23.55956173 31.14386110 3.40000000
 C	27.31664810 31.21643415 3.40000000
 C	3.42378684 31.21983948 3.40000000
 C	7.18087028 31.29256436 3.40000000
 C	-16.71193483 31.29598164 3.40000000
 C	34.83070561 31.36170819 3.40000000
 C	-12.95484846 31.36855467 3.40000000
 C	38.58760580 31.43419085 3.40000000
 C	14.69476229 31.43765077 3.40000000
 C	18.45184865 31.51022381 3.40000000
 C	-5.44084416 31.51366496 3.40000000
 C	46.10162784 31.57935571 3.40000000
 C	-1.68392623 31.58620219 3.40000000
 C	49.85854577 31.65189294 3.40000000
 C	25.96585295 31.65533409 3.40000000
 C	29.72277088 31.72787133 3.40000000
 C	5.83007807 31.73131247 3.40000000
 C	9.58704921 31.80401348 3.40000000
 C	-14.30564361 31.80745463 3.40000000
 C	37.23682839 31.87314538 3.40000000
 C	-10.54872568 31.87999186 3.40000000
 C	40.99389702 31.94566383 3.40000000
 C	17.10105351 31.94912376 3.40000000
 C	20.85808373 32.02168487 3.40000000
 C	-3.03472138 32.02510215 3.40000000
 C	48.50791906 32.09082870 3.40000000
 C	0.72236499 32.09767518 3.40000000
 C	52.26483699 32.16336593 3.40000000
 C	28.37197574 32.16677128 3.40000000
 C	32.12906210 32.23934432 3.40000000
 C	8.23636929 32.24278546 3.40000000
 C	11.99334043 32.31548647 3.40000000
 C	-11.89952082 32.31889181 3.40000000
 C	39.64311962 32.38461837 3.40000000
 C	-8.14243445 32.39146485 3.40000000
 C	43.40001981 32.45710102 3.40000000
 C	19.50734473 32.46059675 3.40000000
 C	23.26426266 32.53313399 3.40000000
 C	-0.62843016 32.53657513 3.40000000
 C	50.91404185 32.60226589 3.40000000
 C	3.12848778 32.60911237 3.40000000
 C	30.77826696 32.67824427 3.40000000
 C	34.53529718 32.75080538 3.40000000
 C	10.64249207 32.75422264 3.40000000
 C	14.39963165 32.82695946 3.40000000
 C	-9.49322960 32.83036480 3.40000000
 C	42.04924240 32.89605556 3.40000000
 C	-5.73619938 32.90292590 3.40000000
 C	45.80631103 32.96857401 3.40000000
 C	21.91363595 32.97206974 3.40000000
 C	25.67055388 33.04460698 3.40000000
 C	1.77769263 33.04801232 3.40000000
 C	5.53477900 33.12058535 3.40000000
 C	33.18455818 33.18971725 3.40000000
 C	-14.60096041 33.19667292 3.40000000
 C	36.94147611 33.26225450 3.40000000
 C	13.04878330 33.26569563 3.40000000
 C	16.80575444 33.33839665 3.40000000
 C	-7.08693838 33.34183779 3.40000000
 C	44.45553362 33.40752854 3.40000000
 C	-3.33002044 33.41437502 3.40000000
 C	48.21254611 33.48003506 3.40000000
 C	24.31975874 33.48350692 3.40000000
 C	28.07684511 33.55607997 3.40000000
 C	4.18398385 33.55948531 3.40000000
 C	7.94101408 33.63204641 3.40000000
 C	-15.95173782 33.63562746 3.40000000
 C	35.59084941 33.70119024 3.40000000
 C	-12.19466919 33.70814591 3.40000000
 C	39.34776734 33.77372748 3.40000000
 C	15.45490608 33.77713282 3.40000000
 C	19.21204566 33.84986963 3.40000000
 C	-4.68064715 33.85331078 3.40000000
 C	46.86182485 33.91900153 3.40000000
 C	-0.92372922 33.92584801 3.40000000
 C	50.61872504 33.99148418 3.40000000
 C	26.72604996 33.99497991 3.40000000
 C	30.48296789 34.06751715 3.40000000
 C	6.59027507 34.07095830 3.40000000
 C	10.34719301 34.14349553 3.40000000
 C	-13.54544660 34.14710045 3.40000000
 C	37.99697219 34.21262743 3.40000000
 C	-9.78854641 34.21958310 3.40000000
 C	41.75405856 34.28520047 3.40000000
 C	17.86119731 34.28860581 3.40000000
 C	21.61828074 34.36133069 3.40000000
 C	-2.27452437 34.36474797 3.40000000
 C	49.26811607 34.43047452 3.40000000
 C	1.48256200 34.43732100 3.40000000
 C	53.02501626 34.50295717 3.40000000
 C	29.13217275 34.50641710 3.40000000
 C	32.88925911 34.57899014 3.40000000
 C	8.99656630 34.58243129 3.40000000
 C	12.75348423 34.65496852 3.40000000
 C	-11.13932381 34.65853763 3.40000000
 C	40.40326341 34.72410042 3.40000000
 C	-7.38225518 34.73105609 3.40000000
 C	44.16018134 34.79663766 3.40000000
 C	20.26748853 34.80007879 3.40000000
 C	24.02445967 34.87277981 3.40000000
 C	0.13176685 34.87622095 3.40000000
 C	51.67423886 34.94191171 3.40000000
 C	3.88868479 34.94875819 3.40000000
 C	31.53846397 35.01789009 3.40000000
 C	35.29549419 35.09045120 3.40000000
 C	11.40268908 35.09386847 3.40000000
 C	15.15977545 35.16644151 3.40000000
 C	-8.73303259 35.17001062 3.40000000
 C	42.80938620 35.23553760 3.40000000
 C	-4.97602011 35.24251714 3.40000000
 C	46.56647257 35.30811065 3.40000000
 C	22.67377975 35.31155178 3.40000000
 C	26.43075089 35.38425280 3.40000000
 C	2.53788964 35.38765814 3.40000000
 C	6.29497601 35.46023118 3.40000000
 C	33.94475519 35.52936307 3.40000000
 C	-13.84079888 35.53620956 3.40000000
 C	37.70167312 35.60190032 3.40000000
 C	13.80898031 35.60534146 3.40000000
 C	17.56589824 35.67787869 3.40000000
 C	-6.32674137 35.68148361 3.40000000
 C	45.21567742 35.74701059 3.40000000
 C	-2.56984117 35.75396626 3.40000000
 C	48.97270764 35.81957170 3.40000000
 C	25.07990254 35.82298897 3.40000000
 C	28.83704212 35.89572579 3.40000000
 C	4.94418086 35.89913113 3.40000000
 C	8.70121109 35.97169223 3.40000000
 C	-15.19159402 35.97510951 3.40000000
 C	36.35104642 36.04083606 3.40000000
 C	-11.43450766 36.04768255 3.40000000
 C	40.10796435 36.11337330 3.40000000
 C	16.21510309 36.11677865 3.40000000
 C	19.97218946 36.18935168 3.40000000
 C	-3.92045014 36.19295660 3.40000000
 C	47.62196864 36.25848358 3.40000000
 C	-0.16354995 36.26543925 3.40000000
 C	51.37888657 36.33102082 3.40000000
 C	27.48619376 36.33446196 3.40000000
 C	31.24316490 36.40716297 3.40000000
 C	7.35047208 36.41060412 3.40000000
 C	11.10739002 36.48314135 3.40000000
 C	-12.78530280 36.48658250 3.40000000
 C	38.75716920 36.55227325 3.40000000
 C	-9.02838487 36.55911974 3.40000000
 C	42.51425557 36.62484629 3.40000000
 C	18.62139431 36.62825164 3.40000000
 C	22.37842454 36.70081274 3.40000000
 C	-1.51432736 36.70439379 3.40000000
 C	50.02825987 36.76995657 3.40000000
 C	2.24274127 36.77691224 3.40000000
 C	53.78517780 36.84249381 3.40000000
 C	29.89231655 36.84589914 3.40000000
 C	33.64945612 36.91863596 3.40000000
 C	9.75676331 36.92207711 3.40000000
 C	13.51368124 36.99461434 3.40000000
 C	-10.37918001 36.99801968 3.40000000
 C	41.16346042 37.06374624 3.40000000
 C	-6.62209365 37.07059273 3.40000000
 C	44.92037835 37.13628348 3.40000000
 C	21.02768554 37.13972463 3.40000000
 C	24.78460347 37.21226186 3.40000000
 C	0.89196386 37.21586677 3.40000000
 C	52.43438265 37.28139376 3.40000000
 C	4.64886406 37.28834943 3.40000000
 C	32.29860777 37.35737213 3.40000000
 C	36.05569120 37.43009702 3.40000000
 C	12.16288609 37.43351429 3.40000000
 C	15.91997246 37.50608733 3.40000000
 C	-7.97288879 37.50949267 3.40000000
 C	43.56958321 37.57518342 3.40000000
 C	-4.21585857 37.58205378 3.40000000
 C	47.32666958 37.64775647 3.40000000
 C	23.43397676 37.65119761 3.40000000
 C	27.19089469 37.72373485 3.40000000
 C	3.29808665 37.72730396 3.40000000
 C	7.05515528 37.79982241 3.40000000
 C	34.70489899 37.86884512 3.40000000
 C	-13.08060187 37.87585538 3.40000000
 C	38.46187013 37.94154614 3.40000000
 C	14.56917732 37.94498728 3.40000000
 C	18.32609525 38.01752451 3.40000000
 C	-5.56659757 38.02096566 3.40000000
 C	45.97587443 38.08665641 3.40000000
 C	-1.80967964 38.09350290 3.40000000
 C	49.73290465 38.15921752 3.40000000
 C	25.84009955 38.16263480 3.40000000
 C	29.59718591 38.23520783 3.40000000
 C	5.70437787 38.23877695 3.40000000
 C	9.46139036 38.31128347 3.40000000
 C	37.11119021 38.38031811 3.40000000
 C	-10.67431065 38.38732837 3.40000000
 C	40.86816136 38.45301913 3.40000000
 C	16.97530010 38.45642447 3.40000000
 C	20.73238647 38.52899750 3.40000000
 C	-3.16030635 38.53243865 3.40000000
 C	48.38216566 38.59812940 3.40000000
 C	0.59661158 38.60497589 3.40000000
 C	52.13908359 38.67066664 3.40000000
 C	28.24639077 38.67410779 3.40000000
 C	32.00330870 38.74664502 3.40000000
 C	8.11066910 38.75024994 3.40000000
 C	11.86756929 38.82273259 3.40000000
 C	39.51731300 38.89175530 3.40000000
 C	-8.26818786 38.89876556 3.40000000
 C	43.27445258 38.96449211 3.40000000
 C	19.38159132 38.96789746 3.40000000
 C	23.13862155 39.04045856 3.40000000
 C	-0.75418356 39.04387583 3.40000000
 C	50.78845688 39.10960239 3.40000000
 C	3.00290281 39.11644888 3.40000000
 C	54.54537481 39.18213963 3.40000000
 C	30.65251355 39.18554497 3.40000000
 C	34.40959992 39.25811801 3.40000000
 C	10.51696032 39.26172293 3.40000000
 C	14.27386051 39.33420558 3.40000000
 C	41.92360422 39.40322829 3.40000000
 C	-5.86189664 39.41023855 3.40000000
 C	45.68057536 39.47592930 3.40000000
 C	21.78788255 39.47937045 3.40000000
 C	25.54480048 39.55190768 3.40000000
 C	1.65210766 39.55534882 3.40000000
 C	53.19457966 39.62103958 3.40000000
 C	5.40902559 39.62788606 3.40000000
 C	33.05880478 39.69701796 3.40000000
 C	36.81583500 39.76957906 3.40000000
 C	12.92308310 39.77316011 3.40000000
 C	16.68015173 39.84567857 3.40000000
 C	44.32972701 39.91466547 3.40000000
 C	-3.45566156 39.92169960 3.40000000
 C	48.08686659 39.98740229 3.40000000
 C	24.19417377 39.99084343 3.40000000
 C	27.95109170 40.06338067 3.40000000
 C	4.05823045 40.06678601 3.40000000
 C	7.81531681 40.13935905 3.40000000
 C	35.46509600 40.20849095 3.40000000
 C	39.22201393 40.28102818 3.40000000
 C	15.32937433 40.28463310 3.40000000
 C	19.08627452 40.35711575 3.40000000
 C	46.73601823 40.42613846 3.40000000
 C	-1.04948263 40.43314872 3.40000000
 C	50.49310166 40.49886334 3.40000000
 C	26.60029656 40.50228062 3.40000000
 C	30.35738292 40.57485365 3.40000000
 C	6.46452167 40.57825900 3.40000000
 C	10.22155189 40.65082011 3.40000000
 C	37.87138722 40.71996394 3.40000000
 C	41.62830515 40.79250117 3.40000000
 C	17.73549711 40.79607029 3.40000000
 C	21.49256574 40.86858874 3.40000000
 C	49.14230945 40.93761145 3.40000000
 C	1.35680859 40.94462171 3.40000000
 C	52.89928060 41.01031246 3.40000000
 C	29.00658778 41.01375361 3.40000000
 C	32.76350571 41.08629084 3.40000000
 C	8.87081289 41.08973199 3.40000000
 C	12.62773082 41.16226923 3.40000000
 C	40.27751001 41.23140113 3.40000000
 C	44.03459638 41.30397416 3.40000000
 C	20.14178833 41.30754328 3.40000000
 C	23.89880082 41.38004980 3.40000000
 C	51.54860068 41.44908444 3.40000000
 C	3.76309982 41.45609470 3.40000000
 C	55.30557182 41.52178545 3.40000000
 C	31.41271056 41.52519080 3.40000000
 C	35.16979693 41.59776383 3.40000000
 C	11.27710412 41.60120498 3.40000000
 C	15.03402205 41.67374222 3.40000000
 C	42.68380123 41.74287412 3.40000000
 C	46.44071916 41.81541135 3.40000000
 C	22.54807956 41.81901627 3.40000000
 C	26.30497975 41.89149892 3.40000000
 C	53.95472346 41.96052162 3.40000000
 C	6.16922260 41.96753189 3.40000000
 C	33.81900179 42.03666378 3.40000000
 C	37.57603201 42.10922488 3.40000000
 C	13.68322690 42.11264216 3.40000000
 C	17.44031327 42.18521521 3.40000000
 C	45.08992402 42.25431130 3.40000000
 C	48.84701038 42.32688434 3.40000000
 C	24.95437078 42.33048925 3.40000000
 C	28.71127097 42.40297191 3.40000000
 C	8.57551382 42.47900487 3.40000000
 C	36.22529301 42.54813677 3.40000000
 C	39.98221094 42.62067400 3.40000000
 C	16.08951812 42.62411515 3.40000000
 C	19.84643605 42.69665239 3.40000000
 C	47.49621524 42.76578429 3.40000000
 C	51.25324546 42.83834539 3.40000000
 C	27.36049357 42.84192644 3.40000000
 C	31.11756219 42.91444489 3.40000000
 C	10.98174890 42.99046593 3.40000000
 C	38.63158423 43.05960976 3.40000000
 C	42.38850216 43.13214699 3.40000000
 C	18.49564091 43.13555234 3.40000000
 C	22.25272728 43.20812538 3.40000000
 C	49.90250646 43.27725728 3.40000000
 C	53.65942439 43.34979451 3.40000000
 C	29.76678479 43.35339943 3.40000000
 C	33.52368498 43.42588208 3.40000000
 C	13.38792783 43.50191505 3.40000000
 C	41.03770702 43.57104695 3.40000000
 C	44.79479339 43.64361998 3.40000000
 C	20.90193213 43.64702533 3.40000000
 C	24.65896235 43.71958644 3.40000000
 C	52.30879768 43.78873027 3.40000000
 C	56.06571562 43.86126750 3.40000000
 C	32.17290757 43.86483662 3.40000000
 C	35.92997620 43.93735507 3.40000000
 C	15.79421906 44.01338804 3.40000000
 C	43.44399824 44.08251994 3.40000000
 C	47.20091617 44.15505717 3.40000000
 C	23.30822335 44.15849831 3.40000000
 C	27.06514128 44.23103556 3.40000000
 C	54.71492047 44.30016745 3.40000000
 C	34.57919880 44.37630960 3.40000000
 C	38.33621128 44.44881612 3.40000000
 C	18.20051028 44.52486103 3.40000000
 C	45.85012103 44.59395712 3.40000000
 C	49.60720739 44.66653016 3.40000000
 C	25.71451458 44.66997130 3.40000000
 C	29.47143251 44.74250854 3.40000000
 C	36.98549002 44.88778259 3.40000000
 C	40.74239021 44.96026524 3.40000000
 C	20.60663306 45.03629821 3.40000000
 C	48.25641225 45.10543011 3.40000000
 C	52.01344247 45.17799121 3.40000000
 C	28.12063736 45.18140849 3.40000000
 C	31.87772373 45.25398153 3.40000000
 C	39.39178124 45.39925558 3.40000000
 C	43.14868143 45.47173823 3.40000000
 C	23.01292429 45.54777120 3.40000000
 C	50.66270347 45.61690310 3.40000000
 C	54.41962140 45.68944033 3.40000000
 C	30.52692859 45.69288148 3.40000000
 C	34.28384652 45.76541872 3.40000000
 C	41.79790403 45.91069277 3.40000000
 C	45.55497266 45.98321122 3.40000000
 C	25.41915936 46.05923226 3.40000000
 C	53.06899469 46.12837609 3.40000000
 C	56.82591263 46.20091332 3.40000000
 C	32.93305137 46.20431866 3.40000000
 C	36.69013774 46.27689171 3.40000000
 C	44.20419525 46.42216576 3.40000000
 C	47.96109544 46.49464841 3.40000000
 C	27.82533829 46.57068138 3.40000000
 C	55.47511748 46.63981327 3.40000000
 C	35.33934259 46.71579165 3.40000000
 C	39.09637282 46.78835276 3.40000000
 C	46.61031804 46.93360294 3.40000000
 C	50.36738667 47.00612140 3.40000000
 C	30.23162952 47.08215436 3.40000000
 C	37.74563382 47.22726464 3.40000000
 C	41.50255175 47.29980188 3.40000000
 C	49.01660926 47.44507593 3.40000000
 C	52.77362174 47.51758245 3.40000000
 C	32.63792074 47.59362735 3.40000000
 C	40.15192504 47.73873763 3.40000000
 C	43.90884297 47.81127487 3.40000000
 C	51.42290048 47.95654892 3.40000000
 C	55.17980067 48.02903157 3.40000000
 C	35.04404353 48.10506454 3.40000000
 C	42.55804782 48.25017482 3.40000000
 C	46.31513419 48.32274786 3.40000000
 C	53.82919170 48.46802191 3.40000000
 C	57.58609190 48.54050456 3.40000000
 C	37.45033475 48.61653753 3.40000000
 C	44.96433905 48.76164780 3.40000000
 C	48.72125698 48.83418505 3.40000000
 C	56.23531449 48.97945910 3.40000000
 C	39.85656983 49.12799858 3.40000000
 C	47.37046183 49.27308499 3.40000000
 C	51.12754820 49.34565804 3.40000000
 C	42.26274876 49.63944770 3.40000000
 C	49.77675306 49.78455798 3.40000000
 C	53.53378328 49.85711909 3.40000000
 C	44.66903998 50.15092069 3.40000000
 C	52.18304428 50.29603097 3.40000000
 C	55.93996221 50.36856821 3.40000000
 C	47.07533120 50.66239368 3.40000000
 C	54.58933550 50.80750396 3.40000000
 C	58.34625343 50.88004120 3.40000000
 C	49.48145399 51.17383087 3.40000000
 C	56.99545829 51.31894114 3.40000000
 C	51.88774521 51.68530386 3.40000000
 C	54.29398029 52.19676491 3.40000000
 C	56.70015922 52.70821403 3.40000000
 C	59.10645044 53.21968702 3.40000000
