 C	-37.39409239 -34.87055528 3.40000000
 C	-34.99709409 -34.31716462 3.40000000
 C	-32.60026358 -33.76381270 3.40000000
 C	-30.20326528 -33.21042203 3.40000000
 C	-35.31659434 -32.93325701 3.40000000
 C	-27.80626698 -32.65703137 3.40000000
 C	-36.67484361 -32.51799853 3.40000000
 C	-32.91959604 -32.37986634 3.40000000
 C	-25.40926868 -32.10364071 3.40000000
 C	-34.27784531 -31.96460787 3.40000000
 C	-30.52276553 -31.82651442 3.40000000
 C	-23.01243817 -31.55028879 3.40000000
 C	-31.88101480 -31.41125595 3.40000000
 C	-28.12576723 -31.27312376 3.40000000
 C	-20.61543987 -30.99689813 3.40000000
 C	-29.48401650 -30.85786529 3.40000000
 C	-25.72882486 -30.71974601 3.40000000
 C	-34.59734556 -30.58070026 3.40000000
 C	-18.21860936 -30.44354620 3.40000000
 C	-27.08701820 -30.30447463 3.40000000
 C	-23.33193842 -30.16638117 3.40000000
 C	-35.95564518 -30.16560646 3.40000000
 C	-32.20034726 -30.02730960 3.40000000
 C	-15.82161106 -29.89015554 3.40000000
 C	-24.69001991 -29.75108396 3.40000000
 C	-20.93494012 -29.61299051 3.40000000
 C	-33.55864688 -29.61221580 3.40000000
 C	-29.80351675 -29.47395767 3.40000000
 C	-13.42461276 -29.33676488 3.40000000
 C	-22.29318939 -29.19773204 3.40000000
 C	-18.53794182 -29.05959985 3.40000000
 C	-31.16181637 -29.05886388 3.40000000
 C	-27.40651845 -28.92056701 3.40000000
 C	-11.02761447 -28.78337422 3.40000000
 C	-19.89619109 -28.64434138 3.40000000
 C	-16.14111131 -28.50624793 3.40000000
 C	-28.76481807 -28.50547321 3.40000000
 C	-25.00957608 -28.36718926 3.40000000
 C	-8.63078395 -28.23002229 3.40000000
 C	-33.87814713 -28.22830819 3.40000000
 C	-17.49936058 -28.09098945 3.40000000
 C	-13.74411301 -27.95285726 3.40000000
 C	-26.36781977 -27.95208255 3.40000000
 C	-22.61268964 -27.81382442 3.40000000
 C	-35.23639640 -27.81304970 3.40000000
 C	-6.23378566 -27.67663163 3.40000000
 C	-31.48114883 -27.67491752 3.40000000
 C	-15.10236228 -27.53759879 3.40000000
 C	-11.34717064 -27.39947951 3.40000000
 C	-23.97082147 -27.39869189 3.40000000
 C	-20.21569134 -27.26043376 3.40000000
 C	-32.83939810 -27.25965904 3.40000000
 C	-3.83695514 -27.12327971 3.40000000
 C	-29.08431832 -27.12156560 3.40000000
 C	-12.70536399 -26.98420813 3.40000000
 C	-8.95028420 -26.84611468 3.40000000
 C	-21.57399096 -26.84533997 3.40000000
 C	-17.81869304 -26.70704310 3.40000000
 C	-30.44256759 -26.70630712 3.40000000
 C	-1.43995685 -26.56988905 3.40000000
 C	-26.68732002 -26.56817494 3.40000000
 C	-10.30836569 -26.43081747 3.40000000
 C	-6.55328590 -26.29272402 3.40000000
 C	-19.17699266 -26.29194931 3.40000000
 C	-15.42186253 -26.15369118 3.40000000
 C	-28.04556929 -26.15291646 3.40000000
 C	0.95704145 -26.01649838 3.40000000
 C	-24.29037765 -26.01479719 3.40000000
 C	-7.91153518 -25.87746554 3.40000000
 C	-33.15889835 -25.87575144 3.40000000
 C	-4.15628761 -25.73933336 3.40000000
 C	-16.78016215 -25.73859738 3.40000000
 C	-13.02486423 -25.60030052 3.40000000
 C	-25.64857099 -25.59952580 3.40000000
 C	3.35403975 -25.46310772 3.40000000
 C	-21.89349121 -25.46143235 3.40000000
 C	-34.51714762 -25.46049296 3.40000000
 C	-5.51453688 -25.32407488 3.40000000
 C	-30.76190005 -25.32236078 3.40000000
 C	-1.75945709 -25.18598143 3.40000000
 C	-14.38316385 -25.18520672 3.40000000
 C	-10.62792186 -25.04692277 3.40000000
 C	-23.25157270 -25.04613513 3.40000000
 C	5.75087026 -24.90975580 3.40000000
 C	-19.49649291 -24.90804169 3.40000000
 C	-32.12014932 -24.90710229 3.40000000
 C	-3.11770637 -24.77072296 3.40000000
 C	-28.36506954 -24.76900885 3.40000000
 C	0.63754120 -24.63259077 3.40000000
 C	-11.98616555 -24.63181606 3.40000000
 C	-8.23103542 -24.49355793 3.40000000
 C	-20.85474218 -24.49278321 3.40000000
 C	8.14786856 -24.35636514 3.40000000
 C	-17.09949461 -24.35465103 3.40000000
 C	-29.72331881 -24.35375037 3.40000000
 C	-0.72070807 -24.21733230 3.40000000
 C	-25.96807124 -24.21561819 3.40000000
 C	3.03448357 -24.07921302 3.40000000
 C	-9.58916726 -24.07842540 3.40000000
 C	-5.83403713 -23.94016727 3.40000000
 C	-18.45774389 -23.93939255 3.40000000
 C	10.54469907 -23.80301321 3.40000000
 C	-14.70266410 -23.80129911 3.40000000
 C	-27.32632051 -23.80035971 3.40000000
 C	1.67629023 -23.66394164 3.40000000
 C	-23.57112887 -23.66224044 3.40000000
 C	5.43137001 -23.52584818 3.40000000
 C	-7.19233674 -23.52507347 3.40000000
 C	-32.43966635 -23.52324957 3.40000000
 C	-3.43703883 -23.38677661 3.40000000
 C	-16.06091337 -23.38604062 3.40000000
 C	12.94169737 -23.24962255 3.40000000
 C	-12.30566580 -23.24790844 3.40000000
 C	-24.92932222 -23.24696905 3.40000000
 C	4.07328853 -23.11055097 3.40000000
 C	-21.17424243 -23.10887560 3.40000000
 C	-33.79789884 -23.10793621 3.40000000
 C	7.82836831 -22.97245752 3.40000000
 C	-4.79533845 -22.97168281 3.40000000
 C	-30.04266806 -22.96985891 3.40000000
 C	-1.04020832 -22.83342468 3.40000000
 C	-13.66391508 -22.83264996 3.40000000
 C	15.33869567 -22.69623189 3.40000000
 C	-9.90872343 -22.69453069 3.40000000
 C	-22.53232392 -22.69357839 3.40000000
 C	6.47011904 -22.55719905 3.40000000
 C	-18.77724413 -22.55548494 3.40000000
 C	-31.40090055 -22.55454555 3.40000000
 C	10.22536661 -22.41906686 3.40000000
 C	-2.39850793 -22.41833089 3.40000000
 C	-27.64583754 -22.41650699 3.40000000
 C	1.35678998 -22.28003402 3.40000000
 C	-11.26691678 -22.27925930 3.40000000
 C	17.73569397 -22.14284123 3.40000000
 C	-7.51183699 -22.14116586 3.40000000
 C	-20.13549341 -22.14022646 3.40000000
 C	8.86711734 -22.00380839 3.40000000
 C	-16.38024583 -22.00209428 3.40000000
 C	-29.00407003 -22.00119362 3.40000000
 C	12.62219712 -21.86571494 3.40000000
 C	-0.00150963 -21.86494023 3.40000000
 C	-25.24883925 -21.86311632 3.40000000
 C	3.75373235 -21.72665627 3.40000000
 C	-8.86991848 -21.72586864 3.40000000
 C	20.13252448 -21.58948930 3.40000000
 C	-5.11483869 -21.58777520 3.40000000
 C	-17.73849511 -21.58683580 3.40000000
 C	11.26394785 -21.45045646 3.40000000
 C	-13.98341532 -21.44874236 3.40000000
 C	-26.60707174 -21.44780296 3.40000000
 C	15.01919542 -21.31232427 3.40000000
 C	2.39548866 -21.31154956 3.40000000
 C	-22.85189688 -21.30973858 3.40000000
 C	6.15061879 -21.17329144 3.40000000
 C	-6.47308797 -21.17251671 3.40000000
 C	-31.72045114 -21.17080261 3.40000000
 C	22.52952278 -21.03609864 3.40000000
 C	-2.71784039 -21.03438454 3.40000000
 C	-15.34166460 -21.03348388 3.40000000
 C	13.66094615 -20.89706580 3.40000000
 C	-11.58641702 -20.89535170 3.40000000
 C	-24.21007344 -20.89441230 3.40000000
 C	17.41613779 -20.75894653 3.40000000
 C	4.79248696 -20.75815890 3.40000000
 C	-20.45501044 -20.75637374 3.40000000
 C	-33.07870041 -20.75554414 3.40000000
 C	8.54761709 -20.61990077 3.40000000
 C	-4.07608967 -20.61912605 3.40000000
 C	-29.32345284 -20.61741195 3.40000000
 C	24.92635329 -20.48274672 3.40000000
 C	-0.32100988 -20.48103261 3.40000000
 C	-12.94466630 -20.48009321 3.40000000
 C	16.05794445 -20.34367514 3.40000000
 C	-9.18947465 -20.34197395 3.40000000
 C	-21.81307514 -20.34102164 3.40000000
 C	19.81302423 -20.20558169 3.40000000
 C	7.18931747 -20.20480698 3.40000000
 C	-18.05801214 -20.20298308 3.40000000
 C	-30.68170211 -20.20215347 3.40000000
 C	10.94461539 -20.06651011 3.40000000
 C	-1.67925916 -20.06577413 3.40000000
 C	-26.92662233 -20.06406002 3.40000000
 C	27.32335159 -19.92935606 3.40000000
 C	2.07598842 -19.92764195 3.40000000
 C	-10.54766800 -19.92670255 3.40000000
 C	18.45494275 -19.79028448 3.40000000
 C	-6.79258821 -19.78860911 3.40000000
 C	-19.41624463 -19.78766971 3.40000000
 C	22.21002253 -19.65219103 3.40000000
 C	9.58631577 -19.65141632 3.40000000
 C	-15.66101384 -19.64959242 3.40000000
 C	-28.28487160 -19.64880155 3.40000000
 C	13.34144590 -19.51315819 3.40000000
 C	0.71773914 -19.51238347 3.40000000
 C	-24.52962403 -19.51066936 3.40000000
 C	29.72034989 -19.37596540 3.40000000
 C	4.47293079 -19.37426420 3.40000000
 C	-8.15066970 -19.37331189 3.40000000
 C	20.85177326 -19.23693256 3.40000000
 C	-4.39558991 -19.23521845 3.40000000
 C	-17.01924633 -19.23427905 3.40000000
 C	24.60702083 -19.09880037 3.40000000
 C	11.98314628 -19.09806439 3.40000000
 C	-13.26418333 -19.09624049 3.40000000
 C	-25.88787330 -19.09541089 3.40000000
 C	15.73844420 -18.95976753 3.40000000
 C	3.11473744 -18.95899281 3.40000000
 C	-22.13268166 -18.95729161 3.40000000
 C	32.11734819 -18.82257473 3.40000000
 C	6.86981723 -18.82089936 3.40000000
 C	-5.75383919 -18.81995997 3.40000000
 C	-31.00120236 -18.81824586 3.40000000
 C	23.24877156 -18.68354189 3.40000000
 C	-1.99859162 -18.68182779 3.40000000
 C	-14.62241582 -18.68092713 3.40000000
 C	27.00385134 -18.54544844 3.40000000
 C	14.38014458 -18.54467373 3.40000000
 C	-10.86718503 -18.54284983 3.40000000
 C	-23.49087500 -18.54202023 3.40000000
 C	18.13538657 -18.40638978 3.40000000
 C	5.51173574 -18.40560214 3.40000000
 C	-19.73579522 -18.40392677 3.40000000
 C	-32.35945163 -18.40298739 3.40000000
 C	34.51417870 -18.26922281 3.40000000
 C	9.26681552 -18.26750870 3.40000000
 C	-3.35684089 -18.26656931 3.40000000
 C	-28.60420406 -18.26485520 3.40000000
 C	25.64560207 -18.13018997 3.40000000
 C	0.39823890 -18.12847586 3.40000000
 C	-12.22541752 -18.12753647 3.40000000
 C	29.40084964 -17.99205778 3.40000000
 C	16.77714288 -17.99128307 3.40000000
 C	-8.47024266 -17.98947208 3.40000000
 C	-21.09387671 -17.98862957 3.40000000
 C	20.53227301 -17.85302494 3.40000000
 C	7.90856625 -17.85225022 3.40000000
 C	-17.33879692 -17.85053611 3.40000000
 C	-29.96245333 -17.84959673 3.40000000
 C	11.66381382 -17.71411804 3.40000000
 C	-0.96001038 -17.71321738 3.40000000
 C	-26.20737355 -17.71150327 3.40000000
 C	28.04260037 -17.57679931 3.40000000
 C	2.79523719 -17.57508520 3.40000000
 C	-9.82841922 -17.57414580 3.40000000
 C	31.79779201 -17.43868003 3.40000000
 C	19.17414118 -17.43789241 3.40000000
 C	-6.07335622 -17.43610724 3.40000000
 C	-18.69704619 -17.43527764 3.40000000
 C	22.92927131 -17.29963428 3.40000000
 C	10.30556455 -17.29885956 3.40000000
 C	-14.94179862 -17.29714545 3.40000000
 C	-27.56562282 -17.29624480 3.40000000
 C	14.06064433 -17.16076612 3.40000000
 C	1.43698792 -17.15982672 3.40000000
 C	-23.81037525 -17.15811261 3.40000000
 C	30.43959867 -17.02340865 3.40000000
 C	5.19217956 -17.02170745 3.40000000
 C	-7.43142092 -17.02075514 3.40000000
 C	34.19467845 -16.88531519 3.40000000
 C	21.57097169 -16.88454048 3.40000000
 C	-3.67635792 -16.88271658 3.40000000
 C	-16.30004790 -16.88188698 3.40000000
 C	25.32626961 -16.74624362 3.40000000
 C	12.70239506 -16.74550763 3.40000000
 C	-12.54496811 -16.74379353 3.40000000
 C	-25.16862452 -16.74285414 3.40000000
 C	16.45764263 -16.60737545 3.40000000
 C	3.83398622 -16.60643606 3.40000000
 C	-21.41343288 -16.60473486 3.40000000
 C	32.83659696 -16.47001799 3.40000000
 C	7.58906600 -16.46834262 3.40000000
 C	-5.03459041 -16.46740322 3.40000000
 C	-30.28195358 -16.46568911 3.40000000
 C	36.59167675 -16.33192453 3.40000000
 C	23.96796999 -16.33114982 3.40000000
 C	-1.27935962 -16.32932592 3.40000000
 C	-13.90321738 -16.32853505 3.40000000
 C	27.72310012 -16.19289169 3.40000000
 C	15.09939336 -16.19211697 3.40000000
 C	-10.14796981 -16.19040287 3.40000000
 C	-22.77162623 -16.18946348 3.40000000
 C	18.85458500 -16.05399771 3.40000000
 C	6.23098452 -16.05304540 3.40000000
 C	-19.01654644 -16.05137003 3.40000000
 C	-31.64025320 -16.05059532 3.40000000
 C	35.23342748 -15.91666606 3.40000000
 C	9.98606430 -15.91495195 3.40000000
 C	-2.63759211 -15.91401256 3.40000000
 C	-27.88495528 -15.91229845 3.40000000
 C	26.36480050 -15.77779790 3.40000000
 C	1.11747089 -15.77597400 3.40000000
 C	-11.50621909 -15.77514439 3.40000000
 C	30.12009842 -15.63950103 3.40000000
 C	17.49639166 -15.63872631 3.40000000
 C	-7.75102744 -15.63702512 3.40000000
 C	-20.37462793 -15.63607282 3.40000000
 C	21.25147144 -15.50063287 3.40000000
 C	8.62781503 -15.49969347 3.40000000
 C	-16.61954814 -15.49797936 3.40000000
 C	-29.24325490 -15.49720465 3.40000000
 C	12.38306260 -15.36156129 3.40000000
 C	-0.24076160 -15.36066063 3.40000000
 C	-25.48812477 -15.35894653 3.40000000
 C	28.76179880 -15.22440724 3.40000000
 C	3.51446919 -15.22258334 3.40000000
 C	-9.10922079 -15.22175373 3.40000000
 C	32.51704079 -15.08612328 3.40000000
 C	19.89338996 -15.08533565 3.40000000
 C	-5.35414100 -15.08366028 3.40000000
 C	-17.97779742 -15.08272089 3.40000000
 C	23.64846974 -14.94724221 3.40000000
 C	11.02481333 -14.94630281 3.40000000
 C	-14.22254985 -14.94458870 3.40000000
 C	-26.84642439 -14.94385273 3.40000000
 C	14.77989311 -14.80820937 3.40000000
 C	2.15623670 -14.80726997 3.40000000
 C	-23.09112647 -14.80555586 3.40000000
 C	31.15879710 -14.67101658 3.40000000
 C	5.91141156 -14.66920559 3.40000000
 C	-6.71222249 -14.66836307 3.40000000
 C	34.91392723 -14.53275845 3.40000000
 C	22.29022047 -14.53198373 3.40000000
 C	-2.95714271 -14.53026962 3.40000000
 C	-15.58079912 -14.52933023 3.40000000
 C	26.04546804 -14.39385155 3.40000000
 C	13.42164384 -14.39295089 3.40000000
 C	-11.82571933 -14.39123678 3.40000000
 C	-24.44942609 -14.39046207 3.40000000
 C	17.17689141 -14.25481871 3.40000000
 C	4.55323500 -14.25387931 3.40000000
 C	-20.69418410 -14.25217811 3.40000000
 C	33.55579540 -14.11762591 3.40000000
 C	8.30829800 -14.11584075 3.40000000
 C	-4.31539198 -14.11501115 3.40000000
 C	-29.56275515 -14.11329704 3.40000000
 C	37.31092553 -13.97936778 3.40000000
 C	24.68721877 -13.97859306 3.40000000
 C	-0.56014441 -13.97687896 3.40000000
 C	-13.18396861 -13.97597831 3.40000000
 C	28.44229855 -13.84049962 3.40000000
 C	15.81864214 -13.83956022 3.40000000
 C	-9.42872104 -13.83784612 3.40000000
 C	-22.05242779 -13.83707141 3.40000000
 C	19.57383378 -13.70144096 3.40000000
 C	6.95023330 -13.70048865 3.40000000
 C	-18.29729766 -13.69881328 3.40000000
 C	-30.92100442 -13.69803856 3.40000000
 C	35.95262591 -13.56427399 3.40000000
 C	10.70529630 -13.56245009 3.40000000
 C	-1.91839368 -13.56162049 3.40000000
 C	-27.16575685 -13.55990638 3.40000000
 C	27.08404928 -13.42524114 3.40000000
 C	1.83668610 -13.42352703 3.40000000
 C	-10.78697031 -13.42258765 3.40000000
 C	30.83929685 -13.28710896 3.40000000
 C	18.21564044 -13.28616956 3.40000000
 C	-7.03177867 -13.28446837 3.40000000
 C	-19.65542950 -13.28368075 3.40000000
 C	21.97072022 -13.14807612 3.40000000
 C	9.34706381 -13.14713672 3.40000000
 C	-15.90029937 -13.14542262 3.40000000
 C	-28.52400613 -13.14464790 3.40000000
 C	13.10229460 -13.00905943 3.40000000
 C	0.47843683 -13.00826856 3.40000000
 C	-24.76892634 -13.00655445 3.40000000
 C	29.48104758 -12.87185048 3.40000000
 C	4.23368440 -12.87013637 3.40000000
 C	-8.38997201 -12.86919698 3.40000000
 C	33.23623922 -12.73373121 3.40000000
 C	20.61263873 -12.73277890 3.40000000
 C	-4.63489223 -12.73110353 3.40000000
 C	-17.25859898 -12.73032882 3.40000000
 C	24.36771852 -12.59468546 3.40000000
 C	11.74406211 -12.59374606 3.40000000
 C	-13.50330107 -12.59203196 3.40000000
 C	-26.12717561 -12.59129597 3.40000000
 C	15.49912511 -12.45570750 3.40000000
 C	2.87543513 -12.45487790 3.40000000
 C	-22.37192804 -12.45316379 3.40000000
 C	31.87804587 -12.31845982 3.40000000
 C	6.63062677 -12.31675862 3.40000000
 C	-5.99297371 -12.31580632 3.40000000
 C	35.63312566 -12.18036637 3.40000000
 C	23.00946925 -12.17942698 3.40000000
 C	-2.23789393 -12.17771287 3.40000000
 C	-14.86160069 -12.17693816 3.40000000
 C	26.76471682 -12.04129480 3.40000000
 C	14.14089262 -12.04039414 3.40000000
 C	-11.10647055 -12.03868003 3.40000000
 C	-23.73017732 -12.03790531 3.40000000
 C	17.89612341 -11.90231684 3.40000000
 C	5.27243343 -11.90148724 3.40000000
 C	-19.97498567 -11.89978604 3.40000000
 C	34.27504417 -11.76506916 3.40000000
 C	9.02751321 -11.76339379 3.40000000
 C	-3.59614320 -11.76245440 3.40000000
 C	-28.84350637 -11.76074029 3.40000000
 C	38.03012396 -11.62697571 3.40000000
 C	25.40646754 -11.62603632 3.40000000
 C	0.15910437 -11.62432221 3.40000000
 C	-12.46477017 -11.62358623 3.40000000
 C	29.16154733 -11.48794287 3.40000000
 C	16.53789092 -11.48700348 3.40000000
 C	-8.70947226 -11.48528937 3.40000000
 C	-21.33317902 -11.48451465 3.40000000
 C	20.29306578 -11.34893909 3.40000000
 C	7.66943173 -11.34809658 3.40000000
 C	-17.57809923 -11.34642121 3.40000000
 C	-30.20175565 -11.34548181 3.40000000
 C	36.67187468 -11.21171723 3.40000000
 C	11.42451151 -11.21000312 3.40000000
 C	-1.19914490 -11.20906374 3.40000000
 C	-26.44650807 -11.20734963 3.40000000
 C	27.80329806 -11.07268439 3.40000000
 C	2.55593488 -11.07097028 3.40000000
 C	-10.06777187 -11.07019557 3.40000000
 C	31.55854563 -10.93455221 3.40000000
 C	18.93488921 -10.93361282 3.40000000
 C	-6.31252989 -10.93191162 3.40000000
 C	-18.93618072 -10.93112399 3.40000000
 C	22.68995222 -10.79557425 3.40000000
 C	10.06626224 -10.79474465 3.40000000
 C	-15.18110093 -10.79303054 3.40000000
 C	-27.80475735 -10.79209115 3.40000000
 C	13.82150981 -10.65661246 3.40000000
 C	1.19768561 -10.65571181 3.40000000
 C	-24.04967756 -10.65399770 3.40000000
 C	30.20029635 -10.51929373 3.40000000
 C	4.95293318 -10.51757962 3.40000000
 C	-7.67077358 -10.51680491 3.40000000
 C	33.95548800 -10.38117446 3.40000000
 C	21.33188751 -10.38022215 3.40000000
 C	-3.91564345 -10.37854678 3.40000000
 C	-16.53935021 -10.37777206 3.40000000
 C	25.08695051 -10.24218359 3.40000000
 C	12.46326054 -10.24135399 3.40000000
 C	-12.78410263 -10.23963988 3.40000000
 C	-25.40792684 -10.23873922 3.40000000
 C	16.21834032 -10.10326054 3.40000000
 C	3.59468391 -10.10232115 3.40000000
 C	-21.65267926 -10.10060704 3.40000000
 C	32.59729465 -9.96590307 3.40000000
 C	7.34987555 -9.96420187 3.40000000
 C	-5.27377528 -9.96341425 3.40000000
 C	36.35237444 -9.82780963 3.40000000
 C	23.72871802 -9.82687023 3.40000000
 C	-1.51864515 -9.82515612 3.40000000
 C	-14.14235191 -9.82438140 3.40000000
 C	27.48394881 -9.68879293 3.40000000
 C	14.86009105 -9.68800207 3.40000000
 C	-10.38727212 -9.68628796 3.40000000
 C	-23.01092854 -9.68534856 3.40000000
 C	18.61533862 -9.54986988 3.40000000
 C	5.99168221 -9.54893049 3.40000000
 C	-19.25573689 -9.54722929 3.40000000
 C	34.99429295 -9.41251241 3.40000000
 C	9.74676199 -9.41083704 3.40000000
 C	-2.87694477 -9.41006233 3.40000000
 C	-28.12427438 -9.40823843 3.40000000
 C	38.74937274 -9.27441896 3.40000000
 C	26.12571632 -9.27347957 3.40000000
 C	0.87835315 -9.27176546 3.40000000
 C	-11.74552140 -9.27102948 3.40000000
 C	29.88077932 -9.13544101 3.40000000
 C	17.25708935 -9.13461140 3.40000000
 C	-7.99027382 -9.13289730 3.40000000
 C	-20.61393024 -9.13195790 3.40000000
 C	21.01228099 -8.99649213 3.40000000
 C	8.38868051 -8.99553983 3.40000000
 C	-16.85885045 -8.99386446 3.40000000
 C	-29.48250687 -8.99292506 3.40000000
 C	37.39112346 -8.85916048 3.40000000
 C	12.14376029 -8.85744638 3.40000000
 C	-0.47994647 -8.85667166 3.40000000
 C	-25.72727608 -8.85484776 3.40000000
 C	28.52254683 -8.72012764 3.40000000
 C	3.27518366 -8.71841354 3.40000000
 C	-9.34852310 -8.71763882 3.40000000
 C	32.27777762 -8.58205035 3.40000000
 C	19.65408765 -8.58122074 3.40000000
 C	-5.59333145 -8.57951955 3.40000000
 C	-18.21693194 -8.57856724 3.40000000
 C	23.40916743 -8.44312729 3.40000000
 C	10.78551102 -8.44218790 3.40000000
 C	-14.46185215 -8.44047380 3.40000000
 C	-27.08550857 -8.43953440 3.40000000
 C	14.54075859 -8.30405571 3.40000000
 C	1.91688404 -8.30331974 3.40000000
 C	-23.33044557 -8.30149584 3.40000000
 C	30.91954513 -8.16673698 3.40000000
 C	5.67218196 -8.16502287 3.40000000
 C	-6.95152480 -8.16424815 3.40000000
 C	34.67471999 -8.02867260 3.40000000
 C	22.05108595 -8.02783008 3.40000000
 C	-3.19644501 -8.02615471 3.40000000
 C	-15.82010143 -8.02521531 3.40000000
 C	25.80616573 -7.88973663 3.40000000
 C	13.18250932 -7.88879724 3.40000000
 C	-12.06485386 -7.88708314 3.40000000
 C	-24.68867806 -7.88618248 3.40000000
 C	16.93758910 -7.75070379 3.40000000
 C	4.31388234 -7.74992908 3.40000000
 C	-20.93344727 -7.74810518 3.40000000
 C	33.31654343 -7.61334632 3.40000000
 C	8.06912433 -7.61164513 3.40000000
 C	-4.55452650 -7.61085749 3.40000000
 C	37.07160643 -7.47530776 3.40000000
 C	24.44791646 -7.47447816 3.40000000
 C	-0.79944672 -7.47276405 3.40000000
 C	-13.42310313 -7.47182465 3.40000000
 C	28.20316403 -7.33634597 3.40000000
 C	15.57933983 -7.33544532 3.40000000
 C	-9.66802334 -7.33373121 3.40000000
 C	-22.29167976 -7.33279181 3.40000000
 C	19.33458740 -7.19731313 3.40000000
 C	6.71088064 -7.19653842 3.40000000
 C	-18.53650490 -7.19472743 3.40000000
 C	35.71354173 -7.05995566 3.40000000
 C	10.46601077 -7.05828029 3.40000000
 C	-2.15769599 -7.05750557 3.40000000
 C	-27.40505916 -7.05579146 3.40000000
 C	39.46860473 -6.92191710 3.40000000
 C	26.84491476 -6.92108750 3.40000000
 C	1.59755158 -6.91937339 3.40000000
 C	-11.02627262 -6.91847273 3.40000000
 C	30.59999454 -6.78299404 3.40000000
 C	17.97633813 -6.78205466 3.40000000
 C	-7.27102505 -6.78034055 3.40000000
 C	-19.89468146 -6.77940115 3.40000000
 C	21.73152977 -6.64393538 3.40000000
 C	9.10787894 -6.64314776 3.40000000
 C	-16.13961846 -6.64136259 3.40000000
 C	-28.76330843 -6.64053299 3.40000000
 C	38.11037224 -6.50660373 3.40000000
 C	12.86300907 -6.50488963 3.40000000
 C	0.23930231 -6.50411491 3.40000000
 C	-25.00806086 -6.50240080 3.40000000
 C	29.24174527 -6.36773557 3.40000000
 C	3.99438209 -6.36602146 3.40000000
 C	-8.62927432 -6.36508207 3.40000000
 C	32.99699284 -6.22960338 3.40000000
 C	20.37333643 -6.22866400 3.40000000
 C	-4.87408268 -6.22696280 3.40000000
 C	-17.49768316 -6.22601049 3.40000000
 C	24.12841621 -6.09057054 3.40000000
 C	11.50470945 -6.08979583 3.40000000
 C	-13.74262016 -6.08797193 3.40000000
 C	-26.36631014 -6.08714233 3.40000000
 C	15.26000737 -5.95149897 3.40000000
 C	2.63613282 -5.95076298 3.40000000
 C	-22.61123035 -5.94904888 3.40000000
 C	31.63874357 -5.81434491 3.40000000
 C	6.39138039 -5.81263080 3.40000000
 C	-6.23227602 -5.81169141 3.40000000
 C	35.39393521 -5.67622563 3.40000000
 C	22.77033472 -5.67527333 3.40000000
 C	-2.47719624 -5.67359796 3.40000000
 C	-15.10085265 -5.67265857 3.40000000
 C	26.52541451 -5.53717988 3.40000000
 C	13.90170775 -5.53640517 3.40000000
 C	-11.34562186 -5.53458127 3.40000000
 C	-23.96947962 -5.53379040 3.40000000
 C	17.65683788 -5.39814704 3.40000000
 C	5.03313112 -5.39737232 3.40000000
 C	-20.21423205 -5.39565821 3.40000000
 C	34.03574186 -5.26095425 3.40000000
 C	8.78832276 -5.25925305 3.40000000
 C	-3.83527772 -5.25830074 3.40000000
 C	37.79082165 -5.12286080 3.40000000
 C	25.16716524 -5.12192141 3.40000000
 C	-0.08019794 -5.12020730 3.40000000
 C	-12.70385435 -5.11926791 3.40000000
 C	28.92241281 -4.98378922 3.40000000
 C	16.29853826 -4.98305325 3.40000000
 C	-8.94879135 -4.98122934 3.40000000
 C	-21.57248133 -4.98039974 3.40000000
 C	20.05383618 -4.84475638 3.40000000
 C	7.43012942 -4.84398166 3.40000000
 C	-17.81728968 -4.84228046 3.40000000
 C	36.43274016 -4.70756359 3.40000000
 C	11.18520920 -4.70588822 3.40000000
 C	-1.43844721 -4.70494882 3.40000000
 C	-26.68581038 -4.70323471 3.40000000
 C	40.18781995 -4.56947013 3.40000000
 C	27.56416353 -4.56853075 3.40000000
 C	2.31680036 -4.56681664 3.40000000
 C	-10.30702384 -4.56591598 3.40000000
 C	31.31924332 -4.43043730 3.40000000
 C	18.69553656 -4.42966258 3.40000000
 C	-6.55179305 -4.42783868 3.40000000
 C	-19.17548303 -4.42700908 3.40000000
 C	22.45077855 -4.29137863 3.40000000
 C	9.82712772 -4.29059100 3.40000000
 C	-15.42040324 -4.28891563 3.40000000
 C	-28.04405966 -4.28797624 3.40000000
 C	38.82957067 -4.15421166 3.40000000
 C	13.58220750 -4.15249756 3.40000000
 C	0.95855109 -4.15155816 3.40000000
 C	-24.28881209 -4.14984405 3.40000000
 C	29.96099405 -4.01517882 3.40000000
 C	4.71363087 -4.01346472 3.40000000
 C	-7.91002554 -4.01252532 3.40000000
 C	33.71624162 -3.87704663 3.40000000
 C	21.09253486 -3.87627192 3.40000000
 C	-4.15485068 -3.87446093 3.40000000
 C	-16.77848473 -3.87361842 3.40000000
 C	24.84766499 -3.73801379 3.40000000
 C	12.22395823 -3.73723907 3.40000000
 C	-13.02340495 -3.73552497 3.40000000
 C	-25.64706136 -3.73458558 3.40000000
 C	15.97920580 -3.59910689 3.40000000
 C	3.35538160 -3.59820623 3.40000000
 C	-21.89198157 -3.59649213 3.40000000
 C	32.35799234 -3.46178816 3.40000000
 C	7.11062917 -3.46007405 3.40000000
 C	-5.51302724 -3.45913466 3.40000000
 C	36.11318399 -3.32366888 3.40000000
 C	23.48953316 -3.32288126 3.40000000
 C	-1.75796424 -3.32109610 3.40000000
 C	-14.38165422 -3.32026649 3.40000000
 C	27.24466329 -3.18462313 3.40000000
 C	14.62095653 -3.18384841 3.40000000
 C	-10.62640665 -3.18213431 3.40000000
 C	-23.25023085 -3.18123365 3.40000000
 C	18.37603631 -3.04575497 3.40000000
 C	5.75237990 -3.04481557 3.40000000
 C	-19.49498328 -3.04310147 3.40000000
 C	34.75499064 -2.90839750 3.40000000
 C	9.50757154 -2.90669631 3.40000000
 C	-3.11602894 -2.90574400 3.40000000
 C	38.51007043 -2.77030405 3.40000000
 C	25.88636367 -2.76952934 3.40000000
 C	0.63903406 -2.76770544 3.40000000
 C	-11.98465592 -2.76687583 3.40000000
 C	29.64166158 -2.63123247 3.40000000
 C	17.01778704 -2.63049649 3.40000000
 C	-8.22957614 -2.62878238 3.40000000
 C	-20.85323255 -2.62784299 3.40000000
 C	20.77303461 -2.49236431 3.40000000
 C	8.14937820 -2.49142491 3.40000000
 C	-17.09804091 -2.48972372 3.40000000
 C	37.15198894 -2.35500684 3.40000000
 C	11.90445798 -2.35333147 3.40000000
 C	-0.71919843 -2.35239207 3.40000000
 C	-25.96656161 -2.35067796 3.40000000
 C	40.90706872 -2.21691339 3.40000000
 C	28.28336197 -2.21613868 3.40000000
 C	3.03603236 -2.21431477 3.40000000
 C	-9.58782541 -2.21352391 3.40000000
 C	32.03849210 -2.07788055 3.40000000
 C	19.41478534 -2.07710583 3.40000000
 C	-5.83257784 -2.07539172 3.40000000
 C	-18.45623425 -2.07445233 3.40000000
 C	23.16997698 -1.93898656 3.40000000
 C	10.54637649 -1.93803425 3.40000000
 C	-14.70115446 -1.93635888 3.40000000
 C	-27.32486122 -1.93558417 3.40000000
 C	39.54881945 -1.80165491 3.40000000
 C	14.30145628 -1.79994081 3.40000000
 C	1.67779987 -1.79900141 3.40000000
 C	-23.56956331 -1.79728730 3.40000000
 C	30.68019248 -1.66278675 3.40000000
 C	5.43286287 -1.66096285 3.40000000
 C	-7.19082711 -1.66013325 3.40000000
 C	34.43549040 -1.52448989 3.40000000
 C	21.81178363 -1.52371517 3.40000000
 C	-3.43563547 -1.52201397 3.40000000
 C	-16.05923595 -1.52106167 3.40000000
 C	25.56686342 -1.38562172 3.40000000
 C	12.94320701 -1.38468233 3.40000000
 C	-12.30415617 -1.38296822 3.40000000
 C	-24.92786292 -1.38219351 3.40000000
 C	16.69845458 -1.24655015 3.40000000
 C	4.07463038 -1.24564949 3.40000000
 C	-21.17273279 -1.24393538 3.40000000
 C	33.07719078 -1.10939609 3.40000000
 C	7.82986117 -1.10757219 3.40000000
 C	-4.79382881 -1.10674259 3.40000000
 C	36.83243276 -0.97111214 3.40000000
 C	24.20878193 -0.97032450 3.40000000
 C	-1.03874903 -0.96864913 3.40000000
 C	-13.66240544 -0.96770975 3.40000000
 C	27.96386172 -0.83223106 3.40000000
 C	15.34020530 -0.83129166 3.40000000
 C	-9.90715787 -0.82957756 3.40000000
 C	-22.53103241 -0.82884158 3.40000000
 C	19.09528509 -0.69319822 3.40000000
 C	6.47162868 -0.69225882 3.40000000
 C	-18.77573450 -0.69054472 3.40000000
 C	35.47418908 -0.55600543 3.40000000
 C	10.22680354 -0.55419444 3.40000000
 C	-2.39683051 -0.55335192 3.40000000
 C	39.22931921 -0.41774730 3.40000000
 C	26.60561244 -0.41697258 3.40000000
 C	1.35824927 -0.41525847 3.40000000
 C	-11.26540714 -0.41431909 3.40000000
 C	30.36086002 -0.27884040 3.40000000
 C	17.73703582 -0.27793974 3.40000000
 C	-7.51032736 -0.27622563 3.40000000
 C	-20.13403411 -0.27545092 3.40000000
 C	21.49228339 -0.13980756 3.40000000
 C	8.86862697 -0.13886816 3.40000000
 C	-16.37879213 -0.13716697 3.40000000
 C	37.87118737 -0.00261477 3.40000000
 C	12.62368998 -0.00082960 3.40000000
 C	0.00000000 0.00000000 3.40000000
 C	-25.24736317 0.00171411 3.40000000
 C	41.62631750 0.13564336 3.40000000
 C	29.00261074 0.13641808 3.40000000
 C	3.75524757 0.13813219 3.40000000
 C	-8.86857663 0.13903284 3.40000000
 C	32.75769053 0.27451152 3.40000000
 C	20.13403411 0.27545092 3.40000000
 C	-5.11332906 0.27716503 3.40000000
 C	-17.73703582 0.27793974 3.40000000
 C	23.88922576 0.41357019 3.40000000
 C	11.26562527 0.41452250 3.40000000
 C	-13.98190569 0.41619787 3.40000000
 C	-26.60561245 0.41697259 3.40000000
 C	40.26801789 0.55073716 3.40000000
 C	15.02068827 0.55256106 3.40000000
 C	2.39699830 0.55339066 3.40000000
 C	-22.85036487 0.55510477 3.40000000
 C	31.39944125 0.68977001 3.40000000
 C	6.15207808 0.69148411 3.40000000
 C	-6.47157833 0.69242350 3.40000000
 C	35.15468883 0.82790219 3.40000000
 C	22.53103241 0.82884158 3.40000000
 C	-2.71638669 0.83054278 3.40000000
 C	-15.34003752 0.83133040 3.40000000
 C	26.28611220 0.96693503 3.40000000
 C	13.66245578 0.96787442 3.40000000
 C	-11.58490739 0.96958853 3.40000000
 C	-24.20861415 0.97036325 3.40000000
 C	17.41768657 1.10595172 3.40000000
 C	4.79382881 1.10674259 3.40000000
 C	-20.45353436 1.10845669 3.40000000
 C	33.79643955 1.24316067 3.40000000
 C	8.54907638 1.24487478 3.40000000
 C	-4.07458003 1.24581416 3.40000000
 C	37.55163120 1.38127994 3.40000000
 C	24.92803071 1.38223224 3.40000000
 C	-0.31950025 1.38390761 3.40000000
 C	-12.94320701 1.38468233 3.40000000
 C	28.68311050 1.52032569 3.40000000
 C	16.05945408 1.52126508 3.40000000
 C	-9.18790909 1.52297919 3.40000000
 C	-21.81178364 1.52371518 3.40000000
 C	19.81451708 1.65930364 3.40000000
 C	7.19082711 1.66013325 3.40000000
 C	-18.05653606 1.66184735 3.40000000
 C	36.19343785 1.79655133 3.40000000
 C	10.94601875 1.79825252 3.40000000
 C	-1.67758173 1.79920482 3.40000000
 C	39.94851764 1.93464477 3.40000000
 C	27.32486122 1.93558417 3.40000000
 C	2.07749805 1.93729828 3.40000000
 C	-10.54620871 1.93807299 3.40000000
 C	31.08010880 2.07371635 3.40000000
 C	18.45628460 2.07461701 3.40000000
 C	-6.79107858 2.07633112 3.40000000
 C	-19.41478534 2.07710584 3.40000000
 C	22.21151538 2.21269431 3.40000000
 C	9.58782541 2.21352391 3.40000000
 C	-15.65959369 2.21522510 3.40000000
 C	38.59043615 2.34994199 3.40000000
 C	13.34290519 2.35161736 3.40000000
 C	0.71924878 2.35255675 3.40000000
 C	-24.52811439 2.35427086 3.40000000
 C	42.34551594 2.48803543 3.40000000
 C	29.72185952 2.48897483 3.40000000
 C	4.47449635 2.49068894 3.40000000
 C	-8.14937820 2.49142491 3.40000000
 C	33.47693931 2.62706827 3.40000000
 C	20.85328289 2.62800767 3.40000000
 C	-4.39408028 2.62972178 3.40000000
 C	-17.01778704 2.63049650 3.40000000
 C	24.60845775 2.76607205 3.40000000
 C	11.98482371 2.76691457 3.40000000
 C	-13.26270725 2.76858994 3.40000000
 C	-25.88636367 2.76952934 3.40000000
 C	40.98726666 2.90329392 3.40000000
 C	15.73990349 2.90500802 3.40000000
 C	3.11624708 2.90594741 3.40000000
 C	-22.13111610 2.90766152 3.40000000
 C	32.11869003 3.04232675 3.40000000
 C	6.87132686 3.04404086 3.40000000
 C	-5.75237990 3.04481557 3.40000000
 C	35.87393761 3.18045893 3.40000000
 C	23.25028119 3.18139833 3.40000000
 C	-1.99713791 3.18309953 3.40000000
 C	-14.62078874 3.18388716 3.40000000
 C	27.00534419 3.31943689 3.40000000
 C	14.38165422 3.32026649 3.40000000
 C	-10.86570896 3.32198060 3.40000000
 C	-23.48936537 3.32292000 3.40000000
 C	18.13690179 3.45839868 3.40000000
 C	5.51307759 3.45929933 3.40000000
 C	-19.73428558 3.46101344 3.40000000
 C	34.51568833 3.59571742 3.40000000
 C	9.26832516 3.59743152 3.40000000
 C	-3.35538160 3.59820623 3.40000000
 C	38.27087998 3.73383668 3.40000000
 C	25.64727949 3.73478899 3.40000000
 C	0.39974853 3.73646436 3.40000000
 C	-12.22395823 3.73723908 3.40000000
 C	29.40234249 3.87282755 3.40000000
 C	16.77865252 3.87365716 3.40000000
 C	-8.46871066 3.87537126 3.40000000
 C	-21.09253486 3.87627192 3.40000000
 C	20.53373230 4.01175061 3.40000000
 C	7.91007589 4.01269000 3.40000000
 C	-17.33728729 4.01440410 3.40000000
 C	36.91268663 4.14910808 3.40000000
 C	11.66526753 4.15080927 3.40000000
 C	-0.95838330 4.15159690 3.40000000
 C	40.66776642 4.28720152 3.40000000
 C	28.04411000 4.28814092 3.40000000
 C	2.79674683 4.28985502 3.40000000
 C	-9.82695993 4.29062974 3.40000000
 C	31.79934079 4.42621821 3.40000000
 C	19.17548303 4.42700908 3.40000000
 C	-6.07188015 4.42872319 3.40000000
 C	-18.69553656 4.42966258 3.40000000
 C	22.93073060 4.56514127 3.40000000
 C	10.30707419 4.56608066 3.40000000
 C	-14.94034492 4.56778185 3.40000000
 C	39.30968493 4.70249874 3.40000000
 C	14.06215397 4.70417411 3.40000000
 C	1.43844721 4.70494882 3.40000000
 C	-23.80888240 4.70677272 3.40000000
 C	43.06476471 4.84059218 3.40000000
 C	30.44110830 4.84153158 3.40000000
 C	5.19374513 4.84324569 3.40000000
 C	-7.43012942 4.84398167 3.40000000
 C	34.19617130 4.97957014 3.40000000
 C	21.57248133 4.98039974 3.40000000
 C	-3.67488185 4.98211385 3.40000000
 C	-16.29853826 4.98305325 3.40000000
 C	25.32767297 5.11851902 3.40000000
 C	12.70407248 5.11947132 3.40000000
 C	-12.54345848 5.12114669 3.40000000
 C	-25.16711489 5.12208609 3.40000000
 C	41.70651544 5.25585066 3.40000000
 C	16.45915227 5.25756477 3.40000000
 C	3.83544551 5.25833948 3.40000000
 C	-21.41188410 5.26016338 3.40000000
 C	32.83793881 5.39488350 3.40000000
 C	7.59057564 5.39659761 3.40000000
 C	-5.03313112 5.39737233 3.40000000
 C	36.59316960 5.53296080 3.40000000
 C	23.96947962 5.53379040 3.40000000
 C	-1.27793948 5.53549160 3.40000000
 C	-13.90153996 5.53644391 3.40000000
 C	27.72455941 5.67188386 3.40000000
 C	15.10090300 5.67282324 3.40000000
 C	-10.14646018 5.67453735 3.40000000
 C	-22.77011659 5.67547675 3.40000000
 C	18.85615057 5.81095543 3.40000000
 C	6.23227602 5.81169141 3.40000000
 C	-19.01505359 5.81351531 3.40000000
 C	35.23493711 5.94827416 3.40000000
 C	9.98757394 5.94998827 3.40000000
 C	-2.63613282 5.95076299 3.40000000
 C	38.99011197 6.08633855 3.40000000
 C	26.36647792 6.08718106 3.40000000
 C	1.11894696 6.08885644 3.40000000
 C	-11.50470945 6.08979583 3.40000000
 C	30.12155771 6.22527452 3.40000000
 C	17.49790129 6.22621390 3.40000000
 C	-7.74946188 6.22792801 3.40000000
 C	-20.37328608 6.22882867 3.40000000
 C	21.25298108 6.36430736 3.40000000
 C	8.62927432 6.36508207 3.40000000
 C	-16.61805529 6.36690597 3.40000000
 C	37.63193541 6.50166483 3.40000000
 C	12.38451631 6.50336602 3.40000000
 C	-0.23913452 6.50415365 3.40000000
 C	41.38699841 6.63970339 3.40000000
 C	28.76330843 6.64053299 3.40000000
 C	3.51594526 6.64224710 3.40000000
 C	-9.10771115 6.64318649 3.40000000
 C	32.51855600 6.77866518 3.40000000
 C	19.89473181 6.77956583 3.40000000
 C	-5.35263137 6.78127994 3.40000000
 C	-17.97628778 6.78221933 3.40000000
 C	23.64997938 6.91769802 3.40000000
 C	11.02627262 6.91847273 3.40000000
 C	-14.22111292 6.92028372 3.40000000
 C	40.02893371 7.05505549 3.40000000
 C	14.78140275 7.05673086 3.40000000
 C	2.15769599 7.05750558 3.40000000
 C	-23.08966719 7.05921969 3.40000000
 C	43.78399671 7.19309405 3.40000000
 C	31.16030673 7.19392365 3.40000000
 C	5.91294356 7.19563776 3.40000000
 C	-6.71088064 7.19653842 3.40000000
 C	34.91538652 7.33201710 3.40000000
 C	22.29173010 7.33295649 3.40000000
 C	-2.95563307 7.33467060 3.40000000
 C	-15.57928948 7.33560999 3.40000000
 C	26.04692175 7.47107577 3.40000000
 C	13.42327092 7.47186339 3.40000000
 C	-11.82422648 7.47364855 3.40000000
 C	-24.44791646 7.47447816 3.40000000
 C	42.42576422 7.60840741 3.40000000
 C	17.17840105 7.61012152 3.40000000
 C	4.55469429 7.61089624 3.40000000
 C	-20.69266889 7.61261035 3.40000000
 C	33.55713724 7.74727558 3.40000000
 C	8.30977407 7.74898968 3.40000000
 C	-4.31388234 7.74992908 3.40000000
 C	37.31238481 7.88540776 3.40000000
 C	24.68872840 7.88634715 3.40000000
 C	-0.55869070 7.88804835 3.40000000
 C	-13.18229118 7.88900066 3.40000000
 C	28.44380819 8.02444060 3.40000000
 C	15.82010143 8.02521531 3.40000000
 C	-9.42722818 8.02703922 3.40000000
 C	-22.05091816 8.02786882 3.40000000
 C	19.57539934 8.16351218 3.40000000
 C	6.95152480 8.16424816 3.40000000
 C	-18.29583837 8.16596227 3.40000000
 C	35.95413554 8.30066624 3.40000000
 C	10.70677237 8.30238034 3.40000000
 C	-1.91688404 8.30331974 3.40000000
 C	39.70932718 8.43878551 3.40000000
 C	27.08572670 8.43973781 3.40000000
 C	1.83819574 8.44141318 3.40000000
 C	-10.78546067 8.44235258 3.40000000
 C	30.84080649 8.57783127 3.40000000
 C	18.21709973 8.57860598 3.40000000
 C	-7.03022988 8.58042988 3.40000000
 C	-19.65408765 8.58122074 3.40000000
 C	21.97222986 8.71686410 3.40000000
 C	9.34852310 8.71763883 3.40000000
 C	-15.89884008 8.71935293 3.40000000
 C	38.35113384 8.85405690 3.40000000
 C	13.10371474 8.85575809 3.40000000
 C	0.48011425 8.85671040 3.40000000
 C	42.10621363 8.99215035 3.40000000
 C	29.48255721 8.99308974 3.40000000
 C	4.23519404 8.99480384 3.40000000
 C	-8.38846237 8.99574324 3.40000000
 C	33.23780478 9.13122193 3.40000000
 C	20.61393024 9.13195790 3.40000000
 C	-4.63339937 9.13378180 3.40000000
 C	-17.25708935 9.13461140 3.40000000
 C	24.36922816 9.27025477 3.40000000
 C	11.74552139 9.27102949 3.40000000
 C	-13.50189771 9.27273068 3.40000000
 C	40.74813214 9.40744756 3.40000000
 C	15.50060118 9.40912293 3.40000000
 C	2.87694477 9.41006233 3.40000000
 C	-22.37041841 9.41177643 3.40000000
 C	44.50321192 9.54554101 3.40000000
 C	31.87955551 9.54648040 3.40000000
 C	6.63219234 9.54819451 3.40000000
 C	-5.99163186 9.54909517 3.40000000
 C	35.63463530 9.68457385 3.40000000
 C	23.01092854 9.68534856 3.40000000
 C	-2.23640107 9.68717246 3.40000000
 C	-14.86009105 9.68800207 3.40000000
 C	26.76617052 9.82363252 3.40000000
 C	14.14251969 9.82442015 3.40000000
 C	-11.10501127 9.82609552 3.40000000
 C	-23.72866768 9.82703491 3.40000000
 C	43.14496265 9.96079948 3.40000000
 C	17.89759948 9.96251359 3.40000000
 C	5.27394306 9.96345299 3.40000000
 C	-19.97342011 9.96516709 3.40000000
 C	34.27638602 10.09983232 3.40000000
 C	9.02902285 10.10154643 3.40000000
 C	-3.59463356 10.10248583 3.40000000
 C	38.03163359 10.23796451 3.40000000
 C	25.40792684 10.23873922 3.40000000
 C	0.16054130 10.24055021 3.40000000
 C	-12.46309275 10.24139273 3.40000000
 C	29.16305697 10.37699735 3.40000000
 C	16.53935020 10.37777207 3.40000000
 C	-8.70801297 10.37948618 3.40000000
 C	-21.33166938 10.38042557 3.40000000
 C	20.29459778 10.51590425 3.40000000
 C	7.67077358 10.51680491 3.40000000
 C	-17.57658960 10.51851902 3.40000000
 C	36.67338432 10.65322298 3.40000000
 C	11.42602115 10.65493709 3.40000000
 C	-1.19763527 10.65587649 3.40000000
 C	40.42857596 10.79134226 3.40000000
 C	27.80492513 10.79212988 3.40000000
 C	2.55742774 10.79391505 3.40000000
 C	-10.06626224 10.79474465 3.40000000
 C	31.56005526 10.93038801 3.40000000
 C	18.93634850 10.93116273 3.40000000
 C	-6.31101467 10.93287684 3.40000000
 C	-18.93483887 10.93377749 3.40000000
 C	22.69142829 11.06925618 3.40000000
 C	10.06777187 11.07019557 3.40000000
 C	-15.17959130 11.07190968 3.40000000
 C	39.07038262 11.20661365 3.40000000
 C	13.82296352 11.20831484 3.40000000
 C	1.19936303 11.20926715 3.40000000
 C	42.82546240 11.34470710 3.40000000
 C	30.20175565 11.34548181 3.40000000
 C	4.95442603 11.34730571 3.40000000
 C	-7.66926394 11.34813531 3.40000000
 C	33.95705356 11.48377867 3.40000000
 C	21.33317901 11.48451466 3.40000000
 C	-3.91418416 11.48622877 3.40000000
 C	-16.53784057 11.48716815 3.40000000
 C	25.08842659 11.62264684 3.40000000
 C	12.46477017 11.62358623 3.40000000
 C	-12.78264893 11.62528743 3.40000000
 C	41.46738092 11.76000431 3.40000000
 C	16.21984996 11.76167968 3.40000000
 C	3.59619354 11.76261907 3.40000000
 C	-21.65116963 11.76433318 3.40000000
 C	45.22246070 11.89809776 3.40000000
 C	32.59875394 11.89887247 3.40000000
 C	7.35142433 11.90069637 3.40000000
 C	-5.27243343 11.90148724 3.40000000
 C	36.35388407 12.03713060 3.40000000
 C	23.73017731 12.03790532 3.40000000
 C	-1.51718586 12.03961943 3.40000000
 C	-14.14084227 12.04055881 3.40000000
 C	27.48536896 12.17602459 3.40000000
 C	14.86176847 12.17697690 3.40000000
 C	-10.38576249 12.17865227 3.40000000
 C	-23.00946925 12.17942698 3.40000000
 C	43.86421143 12.31335623 3.40000000
 C	18.61684826 12.31507034 3.40000000
 C	5.99319184 12.31600974 3.40000000
 C	-19.25417133 12.31772384 3.40000000
 C	34.99558446 12.45222440 3.40000000
 C	9.74825485 12.45404830 3.40000000
 C	-2.87543513 12.45487790 3.40000000
 C	38.75088237 12.59052126 3.40000000
 C	26.12717561 12.59129598 3.40000000
 C	0.87975651 12.59299718 3.40000000
 C	-11.74384397 12.59394948 3.40000000
 C	29.88225540 12.72938942 3.40000000
 C	17.25859898 12.73032882 3.40000000
 C	-7.98876419 12.73204293 3.40000000
 C	-20.61247095 12.73281764 3.40000000
 C	21.01384656 12.86846100 3.40000000
 C	8.39002236 12.86936166 3.40000000
 C	-16.85734082 12.87107577 3.40000000
 C	37.39258275 13.00561506 3.40000000
 C	12.14525314 13.00743896 3.40000000
 C	-0.47843683 13.00826856 3.40000000
 C	41.14782474 13.14389901 3.40000000
 C	28.52417391 13.14468664 3.40000000
 C	3.27664295 13.14636201 3.40000000
 C	-9.34701346 13.14730140 3.40000000
 C	32.27925370 13.28278009 3.40000000
 C	19.65559728 13.28371948 3.40000000
 C	-5.59176589 13.28543359 3.40000000
 C	-18.21564044 13.28616956 3.40000000
 C	23.41067707 13.42181293 3.40000000
 C	10.78702065 13.42275232 3.40000000
 C	-14.46034252 13.42446643 3.40000000
 C	39.78958105 13.55900572 3.40000000
 C	14.54219551 13.56081671 3.40000000
 C	1.91856147 13.56165922 3.40000000
 C	43.54471118 13.69726385 3.40000000
 C	30.92100442 13.69803857 3.40000000
 C	5.67364125 13.69975267 3.40000000
 C	-6.95001516 13.70069206 3.40000000
 C	34.67625199 13.83617075 3.40000000
 C	22.05242779 13.83707141 3.40000000
 C	-3.19493538 13.83878551 3.40000000
 C	-15.81864214 13.83956022 3.40000000
 C	25.80767537 13.97520359 3.40000000
 C	13.18401895 13.97614298 3.40000000
 C	-12.06340015 13.97784418 3.40000000
 C	42.18657935 14.11239638 3.40000000
 C	16.93908195 14.11418154 3.40000000
 C	4.31539198 14.11501115 3.40000000
 C	-20.93197120 14.11672525 3.40000000
 C	45.94170948 14.25065451 3.40000000
 C	33.31800272 14.25142923 3.40000000
 C	8.07063955 14.25314334 3.40000000
 C	-4.55318465 14.25404399 3.40000000
 C	37.07308251 14.38952267 3.40000000
 C	24.44942609 14.39046207 3.40000000
 C	-0.79793708 14.39217618 3.40000000
 C	-13.42164384 14.39295089 3.40000000
 C	28.20461774 14.52858134 3.40000000
 C	15.58101725 14.52953364 3.40000000
 C	-9.66651371 14.53120901 3.40000000
 C	-22.29022047 14.53198374 3.40000000
 C	44.58340986 14.66574830 3.40000000
 C	19.33608025 14.66757220 3.40000000
 C	6.71239028 14.66840181 3.40000000
 C	-18.53497290 14.67011592 3.40000000
 C	35.71483323 14.80478115 3.40000000
 C	10.46747006 14.80649526 3.40000000
 C	-2.15618635 14.80743465 3.40000000
 C	39.47008080 14.94291333 3.40000000
 C	26.84642439 14.94385273 3.40000000
 C	1.59900529 14.94555392 3.40000000
 C	-11.02464554 14.94634155 3.40000000
 C	30.60150418 15.08194617 3.40000000
 C	17.97784776 15.08288557 3.40000000
 C	-7.26951541 15.08459968 3.40000000
 C	-19.89322217 15.08537440 3.40000000
 C	21.73307855 15.22096287 3.40000000
 C	9.10922079 15.22175373 3.40000000
 C	-16.13814239 15.22346784 3.40000000
 C	38.11183153 15.35817181 3.40000000
 C	12.86446836 15.35988592 3.40000000
 C	0.24081195 15.36082531 3.40000000
 C	41.86702317 15.49629108 3.40000000
 C	29.24342269 15.49724339 3.40000000
 C	3.99589173 15.49891876 3.40000000
 C	-8.62781503 15.49969347 3.40000000
 C	32.99850247 15.63533683 3.40000000
 C	20.37484606 15.63627623 3.40000000
 C	-4.87251711 15.63799034 3.40000000
 C	-17.49639166 15.63872632 3.40000000
 C	24.12990906 15.77431479 3.40000000
 C	11.50621909 15.77514439 3.40000000
 C	-13.74114409 15.77685850 3.40000000
 C	40.50882983 15.91156248 3.40000000
 C	15.26141073 15.91326367 3.40000000
 C	2.63781024 15.91421597 3.40000000
 C	44.26390962 16.04965592 3.40000000
 C	31.64025320 16.05059532 3.40000000
 C	6.39289003 16.05230942 3.40000000
 C	-6.23081673 16.05308413 3.40000000
 C	35.39550077 16.18872749 3.40000000
 C	22.77167657 16.18962815 3.40000000
 C	-2.47568660 16.19134226 3.40000000
 C	-15.09939336 16.19211698 3.40000000
 C	26.52690736 16.32770545 3.40000000
 C	13.90321738 16.32853505 3.40000000
 C	-11.34420172 16.33023625 3.40000000
 C	42.90582813 16.46495314 3.40000000
 C	17.65829717 16.46662851 3.40000000
 C	5.03464076 16.46756789 3.40000000
 C	-20.21272242 16.46928200 3.40000000
 C	46.66090791 16.60304658 3.40000000
 C	34.03725150 16.60398598 3.40000000
 C	8.78988833 16.60570008 3.40000000
 C	-3.83398622 16.60643606 3.40000000
 C	37.79233129 16.74207942 3.40000000
 C	25.16867487 16.74301882 3.40000000
 C	-0.07868830 16.74473292 3.40000000
 C	-12.70239506 16.74550764 3.40000000
 C	28.92384973 16.88108320 3.40000000
 C	16.30021568 16.88192572 3.40000000
 C	-8.94731528 16.88360109 3.40000000
 C	-21.57097169 16.88454048 3.40000000
 C	45.30265864 17.01830506 3.40000000
 C	20.05529547 17.02001917 3.40000000
 C	7.43163905 17.02095856 3.40000000
 C	-17.81572412 17.02267266 3.40000000
 C	36.43408201 17.15733790 3.40000000
 C	11.18671884 17.15905201 3.40000000
 C	-1.43698792 17.15982672 3.40000000
 C	40.18932958 17.29547008 3.40000000
 C	27.56567317 17.29640948 3.40000000
 C	2.31825407 17.29811067 3.40000000
 C	-10.30539676 17.29889831 3.40000000
 C	31.32073617 17.43444804 3.40000000
 C	18.69704619 17.43527764 3.40000000
 C	-6.55031698 17.43699175 3.40000000
 C	-19.17397339 17.43793114 3.40000000
 C	22.45229376 17.57340983 3.40000000
 C	9.82846957 17.57431048 3.40000000
 C	-15.41889361 17.57602459 3.40000000
 C	38.83108031 17.71072856 3.40000000
 C	13.58371714 17.71244267 3.40000000
 C	0.96001038 17.71321738 3.40000000
 C	42.58627195 17.84884783 3.40000000
 C	29.96267147 17.84980014 3.40000000
 C	4.71514051 17.85147551 3.40000000
 C	-7.90856625 17.85225023 3.40000000
 C	33.71773447 17.98783870 3.40000000
 C	21.09404449 17.98866830 3.40000000
 C	-4.15331868 17.99038241 3.40000000
 C	-16.77714288 17.99128307 3.40000000
 C	24.84912428 18.12676176 3.40000000
 C	12.22546786 18.12770114 3.40000000
 C	-13.02189531 18.12941525 3.40000000
 C	41.22807861 18.26411922 3.40000000
 C	15.98065951 18.26582042 3.40000000
 C	3.35700868 18.26660804 3.40000000
 C	44.98315839 18.40221267 3.40000000
 C	32.35950198 18.40315206 3.40000000
 C	7.11213881 18.40486617 3.40000000
 C	-5.51156795 18.40564089 3.40000000
 C	36.11473277 18.54122936 3.40000000
 C	23.49087500 18.54202023 3.40000000
 C	-1.75648817 18.54373433 3.40000000
 C	-14.38014458 18.54467373 3.40000000
 C	27.24612258 18.68015242 3.40000000
 C	14.62246616 18.68109180 3.40000000
 C	-10.62495294 18.68279300 3.40000000
 C	43.62507691 18.81750989 3.40000000
 C	18.37754595 18.81918526 3.40000000
 C	5.75383919 18.81995997 3.40000000
 C	-19.49349042 18.82178387 3.40000000
 C	47.38015669 18.95560333 3.40000000
 C	34.75650028 18.95654272 3.40000000
 C	9.50913711 18.95825683 3.40000000
 C	-3.11473744 18.95899282 3.40000000
 C	38.51156328 19.09458129 3.40000000
 C	25.88787330 19.09541089 3.40000000
 C	0.64051013 19.09712500 3.40000000
 C	-11.98314628 19.09806439 3.40000000
 C	29.64306494 19.23353017 3.40000000
 C	17.01946446 19.23448246 3.40000000
 C	-8.22806650 19.23615784 3.40000000
 C	-20.85172291 19.23709723 3.40000000
 C	46.02190742 19.37086181 3.40000000
 C	20.77454425 19.37257592 3.40000000
 C	8.15083749 19.37335063 3.40000000
 C	-17.09649212 19.37517453 3.40000000
 C	37.15333079 19.50989465 3.40000000
 C	11.90596762 19.51160876 3.40000000
 C	-0.71773914 19.51238348 3.40000000
 C	40.90856158 19.64797195 3.40000000
 C	28.28487160 19.64880155 3.40000000
 C	3.03745250 19.65050274 3.40000000
 C	-9.58614799 19.65145505 3.40000000
 C	32.03995139 19.78689500 3.40000000
 C	19.41629497 19.78783439 3.40000000
 C	-5.83106820 19.78954850 3.40000000
 C	-18.45472461 19.79048789 3.40000000
 C	23.17154254 19.92596658 3.40000000
 C	10.54766800 19.92670255 3.40000000
 C	-14.69966161 19.92852645 3.40000000
 C	39.55032909 20.06328531 3.40000000
 C	14.30296592 20.06499942 3.40000000
 C	1.67925915 20.06577414 3.40000000
 C	43.30550395 20.20134970 3.40000000
 C	30.68186990 20.20219221 3.40000000
 C	5.43433894 20.20386758 3.40000000
 C	-7.18931747 20.20480698 3.40000000
 C	34.43694968 20.34028566 3.40000000
 C	21.81329327 20.34122505 3.40000000
 C	-3.43406990 20.34293916 3.40000000
 C	-16.05789410 20.34383982 3.40000000
 C	25.56837306 20.47931850 3.40000000
 C	12.94466630 20.48009321 3.40000000
 C	-12.30266331 20.48191712 3.40000000
 C	41.94732739 20.61667597 3.40000000
 C	16.69990828 20.61837717 3.40000000
 C	4.07625745 20.61916480 3.40000000
 C	45.70239039 20.75471453 3.40000000
 C	33.07870041 20.75554414 3.40000000
 C	7.83133724 20.75725824 3.40000000
 C	-4.79231918 20.75819764 3.40000000
 C	36.83394798 20.89367632 3.40000000
 C	24.21012378 20.89457698 3.40000000
 C	-1.03723939 20.89629108 3.40000000
 C	-13.66089580 20.89723048 3.40000000
 C	27.96537135 21.03270916 3.40000000
 C	15.34166460 21.03348388 3.40000000
 C	-9.90572094 21.03529486 3.40000000
 C	44.34432568 21.17006663 3.40000000
 C	19.09679473 21.17174200 3.40000000
 C	6.47308796 21.17251672 3.40000000
 C	-18.77427521 21.17423083 3.40000000
 C	48.09938869 21.30810519 3.40000000
 C	35.47569871 21.30893480 3.40000000
 C	10.22833554 21.31064890 3.40000000
 C	-2.39548866 21.31154956 3.40000000
 C	39.23077849 21.44702825 3.40000000
 C	26.60712208 21.44796764 3.40000000
 C	1.35975891 21.44968174 3.40000000
 C	-11.26389751 21.45062114 3.40000000
 C	30.36231372 21.58608691 3.40000000
 C	17.73866289 21.58687454 3.40000000
 C	-7.50883450 21.58865970 3.40000000
 C	-20.13252448 21.58948930 3.40000000
 C	46.74115620 21.72341856 3.40000000
 C	21.49379302 21.72513267 3.40000000
 C	8.87008626 21.72590739 3.40000000
 C	-16.37727691 21.72762149 3.40000000
 C	37.87252922 21.86228672 3.40000000
 C	12.62516605 21.86400083 3.40000000
 C	0.00150963 21.86494023 3.40000000
 C	41.62777679 22.00041891 3.40000000
 C	29.00412038 22.00135830 3.40000000
 C	3.75670128 22.00305949 3.40000000
 C	-8.86689921 22.00401180 3.40000000
 C	32.75920016 22.13945175 3.40000000
 C	20.13549341 22.14022646 3.40000000
 C	-5.11183621 22.14205036 3.40000000
 C	-17.73552618 22.14287997 3.40000000
 C	23.89079132 22.27852333 3.40000000
 C	11.26691678 22.27925931 3.40000000
 C	-13.98044640 22.28097342 3.40000000
 C	40.26952752 22.41567738 3.40000000
 C	15.02216435 22.41739149 3.40000000
 C	2.39850793 22.41833089 3.40000000
 C	44.02471916 22.55379666 3.40000000
 C	31.40111868 22.55474896 3.40000000
 C	6.15358772 22.55642433 3.40000000
 C	-6.47006869 22.55736373 3.40000000
 C	35.15619846 22.69284241 3.40000000
 C	22.53249170 22.69361712 3.40000000
 C	-2.71483791 22.69544102 3.40000000
 C	-15.33869567 22.69623189 3.40000000
 C	26.28762183 22.83187525 3.40000000
 C	13.66391507 22.83264997 3.40000000
 C	-11.58344810 22.83436408 3.40000000
 C	42.66652582 22.96906804 3.40000000
 C	17.41910672 22.97076924 3.40000000
 C	4.79550623 22.97172155 3.40000000
 C	46.42160560 23.10716150 3.40000000
 C	33.79794919 23.10810088 3.40000000
 C	8.55058602 23.10981499 3.40000000
 C	-4.07307040 23.11075439 3.40000000
 C	37.55319676 23.24623307 3.40000000
 C	24.92932222 23.24696905 3.40000000
 C	-0.31800739 23.24879295 3.40000000
 C	-12.94169737 23.24962255 3.40000000
 C	28.68462013 23.38526591 3.40000000
 C	16.06091337 23.38604063 3.40000000
 C	-9.18650573 23.38774183 3.40000000
 C	45.06352412 23.52245871 3.40000000
 C	19.81599316 23.52413408 3.40000000
 C	7.19233674 23.52507347 3.40000000
 C	-18.05502643 23.52678758 3.40000000
 C	48.81860390 23.66055216 3.40000000
 C	36.19494749 23.66149154 3.40000000
 C	10.94758432 23.66320565 3.40000000
 C	-1.67623988 23.66410631 3.40000000
 C	39.95002727 23.79958500 3.40000000
 C	27.32632051 23.80035971 3.40000000
 C	2.07899090 23.80218361 3.40000000
 C	-10.54469907 23.80301321 3.40000000
 C	31.08156250 23.93864366 3.40000000
 C	18.45791167 23.93943129 3.40000000
 C	-6.78961929 23.94110667 3.40000000
 C	-19.41327570 23.94204605 3.40000000
 C	47.46035463 24.07581063 3.40000000
 C	22.21299146 24.07752474 3.40000000
 C	9.58933504 24.07846413 3.40000000
 C	-15.65802813 24.08017824 3.40000000
 C	38.59177800 24.21484347 3.40000000
 C	13.34441483 24.21655758 3.40000000
 C	0.72075841 24.21749697 3.40000000
 C	42.34702557 24.35297566 3.40000000
 C	29.72331881 24.35375037 3.40000000
 C	4.47593327 24.35556136 3.40000000
 C	-8.14770077 24.35640387 3.40000000
 C	33.47844894 24.49200850 3.40000000
 C	20.85474218 24.49278322 3.40000000
 C	-4.39262099 24.49449733 3.40000000
 C	-17.01627740 24.49543671 3.40000000
 C	24.60998975 24.63091540 3.40000000
 C	11.98616555 24.63181606 3.40000000
 C	-13.26119762 24.63353017 3.40000000
 C	40.98877630 24.76823413 3.40000000
 C	15.74141313 24.76994824 3.40000000
 C	3.11775671 24.77088763 3.40000000
 C	44.74396794 24.90635341 3.40000000
 C	32.12031711 24.90714103 3.40000000
 C	6.87281971 24.90892620 3.40000000
 C	-5.75087026 24.90975580 3.40000000
 C	35.87544724 25.04539916 3.40000000
 C	23.25174048 25.04617388 3.40000000
 C	-1.99562269 25.04788799 3.40000000
 C	-14.61944689 25.04878864 3.40000000
 C	27.00682027 25.18426732 3.40000000
 C	14.38316385 25.18520672 3.40000000
 C	-10.86419932 25.18692083 3.40000000
 C	43.38577460 25.32162479 3.40000000
 C	18.13835550 25.32332599 3.40000000
 C	5.51475501 25.32427830 3.40000000
 C	47.14085438 25.45971824 3.40000000
 C	34.51714762 25.46049296 3.40000000
 C	9.26981801 25.46231686 3.40000000
 C	-3.35387196 25.46314646 3.40000000
 C	38.27244554 25.59878982 3.40000000
 C	25.64857099 25.59952581 3.40000000
 C	0.40120782 25.60123991 3.40000000
 C	-12.22244859 25.60217930 3.40000000
 C	29.40381856 25.73765798 3.40000000
 C	16.78016215 25.73859738 3.40000000
 C	-8.46725695 25.74029858 3.40000000
 C	45.78277290 25.87501545 3.40000000
 C	20.53524194 25.87669082 3.40000000
 C	7.91158552 25.87763022 3.40000000
 C	-17.33577765 25.87934433 3.40000000
 C	49.53785268 26.01310891 3.40000000
 C	36.91414592 26.01388362 3.40000000
 C	11.66681631 26.01570752 3.40000000
 C	-0.95704145 26.01649838 3.40000000
 C	40.66927605 26.15214175 3.40000000
 C	28.04556929 26.15291647 3.40000000
 C	2.79820612 26.15463057 3.40000000
 C	-9.82545029 26.15556996 3.40000000
 C	31.80076093 26.29103573 3.40000000
 C	19.17716045 26.29198804 3.40000000
 C	-6.07037051 26.29366341 3.40000000
 C	-18.69407727 26.29443812 3.40000000
 C	48.17960341 26.42836738 3.40000000
 C	22.93224023 26.43008149 3.40000000
 C	10.30858382 26.43102088 3.40000000
 C	-14.93877935 26.43273499 3.40000000
 C	39.31097643 26.56723554 3.40000000
 C	14.06364682 26.56905944 3.40000000
 C	1.43995685 26.56988905 3.40000000
 C	43.06627435 26.70553241 3.40000000
 C	30.44256759 26.70630713 3.40000000
 C	5.19514849 26.70800832 3.40000000
 C	-7.42845200 26.70896062 3.40000000
 C	34.19764738 26.84440057 3.40000000
 C	21.57399096 26.84533997 3.40000000
 C	-3.67337221 26.84705407 3.40000000
 C	-16.29707897 26.84782879 3.40000000
 C	25.32923853 26.98347215 3.40000000
 C	12.70541433 26.98437281 3.40000000
 C	-12.54194884 26.98608691 3.40000000
 C	41.70797473 27.12062620 3.40000000
 C	16.46064512 27.12245010 3.40000000
 C	3.83695514 27.12327971 3.40000000
 C	45.46321672 27.25891016 3.40000000
 C	32.83956589 27.25969779 3.40000000
 C	7.59203493 27.26137316 3.40000000
 C	-5.03162148 27.26231255 3.40000000
 C	36.59464567 27.39779123 3.40000000
 C	23.97098926 27.39873063 3.40000000
 C	-1.27637391 27.40044474 3.40000000
 C	-13.90024846 27.40118071 3.40000000
 C	27.72606905 27.53682407 3.40000000
 C	15.10241263 27.53776347 3.40000000
 C	-10.14495054 27.53947758 3.40000000
 C	44.10497303 27.67401686 3.40000000
 C	18.85758749 27.67582785 3.40000000
 C	6.23395344 27.67667037 3.40000000
 C	47.86010316 27.81227499 3.40000000
 C	35.23639640 27.81304971 3.40000000
 C	9.98903323 27.81476382 3.40000000
 C	-2.63462319 27.81570321 3.40000000
 C	38.99164397 27.95118189 3.40000000
 C	26.36781977 27.95208255 3.40000000
 C	1.12045660 27.95379666 3.40000000
 C	-11.50325016 27.95457137 3.40000000
 C	30.12306734 28.09021473 3.40000000
 C	17.49941093 28.09115413 3.40000000
 C	-7.74800817 28.09285532 3.40000000
 C	46.50197133 28.22740753 3.40000000
 C	21.25447393 28.22919269 3.40000000
 C	8.63078395 28.23002229 3.40000000
 C	-16.61657922 28.23173640 3.40000000
 C	50.25710146 28.36566565 3.40000000
 C	37.63339470 28.36644037 3.40000000
 C	12.38603152 28.36815448 3.40000000
 C	-0.23779267 28.36905513 3.40000000
 C	41.38847448 28.50453382 3.40000000
 C	28.76481807 28.50547321 3.40000000
 C	3.51745490 28.50718732 3.40000000
 C	-9.10625186 28.50796203 3.40000000
 C	32.52000971 28.64359248 3.40000000
 C	19.89640923 28.64454479 3.40000000
 C	-5.35112173 28.64622016 3.40000000
 C	-17.97482849 28.64699488 3.40000000
 C	48.89880184 28.78075945 3.40000000
 C	23.65147223 28.78258335 3.40000000
 C	11.02778225 28.78341295 3.40000000
 C	-14.21958092 28.78512706 3.40000000
 C	40.03022521 28.91979230 3.40000000
 C	14.78286204 28.92150641 3.40000000
 C	2.15920562 28.92244579 3.40000000
 C	43.78547278 29.05792448 3.40000000
 C	31.16181637 29.05886388 3.40000000
 C	5.91439727 29.06056507 3.40000000
 C	-6.70925356 29.06135269 3.40000000
 C	34.91689615 29.19695732 3.40000000
 C	22.29323974 29.19789672 3.40000000
 C	-2.95412343 29.19961082 3.40000000
 C	-15.57783019 29.20038554 3.40000000
 C	26.04847053 29.33597401 3.40000000
 C	13.42461276 29.33676488 3.40000000
 C	-11.82275041 29.33847899 3.40000000
 C	42.42722351 29.47318296 3.40000000
 C	17.17986034 29.47489707 3.40000000
 C	4.55620392 29.47583646 3.40000000
 C	46.18241515 29.61130223 3.40000000
 C	33.55881467 29.61225454 3.40000000
 C	8.31128371 29.61392991 3.40000000
 C	-4.31242305 29.61470462 3.40000000
 C	37.31389445 29.75034798 3.40000000
 C	24.69023804 29.75128738 3.40000000
 C	-0.55712513 29.75300148 3.40000000
 C	-13.18099968 29.75373747 3.40000000
 C	28.44530104 29.88932594 3.40000000
 C	15.82161106 29.89015554 3.40000000
 C	-9.42575211 29.89186965 3.40000000
 C	44.82422181 30.02657362 3.40000000
 C	19.57680270 30.02827482 3.40000000
 C	6.95320222 30.02922712 3.40000000
 C	48.57930159 30.16466707 3.40000000
 C	35.95564518 30.16560646 3.40000000
 C	10.70828201 30.16732057 3.40000000
 C	-1.91542475 30.16809528 3.40000000
 C	39.71089275 30.30373864 3.40000000
 C	27.08706855 30.30463930 3.40000000
 C	1.83970538 30.30635341 3.40000000
 C	-10.78400138 30.30712813 3.40000000
 C	30.84229934 30.44271660 3.40000000
 C	18.21860936 30.44354620 3.40000000
 C	-7.02880974 30.44524740 3.40000000
 C	47.22122010 30.57996428 3.40000000
 C	21.97368915 30.58163965 3.40000000
 C	9.35003273 30.58257904 3.40000000
 C	-15.89733044 30.58429315 3.40000000
 C	50.97629989 30.71805773 3.40000000
 C	38.35264348 30.71899712 3.40000000
 C	13.10528030 30.72071123 3.40000000
 C	0.48140576 30.72144720 3.40000000
 C	42.10772326 30.85709057 3.40000000
 C	29.48406685 30.85802996 3.40000000
 C	4.23670368 30.85974407 3.40000000
 C	-8.38700309 30.86051879 3.40000000
 C	33.23924171 30.99609435 3.40000000
 C	20.61560766 30.99693686 3.40000000
 C	-4.63192330 30.99861223 3.40000000
 C	-17.25557971 30.99955163 3.40000000
 C	49.61805062 31.13331621 3.40000000
 C	24.37068744 31.13503032 3.40000000
 C	11.74703103 31.13596970 3.40000000
 C	-13.50033214 31.13768381 3.40000000
 C	40.74947399 31.27234905 3.40000000
 C	15.50211082 31.27406316 3.40000000
 C	2.87840406 31.27483787 3.40000000
 C	44.50472156 31.41048123 3.40000000
 C	31.88106515 31.41142062 3.40000000
 C	6.63364604 31.41312182 3.40000000
 C	-5.99000479 31.41390945 3.40000000
 C	35.63612815 31.54945918 3.40000000
 C	23.01243817 31.55028879 3.40000000
 C	-2.23492500 31.55200289 3.40000000
 C	-14.85858142 31.55294229 3.40000000
 C	26.76768574 31.68842098 3.40000000
 C	14.14386154 31.68932163 3.40000000
 C	-11.10350163 31.69103573 3.40000000
 C	43.14647229 31.82573971 3.40000000
 C	17.89910911 31.82745382 3.40000000
 C	5.27540236 31.82822853 3.40000000
 C	46.90166393 31.96385898 3.40000000
 C	34.27806344 31.96481129 3.40000000
 C	9.03053249 31.96648666 3.40000000
 C	-3.59317428 31.96726138 3.40000000
 C	38.03312645 32.10284985 3.40000000
 C	25.40943647 32.10367945 3.40000000
 C	0.16207330 32.10539356 3.40000000
 C	-12.46175090 32.10629422 3.40000000
 C	29.16451625 32.24177290 3.40000000
 C	16.54085984 32.24271229 3.40000000
 C	-8.70650333 32.24442640 3.40000000
 C	45.54347059 32.37913037 3.40000000
 C	20.29605148 32.38083157 3.40000000
 C	7.67240065 32.38161919 3.40000000
 C	49.29855037 32.51722381 3.40000000
 C	36.67489396 32.51816321 3.40000000
 C	11.42753078 32.51987732 3.40000000
 C	-1.19617598 32.52065204 3.40000000
 C	40.43012474 32.65624051 3.40000000
 C	27.80626698 32.65703137 3.40000000
 C	2.55890381 32.65874548 3.40000000
 C	-10.06475260 32.65968488 3.40000000
 C	31.56151455 32.79516356 3.40000000
 C	18.93785814 32.79610295 3.40000000
 C	-6.30956096 32.79780414 3.40000000
 C	47.94046888 32.93252103 3.40000000
 C	22.69293792 32.93419640 3.40000000
 C	10.06923117 32.93497111 3.40000000
 C	-15.17809844 32.93679501 3.40000000
 C	51.69554867 33.07061447 3.40000000
 C	39.07189226 33.07155387 3.40000000
 C	13.82452908 33.07326798 3.40000000
 C	1.20065454 33.07400396 3.40000000
 C	42.82695526 33.20959243 3.40000000
 C	30.20326528 33.21042203 3.40000000
 C	4.95590211 33.21213614 3.40000000
 C	-7.66775431 33.21307554 3.40000000
 C	33.95845692 33.34854131 3.40000000
 C	21.33485644 33.34949361 3.40000000
 C	-3.91267452 33.35116898 3.40000000
 C	-16.53633093 33.35210838 3.40000000
 C	50.33729940 33.48587296 3.40000000
 C	25.08993622 33.48758706 3.40000000
 C	12.46622946 33.48836177 3.40000000
 C	-12.78110015 33.49018568 3.40000000
 C	41.46872277 33.62490580 3.40000000
 C	16.22135959 33.62661990 3.40000000
 C	3.59765283 33.62739462 3.40000000
 C	45.22395356 33.76298309 3.40000000
 C	32.60026358 33.76381270 3.40000000
 C	7.35284448 33.76551389 3.40000000
 C	-5.27075601 33.76646620 3.40000000
 C	36.35534336 33.90190615 3.40000000
 C	23.73168695 33.90284554 3.40000000
 C	-1.51567622 33.90455964 3.40000000
 C	-14.13933264 33.90549904 3.40000000
 C	27.48693452 34.04097772 3.40000000
 C	14.86305998 34.04171370 3.40000000
 C	-10.38426963 34.04353760 3.40000000
 C	43.86572107 34.17829646 3.40000000
 C	18.61835789 34.18001056 3.40000000
 C	5.99465113 34.18078529 3.40000000
 C	47.62089592 34.31636084 3.40000000
 C	34.99726188 34.31720336 3.40000000
 C	9.74973092 34.31887873 3.40000000
 C	-2.87392550 34.31981812 3.40000000
 C	38.75234166 34.45529681 3.40000000
 C	26.12868525 34.45623620 3.40000000
 C	0.88132208 34.45795030 3.40000000
 C	-11.74250212 34.45885096 3.40000000
 C	29.88376503 34.59432965 3.40000000
 C	17.26005827 34.59510436 3.40000000
 C	-7.98727134 34.59692826 3.40000000
 C	46.26271936 34.73168712 3.40000000
 C	21.01530026 34.73338831 3.40000000
 C	8.39164943 34.73417595 3.40000000
 C	50.01778237 34.86972568 3.40000000
 C	37.39409239 34.87055528 3.40000000
 C	12.14672922 34.87226939 3.40000000
 C	-0.47692720 34.87320879 3.40000000
 C	41.14933996 35.00868747 3.40000000
 C	28.52551576 35.00958812 3.40000000
 C	3.27815259 35.01130223 3.40000000
 C	-9.34550383 35.01224163 3.40000000
 C	32.28076333 35.14772031 3.40000000
 C	19.65705657 35.14849502 3.40000000
 C	-5.59032897 35.15030601 3.40000000
 C	48.65971766 35.28507778 3.40000000
 C	23.41218670 35.28675315 3.40000000
 C	10.78847994 35.28752787 3.40000000
 C	-14.45888323 35.28924198 3.40000000
 C	52.41478066 35.42311634 3.40000000
 C	39.79109069 35.42394594 3.40000000
 C	14.54372751 35.42566005 3.40000000
 C	1.91990331 35.42656071 3.40000000
 C	43.54617047 35.56203940 3.40000000
 C	30.92251406 35.56297878 3.40000000
 C	5.67515089 35.56469289 3.40000000
 C	-6.94850553 35.56563229 3.40000000
 C	34.67770570 35.70109806 3.40000000
 C	22.05405487 35.70188568 3.40000000
 C	-3.19344253 35.70367085 3.40000000
 C	-15.81713250 35.70450045 3.40000000
 C	51.05654817 35.83842970 3.40000000
 C	25.80918500 35.84014381 3.40000000
 C	13.18547824 35.84091853 3.40000000
 C	-12.06188493 35.84263264 3.40000000
 C	42.18792120 35.97729787 3.40000000
 C	16.94055803 35.97901198 3.40000000
 C	4.31690161 35.97995137 3.40000000
 C	45.94316877 36.11543006 3.40000000
 C	33.31951236 36.11636944 3.40000000
 C	8.07209326 36.11807064 3.40000000
 C	-4.55150723 36.11902295 3.40000000
 C	37.07459214 36.25446290 3.40000000
 C	24.45088538 36.25523761 3.40000000
 C	-0.79644423 36.25706151 3.40000000
 C	-13.42013420 36.25789111 3.40000000
 C	28.20618330 36.39353447 3.40000000
 C	15.58230875 36.39427046 3.40000000
 C	-9.66505442 36.39598456 3.40000000
 C	44.58491950 36.53068853 3.40000000
 C	19.33755633 36.53240264 3.40000000
 C	6.71389991 36.53334203 3.40000000
 C	48.34011114 36.66880781 3.40000000
 C	35.71651066 36.66976011 3.40000000
 C	10.46897970 36.67143548 3.40000000
 C	-2.15467672 36.67237487 3.40000000
 C	39.47159044 36.80785356 3.40000000
 C	26.84788368 36.80862827 3.40000000
 C	1.60055407 36.81045217 3.40000000
 C	-11.02330369 36.81124304 3.40000000
 C	30.60301381 36.94688640 3.40000000
 C	17.97930705 36.94766112 3.40000000
 C	-7.26805612 36.94937523 3.40000000
 C	46.98191780 37.08407919 3.40000000
 C	21.73449869 37.08578039 3.40000000
 C	9.11089821 37.08673269 3.40000000
 C	50.73699758 37.22217264 3.40000000
 C	38.11334117 37.22311203 3.40000000
 C	12.86597800 37.22482614 3.40000000
 C	0.24232158 37.22576553 3.40000000
 C	41.86858874 37.36124422 3.40000000
 C	29.24471419 37.36198019 3.40000000
 C	3.99738458 37.36380409 3.40000000
 C	-8.62630539 37.36463370 3.40000000
 C	33.00001211 37.50027706 3.40000000
 C	20.37630535 37.50105178 3.40000000
 C	-4.87111375 37.50275297 3.40000000
 C	49.37891609 37.63746985 3.40000000
 C	24.13138514 37.63914522 3.40000000
 C	11.50772872 37.64008462 3.40000000
 C	-13.73963445 37.64179873 3.40000000
 C	53.13399588 37.77556330 3.40000000
 C	40.51033947 37.77650269 3.40000000
 C	15.26297629 37.77821680 3.40000000
 C	2.63915209 37.77911746 3.40000000
 C	44.26541925 37.91459614 3.40000000
 C	31.64171249 37.91537085 3.40000000
 C	6.39438288 37.91719476 3.40000000
 C	-6.22930710 37.91802436 3.40000000
 C	35.39695448 38.05365481 3.40000000
 C	22.77330365 38.05444244 3.40000000
 C	-2.47422731 38.05611781 3.40000000
 C	51.77574661 38.19082178 3.40000000
 C	26.52838343 38.19253588 3.40000000
 C	13.90472702 38.19347528 3.40000000
 C	-11.34263615 38.19518939 3.40000000
 C	42.90716998 38.32985462 3.40000000
 C	17.65980681 38.33156872 3.40000000
 C	5.03615039 38.33250812 3.40000000
 C	46.66241755 38.46798681 3.40000000
 C	34.03871079 38.46876152 3.40000000
 C	8.79132525 38.47057251 3.40000000
 C	-3.83230880 38.47141502 3.40000000
 C	37.79384092 38.60701965 3.40000000
 C	25.17013416 38.60779437 3.40000000
 C	-0.07722901 38.60950847 3.40000000
 C	28.92538173 38.74592655 3.40000000
 C	16.30155753 38.74682721 3.40000000
 C	-8.94580564 38.74854131 3.40000000
 C	45.30416828 38.88324528 3.40000000
 C	20.05680510 38.88495938 3.40000000
 C	7.43314869 38.88589878 3.40000000
 C	49.05935992 39.02136455 3.40000000
 C	36.43570909 39.02215218 3.40000000
 C	11.18821169 39.02393734 3.40000000
 C	-1.43547829 39.02476694 3.40000000
 C	40.19083922 39.16041031 3.40000000
 C	27.56713246 39.16118503 3.40000000
 C	2.31976929 39.16289913 3.40000000
 C	31.32221224 39.29927847 3.40000000
 C	18.69855583 39.30021787 3.40000000
 C	-6.54880734 39.30193197 3.40000000
 C	47.70116657 39.43663594 3.40000000
 C	22.45374747 39.43833713 3.40000000
 C	9.83014699 39.43928944 3.40000000
 C	51.45624636 39.57472939 3.40000000
 C	38.83253960 39.57550410 3.40000000
 C	13.58520999 39.57732800 3.40000000
 C	0.96152001 39.57815761 3.40000000
 C	42.58783752 39.71380097 3.40000000
 C	29.96396297 39.71453695 3.40000000
 C	4.71659980 39.71625106 3.40000000
 C	33.71921054 39.85266913 3.40000000
 C	21.09555413 39.85360853 3.40000000
 C	-4.15186497 39.85530972 3.40000000
 C	50.09816487 39.99002660 3.40000000
 C	24.85063391 39.99170197 3.40000000
 C	12.22697750 39.99264137 3.40000000
 C	53.85324466 40.12812005 3.40000000
 C	41.22953790 40.12889476 3.40000000
 C	15.98220829 40.13071866 3.40000000
 C	3.35835053 40.13150953 3.40000000
 C	44.98466803 40.26715289 3.40000000
 C	32.36096127 40.26792761 3.40000000
 C	7.11359810 40.26964172 3.40000000
 C	36.11615291 40.40604688 3.40000000
 C	23.49255243 40.40699919 3.40000000
 C	-1.75497853 40.40867456 3.40000000
 C	52.49499539 40.54337852 3.40000000
 C	27.24763221 40.54509263 3.40000000
 C	14.62397580 40.54603203 3.40000000
 C	43.62636841 40.68224669 3.40000000
 C	18.37903880 40.68407059 3.40000000
 C	5.75534882 40.68490019 3.40000000
 C	47.38166633 40.82054355 3.40000000
 C	34.75795957 40.82131827 3.40000000
 C	9.51054046 40.82301947 3.40000000
 C	38.51303935 40.95941172 3.40000000
 C	25.88938294 40.96035111 3.40000000
 C	0.64201977 40.96206522 3.40000000
 C	29.64463051 41.09848329 3.40000000
 C	17.02080631 41.09938395 3.40000000
 C	46.02336671 41.23563735 3.40000000
 C	20.77603710 41.23746125 3.40000000
 C	8.15234712 41.23829085 3.40000000
 C	49.77860870 41.37392130 3.40000000
 C	37.15495786 41.37470894 3.40000000
 C	11.90742691 41.37638431 3.40000000
 C	40.91003765 41.51280238 3.40000000
 C	28.28638124 41.51374177 3.40000000
 C	3.03901806 41.51545588 3.40000000
 C	32.04146102 41.65183522 3.40000000
 C	19.41780461 41.65277461 3.40000000
 C	48.42036501 41.78902801 3.40000000
 C	23.17297947 41.79083900 3.40000000
 C	10.54934542 41.79168151 3.40000000
 C	52.17549514 41.92728614 3.40000000
 C	39.55178838 41.92806086 3.40000000
 C	14.30442520 41.92977497 3.40000000
 C	43.30703595 42.06619304 3.40000000
 C	30.68321175 42.06709370 3.40000000
 C	5.43584858 42.06880781 3.40000000
 C	34.43845932 42.20522588 3.40000000
 C	21.81480291 42.20616528 3.40000000
 C	50.81736331 42.34241867 3.40000000
 C	25.56986591 42.34420384 3.40000000
 C	12.94617593 42.34503344 3.40000000
 C	54.57249344 42.48067680 3.40000000
 C	41.94878668 42.48145152 3.40000000
 C	16.70142350 42.48316563 3.40000000
 C	45.70386646 42.61954496 3.40000000
 C	33.08021005 42.62048436 3.40000000
 C	7.83284687 42.62219847 3.40000000
 C	36.83540169 42.75860363 3.40000000
 C	24.21180120 42.75955594 3.40000000
 C	53.21419382 42.89577060 3.40000000
 C	27.96686421 42.89759450 3.40000000
 C	15.34317423 42.89842410 3.40000000
 C	44.34561719 43.03480345 3.40000000
 C	19.09825401 43.03651755 3.40000000
 C	48.10086476 43.17293563 3.40000000
 C	35.47720835 43.17387502 3.40000000
 C	10.22978924 43.17557622 3.40000000
 C	39.23228813 43.31196847 3.40000000
 C	26.60863172 43.31290786 3.40000000
 C	30.36386251 43.45098516 3.40000000
 C	17.74000474 43.45177603 3.40000000
 C	46.74261549 43.58819411 3.40000000
 C	21.49525231 43.58990821 3.40000000
 C	50.49780713 43.72631337 3.40000000
 C	37.87420664 43.72726568 3.40000000
 C	12.62667568 43.72894105 3.40000000
 C	41.62928643 43.86535913 3.40000000
 C	29.00563002 43.86629852 3.40000000
 C	32.76069302 44.00433708 3.40000000
 C	20.13700304 44.00516669 3.40000000
 C	49.13961378 44.14158477 3.40000000
 C	23.89219468 44.14328596 3.40000000
 C	52.89469357 44.27967821 3.40000000
 C	40.27103716 44.28061761 3.40000000
 C	15.02367398 44.28233172 3.40000000
 C	44.02628473 44.41874979 3.40000000
 C	31.40246053 44.41965045 3.40000000
 C	35.15769132 44.55772775 3.40000000
 C	22.53400134 44.55855735 3.40000000
 C	51.53661208 44.69497543 3.40000000
 C	26.28908112 44.69665080 3.40000000
 C	55.29169187 44.83306887 3.40000000
 C	42.66803545 44.83400827 3.40000000
 C	17.42067228 44.83572238 3.40000000
 C	46.42311524 44.97210171 3.40000000
 C	33.79945883 44.97304111 3.40000000
 C	37.55463368 45.11110549 3.40000000
 C	24.93099964 45.11194801 3.40000000
 C	53.93344259 45.24832735 3.40000000
 C	28.68607942 45.25004146 3.40000000
 C	45.06486597 45.38736019 3.40000000
 C	19.81750279 45.38907430 3.40000000
 C	48.82011354 45.52549237 3.40000000
 C	36.19645712 45.52643177 3.40000000
 C	39.95152013 45.66447033 3.40000000
 C	27.32783015 45.66529993 3.40000000
 C	31.08307772 45.80343212 3.40000000
 C	47.46186426 45.94075086 3.40000000
 C	22.21450109 45.94246496 3.40000000
 C	51.21705591 46.07887012 3.40000000
 C	38.59345542 46.07982243 3.40000000
 C	42.34851842 46.21786099 3.40000000
 C	29.72482845 46.21869060 3.40000000
 C	33.47990823 46.35678405 3.40000000
 C	49.85886256 46.49414152 3.40000000
 C	24.61144346 46.49584271 3.40000000
 C	53.61394235 46.63223496 3.40000000
 C	40.99028593 46.63317436 3.40000000
 C	44.74551672 46.77125165 3.40000000
 C	32.12165896 46.77204252 3.40000000
 C	35.87690653 46.91017471 3.40000000
 C	52.25586086 47.04753218 3.40000000
 C	27.00832990 47.04920755 3.40000000
 C	56.01094065 47.18562562 3.40000000
 C	43.38728423 47.18656502 3.40000000
 C	47.14234723 47.32460358 3.40000000
 C	34.51865726 47.32543318 3.40000000
 C	38.27384890 47.46355246 3.40000000
 C	54.65269137 47.60088410 3.40000000
 C	29.40532820 47.60259821 3.40000000
 C	45.78411474 47.73991694 3.40000000
 C	49.53934553 47.87799424 3.40000000
 C	36.91565556 47.87882384 3.40000000
 C	40.67073534 48.01691730 3.40000000
 C	31.80232650 48.15598887 3.40000000
 C	48.18111304 48.29330760 3.40000000
 C	51.93628790 48.43137199 3.40000000
 C	39.31265385 48.43221450 3.40000000
 C	43.06773364 48.57030796 3.40000000
 C	34.19915701 48.70934080 3.40000000
 C	50.57811134 48.84669826 3.40000000
 C	54.33317434 48.98473683 3.40000000
 C	41.70948437 48.98556643 3.40000000
 C	45.46473194 49.12369862 3.40000000
 C	36.59615531 49.26273146 3.40000000
 C	52.97510964 49.40008893 3.40000000
 C	56.73017264 49.53812749 3.40000000
 C	44.10648266 49.53895709 3.40000000
 C	47.86156245 49.67705054 3.40000000
 C	38.99309768 49.81610921 3.40000000
 C	55.37194015 49.95344085 3.40000000
 C	46.50331318 50.09230901 3.40000000
 C	50.25856075 50.23044120 3.40000000
 C	41.38998412 50.36947404 3.40000000
 C	48.90031148 50.64569968 3.40000000
 C	52.65550312 50.78381895 3.40000000
 C	43.78698242 50.92286470 3.40000000
 C	51.29730977 51.19909034 3.40000000
 C	55.05238956 51.33718379 3.40000000
 C	46.18398072 51.47625537 3.40000000
 C	53.69430807 51.75248100 3.40000000
 C	57.44938786 51.89057445 3.40000000
 C	48.58081123 52.02960729 3.40000000
 C	56.09113858 52.30583292 3.40000000
 C	50.97780953 52.58299795 3.40000000
 C	53.37475190 53.13637570 3.40000000
 C	55.77163834 53.68974054 3.40000000
 C	58.16863663 54.24313120 3.40000000
