 C	-38.58827775 -33.54427808 3.40000000
 C	-36.17342658 -33.07487856 3.40000000
 C	-33.75874445 -32.60551190 3.40000000
 C	-31.34389328 -32.13611239 3.40000000
 C	-36.44443452 -31.68066359 3.40000000
 C	-28.92904211 -31.66671287 3.40000000
 C	-37.78736407 -31.21825586 3.40000000
 C	-34.02958335 -31.21126407 3.40000000
 C	-26.51419095 -31.19731335 3.40000000
 C	-35.37251290 -30.74885635 3.40000000
 C	-31.61490122 -30.74189741 3.40000000
 C	-24.09950882 -30.72794669 3.40000000
 C	-32.95783077 -30.27948969 3.40000000
 C	-29.20005005 -30.27249790 3.40000000
 C	-21.68465765 -30.25854718 3.40000000
 C	-30.54297960 -29.81009017 3.40000000
 C	-26.78525523 -29.80310933 3.40000000
 C	-19.26997552 -29.78918052 3.40000000
 C	-35.64352084 -29.35464137 3.40000000
 C	-28.12812844 -29.34069066 3.40000000
 C	-24.37051675 -29.33373172 3.40000000
 C	-16.85512435 -29.31978100 3.40000000
 C	-36.98650645 -28.89239647 3.40000000
 C	-33.22866967 -28.88524186 3.40000000
 C	-25.71327727 -28.87129114 3.40000000
 C	-21.95566559 -28.86433220 3.40000000
 C	-14.44027318 -28.85038149 3.40000000
 C	-34.57165529 -28.42299695 3.40000000
 C	-30.81398754 -28.41587520 3.40000000
 C	-23.29859514 -28.40192448 3.40000000
 C	-19.54081442 -28.39493269 3.40000000
 C	-12.02542202 -28.38098197 3.40000000
 C	-32.15697316 -27.95363029 3.40000000
 C	-28.39913637 -27.94647568 3.40000000
 C	-20.88374397 -27.93252496 3.40000000
 C	-17.12613229 -27.92556603 3.40000000
 C	-9.61073988 -27.91161531 3.40000000
 C	-29.74212199 -27.48423078 3.40000000
 C	-25.98434155 -27.47708712 3.40000000
 C	-18.46906184 -27.46315830 3.40000000
 C	-14.71128112 -27.45616651 3.40000000
 C	-7.19588872 -27.44221579 3.40000000
 C	-34.84266322 -27.02878198 3.40000000
 C	-27.32727082 -27.01483126 3.40000000
 C	-23.56960308 -27.00770951 3.40000000
 C	-16.05421067 -26.99375879 3.40000000
 C	-12.29648630 -26.98677795 3.40000000
 C	-4.78120659 -26.97284913 3.40000000
 C	-36.18559278 -26.56637425 3.40000000
 C	-32.42781206 -26.55938246 3.40000000
 C	-24.91241965 -26.54543174 3.40000000
 C	-21.15475191 -26.53830999 3.40000000
 C	-13.63935950 -26.52435927 3.40000000
 C	-9.88174782 -26.51740034 3.40000000
 C	-2.36635542 -26.50344962 3.40000000
 C	-33.77074161 -26.09697473 3.40000000
 C	-30.01312993 -26.09001580 3.40000000
 C	-22.49773752 -26.07606509 3.40000000
 C	-18.73990074 -26.06891047 3.40000000
 C	-11.22450834 -26.05495976 3.40000000
 C	-7.46689665 -26.04800082 3.40000000
 C	0.04849575 -26.03405010 3.40000000
 C	-31.35605948 -25.62760807 3.40000000
 C	-27.59827876 -25.62061629 3.40000000
 C	-20.08288635 -25.60666557 3.40000000
 C	-16.32521861 -25.59954381 3.40000000
 C	-8.80982621 -25.58559310 3.40000000
 C	-5.05204549 -25.57860130 3.40000000
 C	2.46334692 -25.56465059 3.40000000
 C	-28.94120831 -25.15820855 3.40000000
 C	-25.18348394 -25.15122772 3.40000000
 C	-17.66820422 -25.13729891 3.40000000
 C	-13.91036744 -25.13014430 3.40000000
 C	-6.39497504 -25.11619358 3.40000000
 C	-2.63736336 -25.10923464 3.40000000
 C	4.87802905 -25.09528393 3.40000000
 C	-34.04174955 -24.70275977 3.40000000
 C	-26.52635714 -24.68880904 3.40000000
 C	-22.76874546 -24.68185011 3.40000000
 C	-15.25335306 -24.66789939 3.40000000
 C	-11.49557262 -24.66075573 3.40000000
 C	-3.98029291 -24.64682692 3.40000000
 C	-0.22251219 -24.63983513 3.40000000
 C	7.29288021 -24.62588441 3.40000000
 C	-35.38467910 -24.24035203 3.40000000
 C	-31.62689838 -24.23336025 3.40000000
 C	-24.11150598 -24.21940952 3.40000000
 C	-20.35389429 -24.21245059 3.40000000
 C	-12.83850189 -24.19849988 3.40000000
 C	-9.08083414 -24.19137812 3.40000000
 C	-1.56544174 -24.17742740 3.40000000
 C	2.19228263 -24.17044656 3.40000000
 C	9.70756235 -24.15651775 3.40000000
 C	-32.96982793 -23.77095252 3.40000000
 C	-29.21221625 -23.76399359 3.40000000
 C	-21.69682385 -23.75004286 3.40000000
 C	-17.93904312 -23.74305108 3.40000000
 C	-10.42365072 -23.72910036 3.40000000
 C	-6.66598298 -23.72197861 3.40000000
 C	0.84940943 -23.70802789 3.40000000
 C	4.60702111 -23.70106895 3.40000000
 C	12.12241351 -23.68711823 3.40000000
 C	-30.55514580 -23.30158586 3.40000000
 C	-26.79736508 -23.29459407 3.40000000
 C	-19.28197268 -23.28064335 3.40000000
 C	-15.52436099 -23.27368442 3.40000000
 C	-8.00896859 -23.25973370 3.40000000
 C	-4.25113181 -23.25257909 3.40000000
 C	3.26426059 -23.23862837 3.40000000
 C	7.02187228 -23.23166944 3.40000000
 C	14.53726468 -23.21771872 3.40000000
 C	-28.14029463 -22.83218634 3.40000000
 C	-24.38257026 -22.82520551 3.40000000
 C	-16.86729055 -22.81127669 3.40000000
 C	-13.10950983 -22.80428490 3.40000000
 C	-5.59411742 -22.79033418 3.40000000
 C	-1.83644968 -22.78321243 3.40000000
 C	5.67894273 -22.76926171 3.40000000
 C	9.43672344 -22.76226992 3.40000000
 C	16.95211585 -22.74831920 3.40000000
 C	-33.24085456 -22.37679181 3.40000000
 C	-25.72544347 -22.36278682 3.40000000
 C	-21.96783178 -22.35582790 3.40000000
 C	-14.45243938 -22.34187717 3.40000000
 C	-10.69471500 -22.33489634 3.40000000
 C	-3.17943529 -22.32096753 3.40000000
 C	0.57840149 -22.31381291 3.40000000
 C	8.09379389 -22.29986220 3.40000000
 C	11.85140558 -22.29290326 3.40000000
 C	19.36679798 -22.27895254 3.40000000
 C	-34.58376542 -21.91432982 3.40000000
 C	-30.82600339 -21.90739230 3.40000000
 C	-23.31059230 -21.89338731 3.40000000
 C	-19.55298061 -21.88642838 3.40000000
 C	-12.03758821 -21.87247765 3.40000000
 C	-8.27997653 -21.86551873 3.40000000
 C	-0.76458412 -21.85156801 3.40000000
 C	2.99319631 -21.84442435 3.40000000
 C	10.50847602 -21.83049554 3.40000000
 C	14.26625674 -21.82350374 3.40000000
 C	21.78164915 -21.80955303 3.40000000
 C	-32.16891425 -21.44493030 3.40000000
 C	-28.41132126 -21.43802564 3.40000000
 C	-20.89591017 -21.42402065 3.40000000
 C	-17.13812945 -21.41702886 3.40000000
 C	-9.62273705 -21.40307814 3.40000000
 C	-5.86512536 -21.39611921 3.40000000
 C	1.65026704 -21.38216849 3.40000000
 C	5.40793479 -21.37504674 3.40000000
 C	12.92332719 -21.36109602 3.40000000
 C	16.68105156 -21.35411518 3.40000000
 C	24.19633128 -21.34018637 3.40000000
 C	-29.75423212 -20.97556364 3.40000000
 C	-25.99647009 -20.96862612 3.40000000
 C	-18.48105900 -20.95462113 3.40000000
 C	-14.72344732 -20.94766221 3.40000000
 C	-7.20805491 -20.93371148 3.40000000
 C	-3.45027419 -20.92671969 3.40000000
 C	4.06511821 -20.91276898 3.40000000
 C	7.82278596 -20.90564722 3.40000000
 C	15.33817836 -20.89169650 3.40000000
 C	19.09579004 -20.88473757 3.40000000
 C	26.61118244 -20.87078685 3.40000000
 C	-27.33938096 -20.50616413 3.40000000
 C	-23.58167527 -20.49923756 3.40000000
 C	-16.06637687 -20.48525447 3.40000000
 C	-12.30859615 -20.47826269 3.40000000
 C	-4.79320375 -20.46431196 3.40000000
 C	-1.03559206 -20.45735304 3.40000000
 C	6.47980034 -20.44340232 3.40000000
 C	10.23763712 -20.43624771 3.40000000
 C	17.75302953 -20.42229699 3.40000000
 C	21.51064121 -20.41533805 3.40000000
 C	29.02603361 -20.40138733 3.40000000
 C	-32.43997825 -20.05087815 3.40000000
 C	-24.92452979 -20.03676461 3.40000000
 C	-21.16693679 -20.02985995 3.40000000
 C	-13.65152570 -20.01585496 3.40000000
 C	-9.89380133 -20.00887413 3.40000000
 C	-2.37852162 -19.99494530 3.40000000
 C	1.37925911 -19.98795352 3.40000000
 C	8.89465151 -19.97400280 3.40000000
 C	12.65231925 -19.96688105 3.40000000
 C	20.16771166 -19.95293033 3.40000000
 C	23.92549238 -19.94593854 3.40000000
 C	31.44088478 -19.93198782 3.40000000
 C	-33.78290781 -19.58847042 3.40000000
 C	-30.02512709 -19.58147863 3.40000000
 C	-22.50967862 -19.56736509 3.40000000
 C	-18.75208563 -19.56046043 3.40000000
 C	-11.23667453 -19.54645544 3.40000000
 C	-7.47906285 -19.53949651 3.40000000
 C	0.03632955 -19.52554579 3.40000000
 C	3.79405393 -19.51856496 3.40000000
 C	11.30933364 -19.50463614 3.40000000
 C	15.06717042 -19.49748153 3.40000000
 C	22.58256282 -19.48353081 3.40000000
 C	26.34017451 -19.47657188 3.40000000
 C	33.85556691 -19.46262116 3.40000000
 C	-31.36805664 -19.11907091 3.40000000
 C	-27.61044496 -19.11211197 3.40000000
 C	-20.09499649 -19.09799843 3.40000000
 C	-16.33723446 -19.09106091 3.40000000
 C	-8.82182337 -19.07705592 3.40000000
 C	-5.06421168 -19.07009700 3.40000000
 C	2.45118072 -19.05614627 3.40000000
 C	6.20879240 -19.04918734 3.40000000
 C	13.72418481 -19.03523663 3.40000000
 C	17.48196524 -19.02809297 3.40000000
 C	24.99724496 -19.01416415 3.40000000
 C	28.75502567 -19.00717236 3.40000000
 C	-28.95337451 -18.64970425 3.40000000
 C	-25.19559379 -18.64271245 3.40000000
 C	-17.68014532 -18.62859892 3.40000000
 C	-13.92255233 -18.62169426 3.40000000
 C	-6.40714124 -18.60768926 3.40000000
 C	-2.64936052 -18.60069748 3.40000000
 C	4.86603189 -18.58674675 3.40000000
 C	8.62364357 -18.57978783 3.40000000
 C	16.13903597 -18.56583711 3.40000000
 C	19.89670372 -18.55871535 3.40000000
 C	27.41209612 -18.54476464 3.40000000
 C	31.16982050 -18.53778380 3.40000000
 C	-26.53852334 -18.18030473 3.40000000
 C	-22.78079897 -18.17332389 3.40000000
 C	-15.26546319 -18.15923226 3.40000000
 C	-11.50770116 -18.15229474 3.40000000
 C	-3.99229007 -18.13828975 3.40000000
 C	-0.23467838 -18.13133082 3.40000000
 C	7.28071402 -18.11738009 3.40000000
 C	11.03849474 -18.11038831 3.40000000
 C	18.55388714 -18.09643759 3.40000000
 C	22.31155489 -18.08931584 3.40000000
 C	29.82694729 -18.07536512 3.40000000
 C	33.58455897 -18.06840618 3.40000000
 C	-31.63906458 -17.72485593 3.40000000
 C	-24.12367217 -17.71090521 3.40000000
 C	-20.36606049 -17.70394628 3.40000000
 C	-12.85061202 -17.68983274 3.40000000
 C	-9.09290634 -17.68290617 3.40000000
 C	-1.57760794 -17.66892309 3.40000000
 C	2.18017278 -17.66193131 3.40000000
 C	9.69556518 -17.64798058 3.40000000
 C	13.45317687 -17.64102165 3.40000000
 C	20.96856927 -17.62707093 3.40000000
 C	24.72640605 -17.61991632 3.40000000
 C	32.24179846 -17.60596560 3.40000000
 C	35.99941014 -17.59900667 3.40000000
 C	-32.98199413 -17.26244821 3.40000000
 C	-29.22421341 -17.25545642 3.40000000
 C	-21.70882100 -17.24150570 3.40000000
 C	-17.95120932 -17.23454676 3.40000000
 C	-10.43576086 -17.22043323 3.40000000
 C	-6.67816786 -17.21352856 3.40000000
 C	0.83724323 -17.19952357 3.40000000
 C	4.59496761 -17.19254274 3.40000000
 C	12.11024732 -17.17861392 3.40000000
 C	15.86802804 -17.17162214 3.40000000
 C	23.38342044 -17.15767142 3.40000000
 C	27.14108819 -17.15054966 3.40000000
 C	34.65648059 -17.13659894 3.40000000
 C	-30.56714296 -16.79304869 3.40000000
 C	-26.80953128 -16.78608976 3.40000000
 C	-19.29413887 -16.77213904 3.40000000
 C	-15.53635815 -16.76514725 3.40000000
 C	-8.02090969 -16.75103371 3.40000000
 C	-4.26331669 -16.74412905 3.40000000
 C	3.25209440 -16.73012406 3.40000000
 C	7.00970608 -16.72316513 3.40000000
 C	14.52509848 -16.70921440 3.40000000
 C	18.28282286 -16.70223357 3.40000000
 C	25.79810257 -16.68830476 3.40000000
 C	29.55593935 -16.68115015 3.40000000
 C	-28.15246083 -16.32368203 3.40000000
 C	-24.39468011 -16.31669024 3.40000000
 C	-16.87928771 -16.30273952 3.40000000
 C	-13.12167602 -16.29578059 3.40000000
 C	-5.60622756 -16.28166705 3.40000000
 C	-1.84846553 -16.27472953 3.40000000
 C	5.66694556 -16.26072454 3.40000000
 C	9.42455725 -16.25376561 3.40000000
 C	16.93994965 -16.23981489 3.40000000
 C	20.69756134 -16.23285596 3.40000000
 C	28.21295374 -16.21890524 3.40000000
 C	31.97073417 -16.21176158 3.40000000
 C	-25.73760966 -15.85428252 3.40000000
 C	-21.97988529 -15.84730168 3.40000000
 C	-14.46460558 -15.83337286 3.40000000
 C	-10.70682486 -15.82638107 3.40000000
 C	-3.19137639 -15.81226753 3.40000000
 C	0.56621660 -15.80536287 3.40000000
 C	8.08162770 -15.79135788 3.40000000
 C	11.83940842 -15.78436610 3.40000000
 C	19.35480082 -15.77041537 3.40000000
 C	23.11241250 -15.76345644 3.40000000
 C	30.62780491 -15.74950572 3.40000000
 C	34.38547265 -15.74238397 3.40000000
 C	-30.83815090 -15.39883372 3.40000000
 C	-23.32275849 -15.38488300 3.40000000
 C	-19.56514681 -15.37792407 3.40000000
 C	-12.04975441 -15.36397335 3.40000000
 C	-8.29203003 -15.35699251 3.40000000
 C	-0.77669426 -15.34290087 3.40000000
 C	2.98106777 -15.33596335 3.40000000
 C	10.49647886 -15.32195836 3.40000000
 C	14.25409055 -15.31499944 3.40000000
 C	21.76948295 -15.30104871 3.40000000
 C	25.52726367 -15.29405693 3.40000000
 C	33.04265607 -15.28010621 3.40000000
 C	36.80032382 -15.27298445 3.40000000
 C	-32.18113651 -14.93658881 3.40000000
 C	-28.42329973 -14.92943420 3.40000000
 C	-20.90790733 -14.91548348 3.40000000
 C	-17.15029564 -14.90852455 3.40000000
 C	-9.63490324 -14.89457383 3.40000000
 C	-5.87729156 -14.88761490 3.40000000
 C	1.63815691 -14.87350136 3.40000000
 C	5.39586259 -14.86657479 3.40000000
 C	12.91116099 -14.85259170 3.40000000
 C	16.66894172 -14.84559992 3.40000000
 C	24.18433412 -14.83164919 3.40000000
 C	27.94194580 -14.82469027 3.40000000
 C	35.45733820 -14.81073955 3.40000000
 C	-29.76628534 -14.46718930 3.40000000
 C	-26.00861760 -14.46006754 3.40000000
 C	-18.49322520 -14.44611683 3.40000000
 C	-14.73544448 -14.43912503 3.40000000
 C	-7.22005207 -14.42517431 3.40000000
 C	-3.46244039 -14.41821538 3.40000000
 C	4.05300808 -14.40410184 3.40000000
 C	7.81060107 -14.39719718 3.40000000
 C	15.32601216 -14.38319219 3.40000000
 C	19.08373654 -14.37621136 3.40000000
 C	26.59901625 -14.36228253 3.40000000
 C	30.35679697 -14.35529075 3.40000000
 C	-27.35160321 -13.99782264 3.40000000
 C	-23.59376643 -13.99066803 3.40000000
 C	-16.07837403 -13.97671731 3.40000000
 C	-12.32076235 -13.96975837 3.40000000
 C	-4.80536994 -13.95580765 3.40000000
 C	-1.04758922 -13.94881586 3.40000000
 C	6.46785924 -13.93470233 3.40000000
 C	10.22545224 -13.92779766 3.40000000
 C	17.74086333 -13.91379267 3.40000000
 C	21.49847501 -13.90683375 3.40000000
 C	29.01386741 -13.89288302 3.40000000
 C	32.77159179 -13.88590219 3.40000000
 C	-24.93675205 -13.52842312 3.40000000
 C	-21.17897161 -13.52127946 3.40000000
 C	-13.66369190 -13.50735065 3.40000000
 C	-9.90591118 -13.50035886 3.40000000
 C	-2.39051877 -13.48640814 3.40000000
 C	1.36709291 -13.47944920 3.40000000
 C	8.88254137 -13.46533567 3.40000000
 C	12.64030341 -13.45839815 3.40000000
 C	20.15571450 -13.44439315 3.40000000
 C	23.91332618 -13.43743423 3.40000000
 C	31.42871858 -13.42348350 3.40000000
 C	35.18633027 -13.41652458 3.40000000
 C	-30.03729328 -13.07297432 3.40000000
 C	-22.52190088 -13.05902361 3.40000000
 C	-18.76423313 -13.05190185 3.40000000
 C	-11.24884073 -13.03795113 3.40000000
 C	-7.49111636 -13.03097029 3.40000000
 C	0.02416336 -13.01704148 3.40000000
 C	3.78194408 -13.01004969 3.40000000
 C	11.29739254 -12.99593615 3.40000000
 C	15.05498554 -12.98903149 3.40000000
 C	22.57039663 -12.97502650 3.40000000
 C	26.32817735 -12.96803471 3.40000000
 C	33.84356975 -12.95408398 3.40000000
 C	37.60118143 -12.94712506 3.40000000
 C	-31.38022284 -12.61056659 3.40000000
 C	-27.62244211 -12.60357481 3.40000000
 C	-20.10704971 -12.58962409 3.40000000
 C	-16.34938197 -12.58250234 3.40000000
 C	-8.83398956 -12.56855162 3.40000000
 C	-5.07637788 -12.56159268 3.40000000
 C	2.43901452 -12.54764196 3.40000000
 C	6.19673890 -12.54066112 3.40000000
 C	13.71207467 -12.52656949 3.40000000
 C	17.46983670 -12.51963197 3.40000000
 C	24.98524779 -12.50562698 3.40000000
 C	28.74285948 -12.49866805 3.40000000
 C	36.25825188 -12.48471733 3.40000000
 C	-28.96537167 -12.14116707 3.40000000
 C	-25.20775998 -12.13420815 3.40000000
 C	-17.69236758 -12.12025743 3.40000000
 C	-13.93453080 -12.11310282 3.40000000
 C	-6.41913839 -12.09915210 3.40000000
 C	-2.66152671 -12.09219316 3.40000000
 C	4.85386569 -12.07824245 3.40000000
 C	8.61147737 -12.07128351 3.40000000
 C	16.12692584 -12.05716997 3.40000000
 C	19.88463153 -12.05024341 3.40000000
 C	27.39992993 -12.03626032 3.40000000
 C	31.15771065 -12.02926854 3.40000000
 C	-26.55068954 -11.67180041 3.40000000
 C	-22.79290882 -11.66480863 3.40000000
 C	-15.27751641 -11.65085791 3.40000000
 C	-11.51984867 -11.64373616 3.40000000
 C	-4.00445626 -11.62978544 3.40000000
 C	-0.24667555 -11.62279365 3.40000000
 C	7.26871686 -11.60884293 3.40000000
 C	11.02632854 -11.60188399 3.40000000
 C	18.54177701 -11.58777046 3.40000000
 C	22.29937000 -11.58086580 3.40000000
 C	29.81478109 -11.56686080 3.40000000
 C	33.57250547 -11.55987997 3.40000000
 C	-24.13583837 -11.20240090 3.40000000
 C	-20.37811399 -11.19542007 3.40000000
 C	-12.86283428 -11.18149125 3.40000000
 C	-9.10499750 -11.17433664 3.40000000
 C	-1.58960510 -11.16038592 3.40000000
 C	2.16800659 -11.15342699 3.40000000
 C	9.68339899 -11.13947627 3.40000000
 C	13.44117971 -11.13248448 3.40000000
 C	20.95662817 -11.11837094 3.40000000
 C	24.71422117 -11.11146628 3.40000000
 C	32.22963226 -11.09746129 3.40000000
 C	35.98724395 -11.09050236 3.40000000
 C	-29.23637960 -10.74695211 3.40000000
 C	-21.72098720 -10.73300138 3.40000000
 C	-17.96337552 -10.72604246 3.40000000
 C	-10.44798311 -10.71209174 3.40000000
 C	-6.69020268 -10.70494808 3.40000000
 C	0.82507703 -10.69101927 3.40000000
 C	4.58285775 -10.68402747 3.40000000
 C	12.09825016 -10.67007675 3.40000000
 C	15.85586184 -10.66311782 3.40000000
 C	23.37131031 -10.64900428 3.40000000
 C	27.12907234 -10.64206676 3.40000000
 C	34.64448343 -10.62806177 3.40000000
 C	38.40209511 -10.62110285 3.40000000
 C	-30.57930916 -10.28454438 3.40000000
 C	-26.82152844 -10.27755259 3.40000000
 C	-19.30613603 -10.26360187 3.40000000
 C	-15.54852435 -10.25664294 3.40000000
 C	-8.03313195 -10.24269222 3.40000000
 C	-4.27546420 -10.23557047 3.40000000
 C	3.23992820 -10.22161975 3.40000000
 C	6.99765258 -10.21463891 3.40000000
 C	14.51293229 -10.20071010 3.40000000
 C	18.27071301 -10.19371830 3.40000000
 C	25.78616147 -10.17960477 3.40000000
 C	29.54375447 -10.17270010 3.40000000
 C	37.05916556 -10.15869511 3.40000000
 C	-28.16445799 -9.81514486 3.40000000
 C	-24.40684631 -9.80818593 3.40000000
 C	-16.89145390 -9.79423521 3.40000000
 C	-13.13367318 -9.78724342 3.40000000
 C	-5.61828078 -9.77329271 3.40000000
 C	-1.86061303 -9.76617095 3.40000000
 C	5.65477937 -9.75222023 3.40000000
 C	9.41239105 -9.74526130 3.40000000
 C	16.92778346 -9.73131058 3.40000000
 C	20.68550783 -9.72432974 3.40000000
 C	28.20084360 -9.71023811 3.40000000
 C	31.95860564 -9.70330059 3.40000000
 C	-25.74977586 -9.34577820 3.40000000
 C	-21.99199514 -9.33878642 3.40000000
 C	-14.47660274 -9.32483569 3.40000000
 C	-10.71899105 -9.31787676 3.40000000
 C	-3.20359865 -9.30392605 3.40000000
 C	0.55423813 -9.29677143 3.40000000
 C	8.06963054 -9.28282072 3.40000000
 C	11.82724222 -9.27586178 3.40000000
 C	19.34263462 -9.26191106 3.40000000
 C	23.10024631 -9.25495213 3.40000000
 C	30.61569477 -9.24083859 3.40000000
 C	34.37340046 -9.23391202 3.40000000
 C	-23.33492469 -8.87637868 3.40000000
 C	-19.57720032 -8.86939785 3.40000000
 C	-12.06192061 -8.85546903 3.40000000
 C	-8.30413988 -8.84847725 3.40000000
 C	-0.78874748 -8.83452653 3.40000000
 C	2.96892026 -8.82740478 3.40000000
 C	10.48431267 -8.81345406 3.40000000
 C	14.24209339 -8.80646226 3.40000000
 C	21.75748579 -8.79251155 3.40000000
 C	25.51509747 -8.78555261 3.40000000
 C	33.03054594 -8.77143907 3.40000000
 C	36.78813893 -8.76453441 3.40000000
 C	-28.43548461 -8.42098416 3.40000000
 C	-20.92007352 -8.40697917 3.40000000
 C	-17.16246184 -8.40002024 3.40000000
 C	-9.64706944 -8.38606951 3.40000000
 C	-5.88934506 -8.37908868 3.40000000
 C	1.62593465 -8.36515987 3.40000000
 C	5.38377143 -8.35800526 3.40000000
 C	12.89916384 -8.34405454 3.40000000
 C	16.65677552 -8.33709561 3.40000000
 C	24.17216792 -8.32314489 3.40000000
 C	27.92994864 -8.31615309 3.40000000
 C	35.44539711 -8.30203956 3.40000000
 C	39.20299010 -8.29513489 3.40000000
 C	-29.77839548 -7.95852216 3.40000000
 C	-26.02063345 -7.95158464 3.40000000
 C	-18.50522236 -7.93757965 3.40000000
 C	-14.74761067 -7.93062073 3.40000000
 C	-7.23221827 -7.91667000 3.40000000
 C	-3.47460659 -7.90971107 3.40000000
 C	4.04078582 -7.89576035 3.40000000
 C	7.79856625 -7.88861670 3.40000000
 C	15.31384597 -7.87468788 3.40000000
 C	19.07162669 -7.86769609 3.40000000
 C	26.58701909 -7.85374537 3.40000000
 C	30.34463077 -7.84678644 3.40000000
 C	37.86007924 -7.83267290 3.40000000
 C	-27.36354431 -7.48912265 3.40000000
 C	-23.60595132 -7.48221798 3.40000000
 C	-16.09054023 -7.46821299 3.40000000
 C	-12.33275950 -7.46122121 3.40000000
 C	-4.81736710 -7.44727048 3.40000000
 C	-1.05975542 -7.44031156 3.40000000
 C	6.45563698 -7.42636084 3.40000000
 C	10.21330473 -7.41923908 3.40000000
 C	17.72869713 -7.40528837 3.40000000
 C	21.48642151 -7.39830752 3.40000000
 C	29.00170122 -7.38437871 3.40000000
 C	32.75948194 -7.37738692 3.40000000
 C	-24.94886218 -7.01975599 3.40000000
 C	-21.19110015 -7.01281847 3.40000000
 C	-13.67568906 -6.99881348 3.40000000
 C	-9.91807737 -6.99185455 3.40000000
 C	-2.40268497 -6.97790382 3.40000000
 C	1.35509575 -6.97091204 3.40000000
 C	8.87048815 -6.95696132 3.40000000
 C	12.62815590 -6.94983957 3.40000000
 C	20.14354830 -6.93588885 3.40000000
 C	23.90115998 -6.92892991 3.40000000
 C	31.41655239 -6.91497920 3.40000000
 C	35.17427676 -6.90799835 3.40000000
 C	-22.53401101 -6.55035647 3.40000000
 C	-18.77630533 -6.54342990 3.40000000
 C	-11.26100693 -6.52944682 3.40000000
 C	-7.50322621 -6.52245503 3.40000000
 C	0.01216620 -6.50850431 3.40000000
 C	3.76977788 -6.50154538 3.40000000
 C	11.28517028 -6.48759466 3.40000000
 C	15.04300706 -6.48044005 3.40000000
 C	22.55839947 -6.46648933 3.40000000
 C	26.31601115 -6.45953040 3.40000000
 C	33.83140355 -6.44557968 3.40000000
 C	37.58901524 -6.43862074 3.40000000
 C	-27.63460831 -6.09507049 3.40000000
 C	-20.11915985 -6.08095695 3.40000000
 C	-16.36156685 -6.07405229 3.40000000
 C	-8.84615576 -6.06004730 3.40000000
 C	-5.08843138 -6.05306647 3.40000000
 C	2.42684833 -6.03913765 3.40000000
 C	6.18462905 -6.03214586 3.40000000
 C	13.70002145 -6.01819515 3.40000000
 C	17.45768920 -6.01107339 3.40000000
 C	24.97308160 -5.99712267 3.40000000
 C	28.73086232 -5.99013088 3.40000000
 C	36.24625472 -5.97618016 3.40000000
 C	40.00386640 -5.96922123 3.40000000
 C	-28.97753786 -5.63266277 3.40000000
 C	-25.21975714 -5.62567098 3.40000000
 C	-17.70430868 -5.61155744 3.40000000
 C	-13.94671568 -5.60465278 3.40000000
 C	-6.43130459 -5.59064778 3.40000000
 C	-2.67369291 -5.58368886 3.40000000
 C	4.84169949 -5.56973813 3.40000000
 C	8.59942387 -5.56275730 3.40000000
 C	16.11470358 -5.54882849 3.40000000
 C	19.87254036 -5.54167388 3.40000000
 C	27.38793277 -5.52772316 3.40000000
 C	31.14554445 -5.52076422 3.40000000
 C	38.66093685 -5.50681350 3.40000000
 C	-26.56268670 -5.16326325 3.40000000
 C	-22.80507501 -5.15630432 3.40000000
 C	-15.28962655 -5.14219078 3.40000000
 C	-11.53186452 -5.13525326 3.40000000
 C	-4.01645342 -5.12124827 3.40000000
 C	-0.25884174 -5.11428934 3.40000000
 C	7.25655066 -5.10033861 3.40000000
 C	11.01416235 -5.09337969 3.40000000
 C	18.52955475 -5.07942897 3.40000000
 C	22.28733519 -5.07228531 3.40000000
 C	29.80261490 -5.05835650 3.40000000
 C	33.56039562 -5.05136470 3.40000000
 C	-24.14800456 -4.69389659 3.40000000
 C	-20.39022385 -4.68690480 3.40000000
 C	-12.87477538 -4.67279126 3.40000000
 C	-9.11718238 -4.66588660 3.40000000
 C	-1.60177129 -4.65188161 3.40000000
 C	2.15600943 -4.64488983 3.40000000
 C	9.67140183 -4.63093910 3.40000000
 C	13.42901351 -4.62398017 3.40000000
 C	20.94440592 -4.61002945 3.40000000
 C	24.70207366 -4.60290770 3.40000000
 C	32.21746607 -4.58895698 3.40000000
 C	35.97519044 -4.58197614 3.40000000
 C	-21.73315340 -4.22449708 3.40000000
 C	-17.97542902 -4.21751624 3.40000000
 C	-10.46009325 -4.20342460 3.40000000
 C	-6.70233122 -4.19648708 3.40000000
 C	0.81307987 -4.18248209 3.40000000
 C	4.57069156 -4.17552317 3.40000000
 C	12.08608396 -4.16157244 3.40000000
 C	15.84386468 -4.15458066 3.40000000
 C	23.35925708 -4.14062994 3.40000000
 C	27.11692483 -4.13350818 3.40000000
 C	34.63231723 -4.11955746 3.40000000
 C	38.38992892 -4.11259853 3.40000000
 C	-26.83369463 -3.76904828 3.40000000
 C	-19.31830223 -3.75509756 3.40000000
 C	-15.56069055 -3.74813862 3.40000000
 C	-8.04524208 -3.73402509 3.40000000
 C	-4.28753640 -3.72709852 3.40000000
 C	3.22776200 -3.71311543 3.40000000
 C	6.98554273 -3.70612365 3.40000000
 C	14.50093513 -3.69217292 3.40000000
 C	18.25854681 -3.68521400 3.40000000
 C	25.77393921 -3.67126328 3.40000000
 C	29.53177600 -3.66410867 3.40000000
 C	37.04716840 -3.65015795 3.40000000
 C	40.80478008 -3.64319901 3.40000000
 C	-28.17662419 -3.30664055 3.40000000
 C	-24.41884347 -3.29964876 3.40000000
 C	-16.90345106 -3.28569804 3.40000000
 C	-13.14583938 -3.27873911 3.40000000
 C	-5.63039091 -3.26462557 3.40000000
 C	-1.87279792 -3.25772091 3.40000000
 C	5.64261317 -3.24371592 3.40000000
 C	9.40033755 -3.23673509 3.40000000
 C	16.91561726 -3.22280626 3.40000000
 C	20.67339798 -3.21581448 3.40000000
 C	28.18879038 -3.20186376 3.40000000
 C	31.94645813 -3.19474201 3.40000000
 C	39.46185053 -3.18079129 3.40000000
 C	-25.76177302 -2.83724104 3.40000000
 C	-22.00416134 -2.83028210 3.40000000
 C	-14.48876893 -2.81633138 3.40000000
 C	-10.73098821 -2.80933959 3.40000000
 C	-3.21553975 -2.79522605 3.40000000
 C	0.54205325 -2.78832139 3.40000000
 C	8.05746434 -2.77431640 3.40000000
 C	11.81507602 -2.76735747 3.40000000
 C	19.33046843 -2.75340675 3.40000000
 C	23.08819280 -2.74642592 3.40000000
 C	30.60347251 -2.73249710 3.40000000
 C	34.36130929 -2.72534249 3.40000000
 C	-23.34709089 -2.36787438 3.40000000
 C	-19.58931017 -2.36088259 3.40000000
 C	-12.07391776 -2.34693187 3.40000000
 C	-8.31630608 -2.33997293 3.40000000
 C	-0.80085762 -2.32585940 3.40000000
 C	2.95690442 -2.31892188 3.40000000
 C	10.47231551 -2.30491688 3.40000000
 C	14.22992719 -2.29795796 3.40000000
 C	21.74531959 -2.28400723 3.40000000
 C	25.50293128 -2.27704830 3.40000000
 C	33.01832368 -2.26309759 3.40000000
 C	36.77610412 -2.25595393 3.40000000
 C	-20.93223972 -1.89847486 3.40000000
 C	-17.17451535 -1.89149402 3.40000000
 C	-9.65923563 -1.87756521 3.40000000
 C	-5.90145491 -1.87057342 3.40000000
 C	1.61399355 -1.85645988 3.40000000
 C	5.37158655 -1.84955522 3.40000000
 C	12.88699764 -1.83555022 3.40000000
 C	16.64477836 -1.82855844 3.40000000
 C	24.16017076 -1.81460771 3.40000000
 C	27.91778244 -1.80764879 3.40000000
 C	35.43317485 -1.79369807 3.40000000
 C	39.19084259 -1.78657632 3.40000000
 C	-26.03278096 -1.44302606 3.40000000
 C	-18.51738855 -1.42907535 3.40000000
 C	-14.75977687 -1.42211641 3.40000000
 C	-7.24438447 -1.40816569 3.40000000
 C	-3.48666009 -1.40118485 3.40000000
 C	4.02867568 -1.38709322 3.40000000
 C	7.78643771 -1.38015570 3.40000000
 C	15.30184881 -1.36615071 3.40000000
 C	19.05946049 -1.35919178 3.40000000
 C	26.57485289 -1.34524105 3.40000000
 C	30.33263361 -1.33824927 3.40000000
 C	37.84802602 -1.32429855 3.40000000
 C	41.60569376 -1.31717680 3.40000000
 C	-27.37576657 -0.98078116 3.40000000
 C	-23.61792979 -0.97362655 3.40000000
 C	-16.10253738 -0.95967583 3.40000000
 C	-12.34492570 -0.95271689 3.40000000
 C	-4.82953330 -0.93876618 3.40000000
 C	-1.07192162 -0.93180724 3.40000000
 C	6.44352685 -0.91769370 3.40000000
 C	10.20123254 -0.91076714 3.40000000
 C	17.71653094 -0.89678405 3.40000000
 C	21.47431166 -0.88979227 3.40000000
 C	28.98970406 -0.87584154 3.40000000
 C	32.74731574 -0.86888261 3.40000000
 C	40.26270815 -0.85493189 3.40000000
 C	-24.96091540 -0.51138164 3.40000000
 C	-21.20324766 -0.50425989 3.40000000
 C	-13.68785525 -0.49030917 3.40000000
 C	-9.93007453 -0.48331738 3.40000000
 C	-2.41468213 -0.46936666 3.40000000
 C	1.34292955 -0.46240772 3.40000000
 C	8.85837802 -0.44829419 3.40000000
 C	12.61597101 -0.44138952 3.40000000
 C	20.13138210 -0.42738453 3.40000000
 C	23.88910648 -0.42040370 3.40000000
 C	31.40438619 -0.40647488 3.40000000
 C	35.16216691 -0.39948310 3.40000000
 C	-22.54623327 -0.04201498 3.40000000
 C	-18.78839649 -0.03486037 3.40000000
 C	-11.27300409 -0.02090965 3.40000000
 C	-7.51539240 -0.01395072 3.40000000
 C	0.00000000 0.00000000 3.40000000
 C	3.75778072 0.00699179 3.40000000
 C	11.27322918 0.02110533 3.40000000
 C	15.03082218 0.02800999 3.40000000
 C	22.54623327 0.04201498 3.40000000
 C	26.30384496 0.04897391 3.40000000
 C	33.81923736 0.06292464 3.40000000
 C	37.57696173 0.06990547 3.40000000
 C	-20.13138210 0.42738453 3.40000000
 C	-16.37360167 0.43452819 3.40000000
 C	-8.85832195 0.44845701 3.40000000
 C	-5.10054124 0.45544880 3.40000000
 C	2.41485117 0.46939952 3.40000000
 C	6.17246285 0.47635845 3.40000000
 C	13.68791132 0.49047199 3.40000000
 C	17.44567335 0.49740951 3.40000000
 C	24.96108444 0.51141450 3.40000000
 C	28.71869612 0.51837343 3.40000000
 C	36.23408852 0.53232415 3.40000000
 C	39.99170021 0.53928308 3.40000000
 C	-25.23192334 0.88283333 3.40000000
 C	-17.71653094 0.89678405 3.40000000
 C	-13.95886319 0.90390580 3.40000000
 C	-6.44347079 0.91785652 3.40000000
 C	-2.68574641 0.92483736 3.40000000
 C	4.82953330 0.93876618 3.40000000
 C	8.58731402 0.94575797 3.40000000
 C	16.10276248 0.95987151 3.40000000
 C	19.86035548 0.96677617 3.40000000
 C	27.37576657 0.98078116 3.40000000
 C	31.13354729 0.98777294 3.40000000
 C	38.64893969 1.00172367 3.40000000
 C	42.40655138 1.00868260 3.40000000
 C	-26.57485289 1.34524106 3.40000000
 C	-22.81707217 1.35223285 3.40000000
 C	-15.30167977 1.36618357 3.40000000
 C	-11.54401202 1.37330532 3.40000000
 C	-4.02861962 1.38725604 3.40000000
 C	-0.27100794 1.39421497 3.40000000
 C	7.24438447 1.40816569 3.40000000
 C	11.00210884 1.41514653 3.40000000
 C	18.51744461 1.42923816 3.40000000
 C	22.27520665 1.43617568 3.40000000
 C	29.79061774 1.45018068 3.40000000
 C	33.54822942 1.45713960 3.40000000
 C	41.06362182 1.47109033 3.40000000
 C	-24.16000173 1.81464058 3.40000000
 C	-20.40239004 1.82159951 3.40000000
 C	-12.88699764 1.83555022 3.40000000
 C	-9.12916086 1.84270484 3.40000000
 C	-1.61376845 1.85665555 3.40000000
 C	2.14384323 1.86361449 3.40000000
 C	9.65923563 1.87756521 3.40000000
 C	13.41684732 1.88452414 3.40000000
 C	20.93229578 1.89863768 3.40000000
 C	24.69000147 1.90556425 3.40000000
 C	32.20529987 1.91954733 3.40000000
 C	35.96308059 1.92653912 3.40000000
 C	-21.74531959 2.28400724 3.40000000
 C	-17.98753887 2.29099902 3.40000000
 C	-10.47214647 2.30494974 3.40000000
 C	-6.71447873 2.31207150 3.40000000
 C	0.80091368 2.32602221 3.40000000
 C	4.55869440 2.33301401 3.40000000
 C	12.07408680 2.34696472 3.40000000
 C	15.83169848 2.35392366 3.40000000
 C	23.34714695 2.36803720 3.40000000
 C	27.10473994 2.37494186 3.40000000
 C	34.62015104 2.38894685 3.40000000
 C	38.37787541 2.39592768 3.40000000
 C	-19.33046843 2.75340676 3.40000000
 C	-15.57274405 2.76038759 3.40000000
 C	-8.05746434 2.77431640 3.40000000
 C	-4.29962756 2.78147101 3.40000000
 C	3.21576485 2.79542173 3.40000000
 C	6.97337653 2.80238067 3.40000000
 C	14.48876893 2.81633138 3.40000000
 C	18.24654965 2.82332318 3.40000000
 C	25.76199812 2.83743671 3.40000000
 C	29.51959111 2.84434138 3.40000000
 C	37.03500220 2.85834637 3.40000000
 C	40.79261389 2.86530529 3.40000000
 C	-24.43100966 3.20885554 3.40000000
 C	-16.91561726 3.22280627 3.40000000
 C	-13.15800558 3.22976520 3.40000000
 C	-5.64261317 3.24371592 3.40000000
 C	-1.88483274 3.25085958 3.40000000
 C	5.63044698 3.26478839 3.40000000
 C	9.38822770 3.27178018 3.40000000
 C	16.90362010 3.28573090 3.40000000
 C	20.66123178 3.29268984 3.40000000
 C	28.17668025 3.30680337 3.40000000
 C	31.93444228 3.31374089 3.40000000
 C	39.44985337 3.32774588 3.40000000
 C	43.20746505 3.33470481 3.40000000
 C	-25.77393921 3.67126328 3.40000000
 C	-22.01615849 3.67825506 3.40000000
 C	-14.50076609 3.69220579 3.40000000
 C	-10.74315441 3.69916471 3.40000000
 C	-3.22776200 3.71311543 3.40000000
 C	0.52990574 3.72023719 3.40000000
 C	8.04529814 3.73418791 3.40000000
 C	11.80302252 3.74116875 3.40000000
 C	19.31830223 3.75509756 3.40000000
 C	23.07608295 3.76208935 3.40000000
 C	30.59153142 3.77620289 3.40000000
 C	34.34912441 3.78310755 3.40000000
 C	41.86453550 3.79711254 3.40000000
 C	-23.35908805 4.14066279 3.40000000
 C	-19.60147636 4.14762172 3.40000000
 C	-12.08608396 4.16157245 3.40000000
 C	-8.32830324 4.16856423 3.40000000
 C	-0.81291084 4.18251495 3.40000000
 C	2.94475691 4.18963670 3.40000000
 C	10.46014931 4.20358742 3.40000000
 C	14.21776099 4.21054636 3.40000000
 C	21.73315340 4.22449708 3.40000000
 C	25.49087777 4.23147792 3.40000000
 C	33.00621355 4.24556955 3.40000000
 C	36.76397558 4.25250707 3.40000000
 C	-20.94440592 4.61002945 3.40000000
 C	-17.18662520 4.61702124 3.40000000
 C	-9.67123279 4.63097196 3.40000000
 C	-5.91362111 4.63793089 3.40000000
 C	1.60177129 4.65188161 3.40000000
 C	5.35960808 4.65903622 3.40000000
 C	12.87500048 4.67298694 3.40000000
 C	16.63261216 4.67994587 3.40000000
 C	24.14800456 4.69389659 3.40000000
 C	27.90561625 4.70085553 3.40000000
 C	35.42106471 4.71496906 3.40000000
 C	39.17877040 4.72189563 3.40000000
 C	-18.52955475 5.07942897 3.40000000
 C	-14.77183037 5.08640980 3.40000000
 C	-7.25655066 5.10033862 3.40000000
 C	-3.49876994 5.10733041 3.40000000
 C	4.01662246 5.12128113 3.40000000
 C	7.77429021 5.12840288 3.40000000
 C	15.28968261 5.14235360 3.40000000
 C	19.04746333 5.14934539 3.40000000
 C	26.56285573 5.16329611 3.40000000
 C	30.32046741 5.17025504 3.40000000
 C	37.83591588 5.18436858 3.40000000
 C	41.59350888 5.19127324 3.40000000
 C	-23.63011467 5.53482350 3.40000000
 C	-16.11470358 5.54882849 3.40000000
 C	-12.35709190 5.55578741 3.40000000
 C	-4.84169950 5.56973814 3.40000000
 C	-1.08397512 5.57671897 3.40000000
 C	6.43130459 5.59064778 3.40000000
 C	10.18914137 5.59780240 3.40000000
 C	17.70453378 5.61175311 3.40000000
 C	21.46214546 5.61871205 3.40000000
 C	28.97753786 5.63266277 3.40000000
 C	32.73531858 5.63965456 3.40000000
 C	40.25076705 5.65376810 3.40000000
 C	44.00836004 5.66067276 3.40000000
 C	-24.97302554 5.99728549 3.40000000
 C	-21.21526351 6.00422301 3.40000000
 C	-13.69985241 6.01822800 3.40000000
 C	-9.94224073 6.02518693 3.40000000
 C	-2.42684833 6.03913766 3.40000000
 C	1.33076336 6.04609658 3.40000000
 C	8.84615576 6.06004730 3.40000000
 C	12.60393620 6.06719096 3.40000000
 C	20.11921591 6.08111977 3.40000000
 C	23.87699663 6.08811157 3.40000000
 C	31.39238903 6.10206228 3.40000000
 C	35.15000071 6.10902122 3.40000000
 C	42.66544918 6.12313476 3.40000000
 C	-22.55817437 6.46668501 3.40000000
 C	-18.80058137 6.47358967 3.40000000
 C	-11.28517028 6.48759466 3.40000000
 C	-7.52738956 6.49458645 3.40000000
 C	-0.01199716 6.50853717 3.40000000
 C	3.74561452 6.51549610 3.40000000
 C	11.26100693 6.52944682 3.40000000
 C	15.01867467 6.53656857 3.40000000
 C	22.53406708 6.55051929 3.40000000
 C	26.29179145 6.55750013 3.40000000
 C	33.80707116 6.57142894 3.40000000
 C	37.56485188 6.57842074 3.40000000
 C	-20.14349224 6.93605167 3.40000000
 C	-16.38573021 6.94298919 3.40000000
 C	-8.87031912 6.95699418 3.40000000
 C	-5.11270743 6.96395310 3.40000000
 C	2.40268497 6.97790383 3.40000000
 C	6.16046569 6.98489562 3.40000000
 C	13.67585809 6.99884633 3.40000000
 C	17.43352584 7.00596809 3.40000000
 C	24.94891824 7.01991881 3.40000000
 C	28.70652993 7.02687774 3.40000000
 C	36.22192233 7.04082846 3.40000000
 C	39.97964670 7.04780930 3.40000000
 C	-17.72864107 7.40545118 3.40000000
 C	-13.97093538 7.41237775 3.40000000
 C	-6.45563698 7.42636084 3.40000000
 C	-2.69785626 7.43335262 3.40000000
 C	4.81753614 7.44730335 3.40000000
 C	8.57514782 7.45426227 3.40000000
 C	16.09054023 7.46821299 3.40000000
 C	19.84837701 7.47536760 3.40000000
 C	27.36376941 7.48931832 3.40000000
 C	31.12138109 7.49627726 3.40000000
 C	38.63677350 7.51022798 3.40000000
 C	42.39438518 7.51718691 3.40000000
 C	-22.82923837 7.86073716 3.40000000
 C	-15.31378990 7.87485070 3.40000000
 C	-11.55619691 7.88175536 3.40000000
 C	-4.04078582 7.89576035 3.40000000
 C	-0.28306144 7.90274118 3.40000000
 C	7.23221827 7.91667001 3.40000000
 C	10.98999899 7.92366179 3.40000000
 C	18.50539139 7.93761251 3.40000000
 C	22.26305914 7.94473426 3.40000000
 C	29.77845154 7.95868498 3.40000000
 C	33.53623226 7.96567677 3.40000000
 C	41.05162466 7.97962749 3.40000000
 C	44.80923635 7.98658643 3.40000000
 C	-24.17216792 8.32314489 3.40000000
 C	-20.41438720 8.33013668 3.40000000
 C	-12.89893874 8.34425022 3.40000000
 C	-9.14134574 8.35115488 3.40000000
 C	-1.62593465 8.36515987 3.40000000
 C	2.13167703 8.37211880 3.40000000
 C	9.64706944 8.38606952 3.40000000
 C	13.40479381 8.39305035 3.40000000
 C	20.92007352 8.40697917 3.40000000
 C	24.67791031 8.41413378 3.40000000
 C	32.19330271 8.42808450 3.40000000
 C	35.95091439 8.43504343 3.40000000
 C	43.46630679 8.44899415 3.40000000
 C	-21.75731675 8.79254440 3.40000000
 C	-17.99970507 8.79950334 3.40000000
 C	-10.48425661 8.81361688 3.40000000
 C	-6.72649457 8.82055440 3.40000000
 C	0.78891652 8.83455939 3.40000000
 C	4.54652820 8.84151831 3.40000000
 C	12.06192060 8.85546904 3.40000000
 C	15.81953229 8.86242797 3.40000000
 C	23.33492469 8.87637868 3.40000000
 C	27.09270513 8.88352234 3.40000000
 C	34.60798484 8.89745116 3.40000000
 C	38.36576556 8.90444295 3.40000000
 C	-19.34263462 9.26191106 3.40000000
 C	-15.58485390 9.26890286 3.40000000
 C	-8.06940544 9.28301639 3.40000000
 C	-4.31181244 9.28992105 3.40000000
 C	3.20359865 9.30392605 3.40000000
 C	6.96137937 9.31091783 3.40000000
 C	14.47677177 9.32486856 3.40000000
 C	18.23438346 9.33182748 3.40000000
 C	25.74977586 9.34577820 3.40000000
 C	29.50744360 9.35289996 3.40000000
 C	37.02283601 9.36685067 3.40000000
 C	40.78056038 9.37383151 3.40000000
 C	-16.92778346 9.73131058 3.40000000
 C	-13.17005908 9.73829142 3.40000000
 C	-5.65472331 9.75238305 3.40000000
 C	-1.89696128 9.75932057 3.40000000
 C	5.61844982 9.77332556 3.40000000
 C	9.37606150 9.78028449 3.40000000
 C	16.89145390 9.79423522 3.40000000
 C	20.64923462 9.80122700 3.40000000
 C	28.16462703 9.81517772 3.40000000
 C	31.92229477 9.82229947 3.40000000
 C	39.43768717 9.83625019 3.40000000
 C	43.19529886 9.84320913 3.40000000
 C	-22.02832469 10.18675938 3.40000000
 C	-14.51293229 10.20071010 3.40000000
 C	-10.75532061 10.20766903 3.40000000
 C	-3.23987214 10.22178257 3.40000000
 C	0.51783355 10.22870914 3.40000000
 C	8.03313195 10.24269222 3.40000000
 C	11.79091267 10.24968400 3.40000000
 C	19.30630507 10.26363473 3.40000000
 C	23.06391675 10.27059366 3.40000000
 C	30.57930916 10.28454438 3.40000000
 C	34.33714594 10.29169899 3.40000000
 C	41.85253834 10.30564971 3.40000000
 C	45.61015002 10.31260864 3.40000000
 C	-23.37125424 10.64916710 3.40000000
 C	-19.61347352 10.65615889 3.40000000
 C	-12.09808112 10.67010961 3.40000000
 C	-8.34046944 10.67706855 3.40000000
 C	-0.82502097 10.69118208 3.40000000
 C	2.93257202 10.69808675 3.40000000
 C	10.44798311 10.71209174 3.40000000
 C	14.20570749 10.71907257 3.40000000
 C	21.72098720 10.73300139 3.40000000
 C	25.47876792 10.73999317 3.40000000
 C	32.99416032 10.75394389 3.40000000
 C	36.75182807 10.76106565 3.40000000
 C	44.26722047 10.77501637 3.40000000
 C	-20.95640308 11.11856662 3.40000000
 C	-17.19879139 11.12552555 3.40000000
 C	-9.68339899 11.13947627 3.40000000
 C	-5.92561827 11.14646806 3.40000000
 C	1.58983020 11.16058160 3.40000000
 C	5.34742319 11.16748626 3.40000000
 C	12.86283428 11.18149125 3.40000000
 C	16.62044597 11.18845018 3.40000000
 C	24.13583837 11.20240091 3.40000000
 C	27.89356274 11.20938174 3.40000000
 C	35.40884246 11.22331055 3.40000000
 C	39.16667924 11.23046516 3.40000000
 C	-18.54172094 11.58793328 3.40000000
 C	-14.78394023 11.59492507 3.40000000
 C	-7.26854782 11.60887579 3.40000000
 C	-3.51093614 11.61583472 3.40000000
 C	4.00451233 11.62994826 3.40000000
 C	7.76227436 11.63688578 3.40000000
 C	15.27768545 11.65089077 3.40000000
 C	19.03529713 11.65784970 3.40000000
 C	26.55068953 11.67180042 3.40000000
 C	30.30830122 11.67875935 3.40000000
 C	37.82369362 11.69271007 3.40000000
 C	41.58147406 11.69985373 3.40000000
 C	-16.12686978 12.05733279 3.40000000
 C	-12.36914540 12.06431363 3.40000000
 C	-4.85386569 12.07824245 3.40000000
 C	-1.09608497 12.08523424 3.40000000
 C	6.41936349 12.09934778 3.40000000
 C	10.17695649 12.10625244 3.40000000
 C	17.69236758 12.12025743 3.40000000
 C	21.45014830 12.12724921 3.40000000
 C	28.96554070 12.14119994 3.40000000
 C	32.72315239 12.14815887 3.40000000
 C	40.23854479 12.16210959 3.40000000
 C	43.99621254 12.16923134 3.40000000
 C	-21.22741101 12.51278159 3.40000000
 C	-13.71201861 12.52673231 3.40000000
 C	-9.95440693 12.53369124 3.40000000
 C	-2.43901452 12.54764196 3.40000000
 C	1.31870985 12.55462280 3.40000000
 C	8.83404563 12.56871444 3.40000000
 C	12.59180766 12.57565196 3.40000000
 C	20.10721875 12.58965695 3.40000000
 C	23.86483043 12.59661587 3.40000000
 C	31.38022283 12.61056660 3.40000000
 C	35.13800355 12.61755838 3.40000000
 C	42.65339596 12.63150910 3.40000000
 C	46.41106370 12.63863086 3.40000000
 C	-22.57039663 12.97502650 3.40000000
 C	-18.81255985 12.98218111 3.40000000
 C	-11.29716744 12.99613183 3.40000000
 C	-7.53955576 13.00309076 3.40000000
 C	-0.02416336 13.01704148 3.40000000
 C	3.73344833 13.02400041 3.40000000
 C	11.24889679 13.03811395 3.40000000
 C	15.00660248 13.04504052 3.40000000
 C	22.52190088 13.05902361 3.40000000
 C	26.27968160 13.06601539 3.40000000
 C	33.79507400 13.07996612 3.40000000
 C	37.55268569 13.08692504 3.40000000
 C	45.06807809 13.10087576 3.40000000
 C	-20.15554546 13.44442601 3.40000000
 C	-16.39787771 13.45154777 3.40000000
 C	-8.88248531 13.46549848 3.40000000
 C	-5.12470459 13.47249028 3.40000000
 C	2.39068781 13.48644100 3.40000000
 C	6.14829949 13.49339993 3.40000000
 C	13.66374796 13.50751347 3.40000000
 C	17.42134095 13.51441813 3.40000000
 C	24.93675205 13.52842312 3.40000000
 C	28.69447642 13.53540395 3.40000000
 C	36.20975613 13.54933278 3.40000000
 C	39.96753685 13.55632456 3.40000000
 C	-17.74086333 13.91379267 3.40000000
 C	-13.98302655 13.92094728 3.40000000
 C	-6.46763414 13.93489800 3.40000000
 C	-2.71002246 13.94185694 3.40000000
 C	4.80536994 13.95580765 3.40000000
 C	8.56315066 13.96279945 3.40000000
 C	16.07859913 13.97691298 3.40000000
 C	19.83619212 13.98381765 3.40000000
 C	27.35160321 13.99782264 3.40000000
 C	31.10921490 14.00478156 3.40000000
 C	38.62460730 14.01873229 3.40000000
 C	42.38233167 14.02571312 3.40000000
 C	-15.32601216 14.38319219 3.40000000
 C	-11.56823173 14.39033585 3.40000000
 C	-4.05295201 14.40426466 3.40000000
 C	-0.29517129 14.41125645 3.40000000
 C	7.22022111 14.42520717 3.40000000
 C	10.97783279 14.43216611 3.40000000
 C	18.49328126 14.44627964 3.40000000
 C	22.25104329 14.45321716 3.40000000
 C	29.76645438 14.46722215 3.40000000
 C	33.52406607 14.47418108 3.40000000
 C	41.03945847 14.48813181 3.40000000
 C	44.79707015 14.49509073 3.40000000
 C	-20.42655340 14.83864099 3.40000000
 C	-12.91116099 14.85259170 3.40000000
 C	-9.15349325 14.85971346 3.40000000
 C	-1.63810085 14.87366418 3.40000000
 C	2.11962353 14.88064502 3.40000000
 C	9.63490324 14.89457383 3.40000000
 C	13.39268396 14.90156562 3.40000000
 C	20.90813243 14.91567916 3.40000000
 C	24.66572542 14.92258382 3.40000000
 C	32.18113651 14.93658881 3.40000000
 C	35.93891723 14.94358060 3.40000000
 C	43.45430963 14.95753133 3.40000000
 C	47.21192132 14.96449025 3.40000000
 C	-21.76948295 15.30104872 3.40000000
 C	-18.01170223 15.30804050 3.40000000
 C	-10.49630983 15.32199122 3.40000000
 C	-6.73864208 15.32911297 3.40000000
 C	0.77675032 15.34306369 3.40000000
 C	4.53436200 15.35002263 3.40000000
 C	12.04975441 15.36397335 3.40000000
 C	15.80747878 15.37095419 3.40000000
 C	23.32281456 15.38504582 3.40000000
 C	27.08057659 15.39198334 3.40000000
 C	34.59598768 15.40598833 3.40000000
 C	38.35359936 15.41294726 3.40000000
 C	45.86899176 15.42689798 3.40000000
 C	-19.35463178 15.77044824 3.40000000
 C	-15.59702010 15.77740716 3.40000000
 C	-8.08162770 15.79135788 3.40000000
 C	-4.32379091 15.79851249 3.40000000
 C	3.19160149 15.81246321 3.40000000
 C	6.94921317 15.81942215 3.40000000
 C	14.46460558 15.83337286 3.40000000
 C	18.22221726 15.84033180 3.40000000
 C	25.73766572 15.85444534 3.40000000
 C	29.49537141 15.86137190 3.40000000
 C	37.01066981 15.87535499 3.40000000
 C	40.76845053 15.88234677 3.40000000
 C	-16.93994965 16.23981489 3.40000000
 C	-13.18216893 16.24680668 3.40000000
 C	-5.66677653 16.26075740 3.40000000
 C	-1.90910878 16.26787915 3.40000000
 C	5.60628362 16.28182987 3.40000000
 C	9.36406434 16.28882166 3.40000000
 C	16.87945674 16.30277238 3.40000000
 C	20.63706843 16.30973132 3.40000000
 C	28.15251689 16.32384485 3.40000000
 C	31.91010989 16.33074951 3.40000000
 C	39.42552098 16.34475451 3.40000000
 C	43.18324535 16.35173534 3.40000000
 C	-14.52509849 16.70921441 3.40000000
 C	-10.76737411 16.71619524 3.40000000
 C	-3.25209440 16.73012406 3.40000000
 C	0.50574238 16.73727867 3.40000000
 C	8.02113479 16.75122939 3.40000000
 C	11.77874647 16.75818832 3.40000000
 C	19.29413887 16.77213904 3.40000000
 C	23.05191959 16.77913083 3.40000000
 C	30.56736806 16.79324437 3.40000000
 C	34.32496105 16.80014903 3.40000000
 C	41.84037214 16.81415402 3.40000000
 C	45.59798383 16.82111295 3.40000000
 C	-19.62563972 17.16466320 3.40000000
 C	-12.11024732 17.17861393 3.40000000
 C	-8.35263563 17.18557285 3.40000000
 C	-0.83724323 17.19952357 3.40000000
 C	2.92053721 17.20666723 3.40000000
 C	10.43581692 17.22059604 3.40000000
 C	14.19359764 17.22758784 3.40000000
 C	21.70899004 17.24153856 3.40000000
 C	25.46660172 17.24849749 3.40000000
 C	32.98205019 17.26261103 3.40000000
 C	36.73981222 17.26954855 3.40000000
 C	44.25522331 17.28355354 3.40000000
 C	48.01283500 17.29051246 3.40000000
 C	-20.96856927 17.62707093 3.40000000
 C	-17.21078855 17.63406272 3.40000000
 C	-9.69539615 17.64801344 3.40000000
 C	-5.93778447 17.65497237 3.40000000
 C	1.57760794 17.66892309 3.40000000
 C	5.33527568 17.67604484 3.40000000
 C	12.85066809 17.68999556 3.40000000
 C	16.60839246 17.69697640 3.40000000
 C	24.12367217 17.71090521 3.40000000
 C	27.88145289 17.71789701 3.40000000
 C	35.39690136 17.73201054 3.40000000
 C	39.15449435 17.73891521 3.40000000
 C	46.66990544 17.75292020 3.40000000
 C	-18.55371811 18.09647045 3.40000000
 C	-14.79610642 18.10342938 3.40000000
 C	-7.28071402 18.11738010 3.40000000
 C	-3.52293330 18.12437189 3.40000000
 C	3.99245910 18.13832260 3.40000000
 C	7.75012685 18.14544436 3.40000000
 C	15.26551925 18.15939508 3.40000000
 C	19.02313094 18.16635401 3.40000000
 C	26.53852334 18.18030473 3.40000000
 C	30.29624771 18.18728557 3.40000000
 C	37.81158349 18.20137720 3.40000000
 C	41.56934552 18.20831472 3.40000000
 C	-16.13903597 18.56583711 3.40000000
 C	-12.38125525 18.57282889 3.40000000
 C	-4.86586285 18.58677962 3.40000000
 C	-1.10825117 18.59373855 3.40000000
 C	6.40714124 18.60768926 3.40000000
 C	10.16497802 18.61484388 3.40000000
 C	17.68037042 18.62879459 3.40000000
 C	21.43798210 18.63575353 3.40000000
 C	28.95337451 18.64970425 3.40000000
 C	32.71098619 18.65666318 3.40000000
 C	40.22643466 18.67077672 3.40000000
 C	43.98414034 18.67770329 3.40000000
 C	-13.72418481 19.03523663 3.40000000
 C	-9.96646043 19.04221746 3.40000000
 C	-2.45118072 19.05614628 3.40000000
 C	1.30660000 19.06313806 3.40000000
 C	8.82199240 19.07708878 3.40000000
 C	12.57966015 19.08421053 3.40000000
 C	20.09505255 19.09816125 3.40000000
 C	23.85283327 19.10515305 3.40000000
 C	31.36822567 19.11910376 3.40000000
 C	35.12583736 19.12606270 3.40000000
 C	42.64128582 19.14017624 3.40000000
 C	46.39887882 19.14708090 3.40000000
 C	-18.82474473 19.49063115 3.40000000
 C	-11.30933364 19.50463614 3.40000000
 C	-7.55172196 19.51159507 3.40000000
 C	-0.03632955 19.52554580 3.40000000
 C	3.72139482 19.53252663 3.40000000
 C	11.23667453 19.54645544 3.40000000
 C	14.99451132 19.55361005 3.40000000
 C	22.50990372 19.56756077 3.40000000
 C	26.26751540 19.57451970 3.40000000
 C	33.78290781 19.58847042 3.40000000
 C	37.54068852 19.59546222 3.40000000
 C	45.05613699 19.60957575 3.40000000
 C	48.81372999 19.61648042 3.40000000
 C	-20.16765559 19.95309315 3.40000000
 C	-16.40989356 19.96003067 3.40000000
 C	-8.89448247 19.97403566 3.40000000
 C	-5.13687079 19.98099458 3.40000000
 C	2.37852161 19.99494531 3.40000000
 C	6.13613330 20.00190424 3.40000000
 C	13.65152570 20.01585496 3.40000000
 C	17.40930614 20.02299861 3.40000000
 C	24.92458585 20.03692743 3.40000000
 C	28.68236657 20.04391922 3.40000000
 C	36.19775897 20.05786994 3.40000000
 C	39.95537066 20.06482887 3.40000000
 C	47.47081912 20.07894241 3.40000000
 C	-17.75280443 20.42249266 3.40000000
 C	-13.99521143 20.42939733 3.40000000
 C	-6.47980034 20.44340232 3.40000000
 C	-2.72201962 20.45039410 3.40000000
 C	4.79337278 20.46434483 3.40000000
 C	8.55098447 20.47130375 3.40000000
 C	16.06637687 20.48525447 3.40000000
 C	19.82404461 20.49237623 3.40000000
 C	27.33943702 20.50632694 3.40000000
 C	31.09716139 20.51330778 3.40000000
 C	38.61244110 20.52723660 3.40000000
 C	42.37022182 20.53422839 3.40000000
 C	-15.33812230 20.89185932 3.40000000
 C	-11.58036026 20.89879684 3.40000000
 C	-4.06494917 20.91280183 3.40000000
 C	-0.30733749 20.91976076 3.40000000
 C	7.20805491 20.93371149 3.40000000
 C	10.96583563 20.94070327 3.40000000
 C	18.48122804 20.95465399 3.40000000
 C	22.23889578 20.96177574 3.40000000
 C	29.75428819 20.97572646 3.40000000
 C	33.51189987 20.98268540 3.40000000
 C	41.02729227 20.99663611 3.40000000
 C	44.78501664 21.00361696 3.40000000
 C	-12.92327113 21.36125884 3.40000000
 C	-9.16556544 21.36818541 3.40000000
 C	-1.65026704 21.38216849 3.40000000
 C	2.10751368 21.38916028 3.40000000
 C	9.62290608 21.40311100 3.40000000
 C	13.38051776 21.41006993 3.40000000
 C	20.89591017 21.42402065 3.40000000
 C	24.65374695 21.43117526 3.40000000
 C	32.16913935 21.44512598 3.40000000
 C	35.92675104 21.45208491 3.40000000
 C	43.44214344 21.46603563 3.40000000
 C	47.19975512 21.47299457 3.40000000
 C	-18.02386843 21.81654482 3.40000000
 C	-10.50841996 21.83065836 3.40000000
 C	-6.75082697 21.83756302 3.40000000
 C	0.76458412 21.85156801 3.40000000
 C	4.52230850 21.85854884 3.40000000
 C	12.03758821 21.87247766 3.40000000
 C	15.79536893 21.87946945 3.40000000
 C	23.31076133 21.89342016 3.40000000
 C	27.06842908 21.90054192 3.40000000
 C	34.58382148 21.91449264 3.40000000
 C	38.34160220 21.92148443 3.40000000
 C	45.85699461 21.93543515 3.40000000
 C	49.61460629 21.94239408 3.40000000
 C	-19.36679798 22.27895254 3.40000000
 C	-15.60901726 22.28594433 3.40000000
 C	-8.09356879 22.30005787 3.40000000
 C	-4.33597580 22.30696253 3.40000000
 C	3.17943529 22.32096753 3.40000000
 C	6.93704698 22.32792645 3.40000000
 C	14.45243938 22.34187718 3.40000000
 C	18.21016375 22.34885801 3.40000000
 C	25.72544347 22.36278682 3.40000000
 C	29.48328025 22.36994143 3.40000000
 C	36.99867265 22.38389215 3.40000000
 C	40.75628433 22.39085109 3.40000000
 C	48.27167674 22.40480181 3.40000000
 C	-16.95194681 22.74835206 3.40000000
 C	-13.19433513 22.75531099 3.40000000
 C	-5.67888666 22.76942453 3.40000000
 C	-1.92112463 22.77636205 3.40000000
 C	5.59428646 22.79036704 3.40000000
 C	9.35189814 22.79732597 3.40000000
 C	16.86729055 22.81127670 3.40000000
 C	20.62490223 22.81823562 3.40000000
 C	28.14029463 22.83218634 3.40000000
 C	31.89807507 22.83933000 3.40000000
 C	39.41335478 22.85325881 3.40000000
 C	43.17113550 22.86025060 3.40000000
 C	-14.53726468 23.21771872 3.40000000
 C	-10.77948396 23.22471051 3.40000000
 C	-3.26403550 23.23882405 3.40000000
 C	0.49355750 23.24572871 3.40000000
 C	8.00896859 23.25973370 3.40000000
 C	11.76674931 23.26672548 3.40000000
 C	19.28214171 23.28067621 3.40000000
 C	23.03975340 23.28763514 3.40000000
 C	30.55514580 23.30158586 3.40000000
 C	34.31281355 23.30870761 3.40000000
 C	41.82820595 23.32265833 3.40000000
 C	45.58593032 23.32963917 3.40000000
 C	-12.12241351 23.68711823 3.40000000
 C	-8.36468914 23.69409907 3.40000000
 C	-0.84935336 23.70819071 3.40000000
 C	2.90840867 23.71512823 3.40000000
 C	10.42381976 23.72913322 3.40000000
 C	14.18143144 23.73609214 3.40000000
 C	21.69682384 23.75004287 3.40000000
 C	25.45460456 23.75703465 3.40000000
 C	32.96999697 23.77098537 3.40000000
 C	36.72766471 23.77810713 3.40000000
 C	44.24305712 23.79205785 3.40000000
 C	48.00066880 23.79901678 3.40000000
 C	-17.22295475 24.14256703 3.40000000
 C	-9.70756235 24.15651775 3.40000000
 C	-5.94995066 24.16347669 3.40000000
 C	1.56549780 24.17759022 3.40000000
 C	5.32320349 24.18451679 3.40000000
 C	12.83850189 24.19849988 3.40000000
 C	16.59628261 24.20549166 3.40000000
 C	24.11167501 24.21944239 3.40000000
 C	27.86928670 24.22640131 3.40000000
 C	35.38467910 24.24035203 3.40000000
 C	39.14251588 24.24750664 3.40000000
 C	46.65790828 24.26145736 3.40000000
 C	50.41551997 24.26841630 3.40000000
 C	-18.56588430 24.60497476 3.40000000
 C	-14.80810358 24.61196655 3.40000000
 C	-7.29271118 24.62591727 3.40000000
 C	-3.53509950 24.63287620 3.40000000
 C	3.98034897 24.64698974 3.40000000
 C	7.73794197 24.65389440 3.40000000
 C	15.25335306 24.66789939 3.40000000
 C	19.01107743 24.67488022 3.40000000
 C	26.52635714 24.68880905 3.40000000
 C	30.28413786 24.69580083 3.40000000
 C	37.79953027 24.70975155 3.40000000
 C	41.55719801 24.71687330 3.40000000
 C	49.07259042 24.73082402 3.40000000
 C	-16.15103313 25.07437427 3.40000000
 C	-12.39342145 25.08133321 3.40000000
 C	-4.87802905 25.09528393 3.40000000
 C	-1.12024833 25.10227572 3.40000000
 C	6.39520014 25.11638926 3.40000000
 C	10.15279313 25.12329392 3.40000000
 C	17.66820422 25.13729891 3.40000000
 C	21.42581591 25.14425784 3.40000000
 C	28.94120831 25.15820856 3.40000000
 C	32.69893268 25.16518939 3.40000000
 C	40.21421240 25.17911821 3.40000000
 C	43.97204918 25.18627282 3.40000000
 C	-13.73635100 25.54374093 3.40000000
 C	-9.97857028 25.55073272 3.40000000
 C	-2.46317788 25.56468344 3.40000000
 C	1.29443380 25.57164238 3.40000000
 C	8.80988227 25.58575591 3.40000000
 C	12.56764430 25.59269343 3.40000000
 C	20.08305539 25.60669843 3.40000000
 C	23.84066708 25.61365735 3.40000000
 C	31.35605948 25.62760808 3.40000000
 C	35.11367116 25.63456701 3.40000000
 C	42.62906356 25.64851772 3.40000000
 C	46.38684400 25.65566138 3.40000000
 C	-11.32149983 26.01314045 3.40000000
 C	-7.56377546 26.02012129 3.40000000
 C	-0.04849575 26.03405010 3.40000000
 C	3.70928497 26.04104189 3.40000000
 C	11.22473344 26.05515543 3.40000000
 C	14.98232643 26.06206009 3.40000000
 C	22.49773752 26.07606509 3.40000000
 C	26.25551824 26.08305687 3.40000000
 C	33.77091064 26.09700760 3.40000000
 C	37.52852233 26.10396652 3.40000000
 C	45.04391473 26.11791724 3.40000000
 C	48.80158248 26.12503899 3.40000000
 C	-16.42204107 26.46858925 3.40000000
 C	-8.90664867 26.48253996 3.40000000
 C	-5.14903699 26.48949890 3.40000000
 C	2.36635542 26.50344962 3.40000000
 C	6.12407979 26.51043046 3.40000000
 C	13.63941557 26.52452209 3.40000000
 C	17.39717760 26.53145961 3.40000000
 C	24.91258869 26.54546460 3.40000000
 C	28.67020037 26.55242353 3.40000000
 C	36.18559278 26.56637426 3.40000000
 C	39.94337350 26.57336604 3.40000000
 C	47.45876590 26.58731676 3.40000000
 C	51.21643365 26.59443851 3.40000000
 C	-17.76502669 26.93083415 3.40000000
 C	-14.00718990 26.93798876 3.40000000
 C	-6.49179750 26.95193948 3.40000000
 C	-2.73418582 26.95889842 3.40000000
 C	4.78120659 26.97284913 3.40000000
 C	8.53881827 26.97980807 3.40000000
 C	16.05426673 26.99392161 3.40000000
 C	19.81197242 27.00084817 3.40000000
 C	27.32727082 27.01483126 3.40000000
 C	31.08505154 27.02182304 3.40000000
 C	38.60044394 27.03577377 3.40000000
 C	42.35805563 27.04273270 3.40000000
 C	49.87344803 27.05668342 3.40000000
 C	-15.35017552 27.40023367 3.40000000
 C	-11.59250777 27.40735542 3.40000000
 C	-4.07711537 27.42130614 3.40000000
 C	-0.31933465 27.42829793 3.40000000
 C	7.19605775 27.44224865 3.40000000
 C	10.95366944 27.44920759 3.40000000
 C	18.46911790 27.46332112 3.40000000
 C	22.22671090 27.47022579 3.40000000
 C	29.74212199 27.48423078 3.40000000
 C	33.49984636 27.49121161 3.40000000
 C	41.01512607 27.50514043 3.40000000
 C	44.77290679 27.51213221 3.40000000
 C	-12.93549339 27.86960033 3.40000000
 C	-9.17765661 27.87675494 3.40000000
 C	-1.66226420 27.89070566 3.40000000
 C	2.09534748 27.89766459 3.40000000
 C	9.61073988 27.91161531 3.40000000
 C	13.36852060 27.91860710 3.40000000
 C	20.88396907 27.93272064 3.40000000
 C	24.64156206 27.93962530 3.40000000
 C	32.15697316 27.95363029 3.40000000
 C	35.91458484 27.96058922 3.40000000
 C	43.42997724 27.97453995 3.40000000
 C	47.18770162 27.98152078 3.40000000
 C	-10.52064222 28.33899984 3.40000000
 C	-6.76286178 28.34614350 3.40000000
 C	0.75241793 28.36007232 3.40000000
 C	4.51019865 28.36706411 3.40000000
 C	12.02559105 28.38101483 3.40000000
 C	15.78320273 28.38797376 3.40000000
 C	23.29865120 28.40208730 3.40000000
 C	27.05641323 28.40902482 3.40000000
 C	34.57182432 28.42302981 3.40000000
 C	38.32943601 28.42998874 3.40000000
 C	45.84482841 28.44393946 3.40000000
 C	49.60244009 28.45089839 3.40000000
 C	-15.62118346 28.79444864 3.40000000
 C	-8.10579105 28.80839936 3.40000000
 C	-4.34812331 28.81552111 3.40000000
 C	3.16726910 28.82947183 3.40000000
 C	6.92499347 28.83645267 3.40000000
 C	14.44027318 28.85038149 3.40000000
 C	18.19805390 28.85737328 3.40000000
 C	25.71350237 28.87148682 3.40000000
 C	29.47109536 28.87839148 3.40000000
 C	36.98650645 28.89239647 3.40000000
 C	40.74428717 28.89938825 3.40000000
 C	48.25967958 28.91333898 3.40000000
 C	52.01729126 28.92029791 3.40000000
 C	-16.96411301 29.25685637 3.40000000
 C	-13.20633229 29.26384816 3.40000000
 C	-5.69093988 29.27779888 3.40000000
 C	-1.93327214 29.28492063 3.40000000
 C	5.58212026 29.29887135 3.40000000
 C	9.33973195 29.30583028 3.40000000
 C	16.85512435 29.31978100 3.40000000
 C	20.61284872 29.32676184 3.40000000
 C	28.12818450 29.34085347 3.40000000
 C	31.88594653 29.34779099 3.40000000
 C	39.40135762 29.36179599 3.40000000
 C	43.15896931 29.36875491 3.40000000
 C	50.67436171 29.38270564 3.40000000
 C	-14.54926184 29.72625589 3.40000000
 C	-10.79165016 29.73321482 3.40000000
 C	-3.27625775 29.74716553 3.40000000
 C	0.48157903 29.75432015 3.40000000
 C	7.99697143 29.76827086 3.40000000
 C	11.75458311 29.77522980 3.40000000
 C	19.26997552 29.78918052 3.40000000
 C	23.02758720 29.79613945 3.40000000
 C	30.54303567 29.81025299 3.40000000
 C	34.30074135 29.81717956 3.40000000
 C	41.81603975 29.83116264 3.40000000
 C	45.57382047 29.83815443 3.40000000
 C	-12.13457971 30.19562255 3.40000000
 C	-8.37679899 30.20261433 3.40000000
 C	-0.86140659 30.21656505 3.40000000
 C	2.89626116 30.22368681 3.40000000
 C	10.41165356 30.23763752 3.40000000
 C	14.16943428 30.24462932 3.40000000
 C	21.68482668 30.25858003 3.40000000
 C	25.44243837 30.26553897 3.40000000
 C	32.95788683 30.27965251 3.40000000
 C	36.71547983 30.28655717 3.40000000
 C	44.23089092 30.30056216 3.40000000
 C	47.98861529 30.30754299 3.40000000
 C	-9.71972854 30.66502207 3.40000000
 C	-5.96200417 30.67200290 3.40000000
 C	1.55327554 30.68593171 3.40000000
 C	5.31111233 30.69308632 3.40000000
 C	12.82650473 30.70703704 3.40000000
 C	16.58411641 30.71399598 3.40000000
 C	24.09950882 30.72794669 3.40000000
 C	27.85728953 30.73493849 3.40000000
 C	35.37273800 30.74905202 3.40000000
 C	39.13033100 30.75595669 3.40000000
 C	46.64574209 30.76996168 3.40000000
 C	50.40335377 30.77692060 3.40000000
 C	-14.82026978 31.12047085 3.40000000
 C	-7.30487738 31.13442158 3.40000000
 C	-3.54726569 31.14138051 3.40000000
 C	3.96812671 31.15533123 3.40000000
 C	7.72590715 31.16247489 3.40000000
 C	15.24118686 31.17640370 3.40000000
 C	18.99896758 31.18339549 3.40000000
 C	26.51435998 31.19734621 3.40000000
 C	30.27197167 31.20430515 3.40000000
 C	37.78742013 31.21841868 3.40000000
 C	41.54518216 31.22535620 3.40000000
 C	49.06059325 31.23936119 3.40000000
 C	52.81820494 31.24632012 3.40000000
 C	-16.16319933 31.58287859 3.40000000
 C	-12.40541861 31.58987037 3.40000000
 C	-4.89002621 31.60382110 3.40000000
 C	-1.13241452 31.61078002 3.40000000
 C	6.38297788 31.62473074 3.40000000
 C	10.14064562 31.63185250 3.40000000
 C	17.65603803 31.64580322 3.40000000
 C	21.41376240 31.65278406 3.40000000
 C	28.92904211 31.66671287 3.40000000
 C	32.68682283 31.67370466 3.40000000
 C	40.20227130 31.68781820 3.40000000
 C	43.95986429 31.69472286 3.40000000
 C	51.47527539 31.70872785 3.40000000
 C	-13.74834816 32.05227810 3.40000000
 C	-9.99073648 32.05923703 3.40000000
 C	-2.47534408 32.07318776 3.40000000
 C	1.28243664 32.08017954 3.40000000
 C	8.79782905 32.09413026 3.40000000
 C	12.55549679 32.10125201 3.40000000
 C	20.07088920 32.11520273 3.40000000
 C	23.82850088 32.12216167 3.40000000
 C	31.34389328 32.13611239 3.40000000
 C	35.10161766 32.14309323 3.40000000
 C	42.61695343 32.15718486 3.40000000
 C	46.37471546 32.16412238 3.40000000
 C	-11.33366603 32.52164476 3.40000000
 C	-7.57588531 32.52863655 3.40000000
 C	-0.06049291 32.54258727 3.40000000
 C	3.69711877 32.54954620 3.40000000
 C	11.21251118 32.56349692 3.40000000
 C	14.97034796 32.57065153 3.40000000
 C	22.48574036 32.58460225 3.40000000
 C	26.24335205 32.59156118 3.40000000
 C	33.75874445 32.60551190 3.40000000
 C	37.51635613 32.61247084 3.40000000
 C	45.03180460 32.62658437 3.40000000
 C	48.78951028 32.63351094 3.40000000
 C	-8.91881486 32.99104428 3.40000000
 C	-5.16109049 32.99802511 3.40000000
 C	2.35418922 33.01195393 3.40000000
 C	6.11196994 33.01894572 3.40000000
 C	13.62736235 33.03289644 3.40000000
 C	17.38503009 33.04001819 3.40000000
 C	24.90042249 33.05396891 3.40000000
 C	28.65820321 33.06096070 3.40000000
 C	36.17359562 33.07491142 3.40000000
 C	39.93120730 33.08187035 3.40000000
 C	47.44665577 33.09598389 3.40000000
 C	51.20424876 33.10288855 3.40000000
 C	-14.01937479 33.44643881 3.40000000
 C	-6.50396370 33.46044380 3.40000000
 C	-2.74635201 33.46740272 3.40000000
 C	4.76904039 33.48135345 3.40000000
 C	8.52676476 33.48833428 3.40000000
 C	16.04204448 33.50226309 3.40000000
 C	19.79988126 33.50941771 3.40000000
 C	27.31527366 33.52336842 3.40000000
 C	31.07288534 33.53032736 3.40000000
 C	38.58827775 33.54427808 3.40000000
 C	42.34605847 33.55126987 3.40000000
 C	49.86150693 33.56538341 3.40000000
 C	53.61909993 33.57228807 3.40000000
 C	-15.36228565 33.90890080 3.40000000
 C	-11.60452362 33.91583832 3.40000000
 C	-4.08911253 33.92984331 3.40000000
 C	-0.33150085 33.93680224 3.40000000
 C	7.18389156 33.95075297 3.40000000
 C	10.94150324 33.95771189 3.40000000
 C	18.45689564 33.97166261 3.40000000
 C	22.21467608 33.97880627 3.40000000
 C	29.72995579 33.99273508 3.40000000
 C	33.48773651 33.99972688 3.40000000
 C	41.00312891 34.01367759 3.40000000
 C	44.76074060 34.02063653 3.40000000
 C	52.27618906 34.03475007 3.40000000
 C	-12.94743449 34.37830032 3.40000000
 C	-9.18984149 34.38520498 3.40000000
 C	-1.67443040 34.39920997 3.40000000
 C	2.08335032 34.40620176 3.40000000
 C	9.59874272 34.42015248 3.40000000
 C	13.35635441 34.42711141 3.40000000
 C	20.87174681 34.44106213 3.40000000
 C	24.62941456 34.44818388 3.40000000
 C	32.14480696 34.46213460 3.40000000
 C	35.90253133 34.46911544 3.40000000
 C	43.41781105 34.48304425 3.40000000
 C	47.17559176 34.49003605 3.40000000
 C	-10.53275235 34.84766698 3.40000000
 C	-6.77499032 34.85460450 3.40000000
 C	0.74042077 34.86860949 3.40000000
 C	4.49803245 34.87556841 3.40000000
 C	12.01342485 34.88951914 3.40000000
 C	15.77120558 34.89651093 3.40000000
 C	23.28659798 34.91046164 3.40000000
 C	27.04426572 34.91758340 3.40000000
 C	34.55965813 34.93153412 3.40000000
 C	38.31726981 34.93849305 3.40000000
 C	45.83266221 34.95244377 3.40000000
 C	49.59038659 34.95942461 3.40000000
 C	-8.11790119 35.31706649 3.40000000
 C	-4.36019550 35.32399306 3.40000000
 C	3.15510290 35.33797615 3.40000000
 C	6.91288362 35.34496793 3.40000000
 C	14.42827602 35.35891866 3.40000000
 C	18.18588771 35.36587758 3.40000000
 C	25.70128011 35.37982830 3.40000000
 C	29.45911689 35.38698291 3.40000000
 C	36.97450929 35.40093363 3.40000000
 C	40.73212098 35.40789257 3.40000000
 C	48.24751338 35.42184329 3.40000000
 C	52.00512506 35.42880222 3.40000000
 C	-13.21849849 35.77235247 3.40000000
 C	-5.70305002 35.78646601 3.40000000
 C	-1.94545702 35.79337067 3.40000000
 C	5.56995407 35.80737566 3.40000000
 C	9.32767844 35.81435649 3.40000000
 C	16.84295815 35.82828532 3.40000000
 C	20.60073887 35.83527710 3.40000000
 C	28.11613128 35.84922782 3.40000000
 C	31.87379902 35.85634957 3.40000000
 C	39.38919143 35.87030029 3.40000000
 C	43.14697214 35.87729208 3.40000000
 C	50.66236455 35.89124280 3.40000000
 C	54.41997623 35.89820174 3.40000000
 C	-14.56142804 36.23476020 3.40000000
 C	-10.80364732 36.24175199 3.40000000
 C	-3.28819885 36.25586553 3.40000000
 C	0.46939414 36.26277019 3.40000000
 C	7.98480523 36.27677518 3.40000000
 C	11.74241692 36.28373411 3.40000000
 C	19.25780932 36.29768483 3.40000000
 C	23.01553370 36.30466566 3.40000000
 C	30.53081341 36.31859448 3.40000000
 C	34.28865019 36.32574909 3.40000000
 C	41.80404259 36.33969981 3.40000000
 C	45.56165428 36.34665874 3.40000000
 C	53.07704668 36.36060946 3.40000000
 C	-12.14657687 36.70415971 3.40000000
 C	-8.38896519 36.71111865 3.40000000
 C	-0.87351672 36.72523219 3.40000000
 C	2.88424531 36.73216971 3.40000000
 C	10.39965640 36.74617470 3.40000000
 C	14.15726809 36.75313362 3.40000000
 C	21.67266049 36.76708435 3.40000000
 C	25.43027217 36.77404328 3.40000000
 C	32.94566458 36.78799399 3.40000000
 C	36.70344501 36.79513765 3.40000000
 C	44.21872472 36.80906647 3.40000000
 C	47.97650544 36.81605826 3.40000000
 C	-9.73189474 37.17352637 3.40000000
 C	-5.97411402 37.18051817 3.40000000
 C	1.54133445 37.19463170 3.40000000
 C	5.29892744 37.20153636 3.40000000
 C	12.81433853 37.21554136 3.40000000
 C	16.57211925 37.22253314 3.40000000
 C	24.08751165 37.23648387 3.40000000
 C	27.84512334 37.24344279 3.40000000
 C	35.36051574 37.25739351 3.40000000
 C	39.11818349 37.26451527 3.40000000
 C	46.63357589 37.27846598 3.40000000
 C	50.39130026 37.28544682 3.40000000
 C	-7.31704357 37.64292589 3.40000000
 C	-3.55931920 37.64990673 3.40000000
 C	3.95601658 37.66399836 3.40000000
 C	7.71377861 37.67093588 3.40000000
 C	15.22918970 37.68494087 3.40000000
 C	18.98680138 37.69189980 3.40000000
 C	26.50219379 37.70585053 3.40000000
 C	30.25997451 37.71284231 3.40000000
 C	37.77536691 37.72679303 3.40000000
 C	41.53303466 37.73391478 3.40000000
 C	49.04842706 37.74786550 3.40000000
 C	52.80603874 37.75482444 3.40000000
 C	-12.41758481 38.09837469 3.40000000
 C	-4.90219240 38.11232541 3.40000000
 C	-1.14458072 38.11928434 3.40000000
 C	6.37086774 38.13339788 3.40000000
 C	10.12857343 38.14032445 3.40000000
 C	17.64387183 38.15430753 3.40000000
 C	21.40165255 38.16129931 3.40000000
 C	28.91704495 38.17525004 3.40000000
 C	32.67465664 38.18220897 3.40000000
 C	40.19004904 38.19615969 3.40000000
 C	43.94788582 38.20331430 3.40000000
 C	51.46327823 38.21726502 3.40000000
 C	55.22088991 38.22422395 3.40000000
 C	-10.00273364 38.56777420 3.40000000
 C	-2.48734124 38.58172492 3.40000000
 C	1.27027045 38.58868386 3.40000000
 C	8.78571891 38.60279739 3.40000000
 C	12.54331191 38.60970206 3.40000000
 C	20.05872300 38.62370705 3.40000000
 C	23.81644737 38.63068788 3.40000000
 C	31.33172708 38.64461670 3.40000000
 C	35.08950781 38.65160848 3.40000000
 C	42.60490021 38.66555920 3.40000000
 C	46.36256795 38.67268096 3.40000000
 C	53.87796036 38.68663168 3.40000000
 C	-7.58805151 39.03714086 3.40000000
 C	-0.07265911 39.05109158 3.40000000
 C	3.68512161 39.05808337 3.40000000
 C	11.20057008 39.07219691 3.40000000
 C	14.95816307 39.07910157 3.40000000
 C	22.47357417 39.09310656 3.40000000
 C	26.23118585 39.10006549 3.40000000
 C	33.74657825 39.11401622 3.40000000
 C	37.50430263 39.12099705 3.40000000
 C	45.01958234 39.13492586 3.40000000
 C	48.77741912 39.14208047 3.40000000
 C	-5.17320034 39.50654038 3.40000000
 C	2.34219206 39.52049110 3.40000000
 C	6.09980374 39.52745003 3.40000000
 C	13.61525221 39.54156357 3.40000000
 C	17.37301424 39.54850109 3.40000000
 C	24.88842533 39.56250608 3.40000000
 C	28.64603702 39.56946501 3.40000000
 C	36.16142942 39.58341573 3.40000000
 C	39.91904110 39.59037466 3.40000000
 C	47.43443351 39.60432538 3.40000000
 C	51.19221394 39.61146904 3.40000000
 C	-2.75840552 39.97592894 3.40000000
 C	4.75687419 39.98985776 3.40000000
 C	8.51465491 39.99684955 3.40000000
 C	16.03010338 40.01096309 3.40000000
 C	19.78769637 40.01786775 3.40000000
 C	27.30310746 40.03187274 3.40000000
 C	31.06088818 40.03886452 3.40000000
 C	38.57628059 40.05281525 3.40000000
 C	42.33389227 40.05977418 3.40000000
 C	49.84928467 40.07372490 3.40000000
 C	53.60695242 40.08084665 3.40000000
 C	-0.34366704 40.44530655 3.40000000
 C	7.17172536 40.45925727 3.40000000
 C	10.92944973 40.46623811 3.40000000
 C	18.44478551 40.48032975 3.40000000
 C	22.20254754 40.48726727 3.40000000
 C	29.71795863 40.50127226 3.40000000
 C	33.47557032 40.50823118 3.40000000
 C	40.99096272 40.52218191 3.40000000
 C	44.74874344 40.52917369 3.40000000
 C	52.26413584 40.54312441 3.40000000
 C	56.02180359 40.55024617 3.40000000
 C	2.07118412 40.91470607 3.40000000
 C	9.58657653 40.92865679 3.40000000
 C	13.34418821 40.93561572 3.40000000
 C	20.85963668 40.94972926 3.40000000
 C	24.61734236 40.95665583 3.40000000
 C	32.13264076 40.97063892 3.40000000
 C	35.89042148 40.97763070 3.40000000
 C	43.40581388 40.99158143 3.40000000
 C	47.16342557 40.99854035 3.40000000
 C	54.67881797 41.01249107 3.40000000
 C	4.48603529 41.38410559 3.40000000
 C	12.00142770 41.39805631 3.40000000
 C	15.75903938 41.40501524 3.40000000
 C	23.27448784 41.41912878 3.40000000
 C	27.03208084 41.42603344 3.40000000
 C	34.54749193 41.44003843 3.40000000
 C	38.30521631 41.44701926 3.40000000
 C	45.82049602 41.46094809 3.40000000
 C	49.57827674 41.46793987 3.40000000
 C	6.90071742 41.85347225 3.40000000
 C	14.41610983 41.86742296 3.40000000
 C	18.17389055 41.87441476 3.40000000
 C	25.68933901 41.88852829 3.40000000
 C	29.44693201 41.89543296 3.40000000
 C	36.96234310 41.90943795 3.40000000
 C	40.71995478 41.91639687 3.40000000
 C	48.23534718 41.93034760 3.40000000
 C	51.99307156 41.93732843 3.40000000
 C	9.31556859 42.32287176 3.40000000
 C	16.83096099 42.33682248 3.40000000
 C	20.58857268 42.34378142 3.40000000
 C	28.10402114 42.35789495 3.40000000
 C	31.86178317 42.36483247 3.40000000
 C	39.37719426 42.37883746 3.40000000
 C	43.13480595 42.38579639 3.40000000
 C	50.65019835 42.39974712 3.40000000
 C	54.40781004 42.40670604 3.40000000
 C	11.73036341 42.79226033 3.40000000
 C	19.24564312 42.80618914 3.40000000
 C	23.00342384 42.81318093 3.40000000
 C	30.51887231 42.82729447 3.40000000
 C	34.27646530 42.83419913 3.40000000
 C	41.79187640 42.84820412 3.40000000
 C	45.54965712 42.85519591 3.40000000
 C	53.06504952 42.86914664 3.40000000
 C	56.82266120 42.87610556 3.40000000
 C	14.14510189 43.26163794 3.40000000
 C	21.66049429 43.27558866 3.40000000
 C	25.41821867 43.28256950 3.40000000
 C	32.93355444 43.29666113 3.40000000
 C	36.69131647 43.30359865 3.40000000
 C	44.20672756 43.31760364 3.40000000
 C	47.96433925 43.32456257 3.40000000
 C	55.47973165 43.33851329 3.40000000
 C	16.55995306 43.73103745 3.40000000
 C	24.07534546 43.74498817 3.40000000
 C	27.83295714 43.75194711 3.40000000
 C	35.34840561 43.76606065 3.40000000
 C	39.10611129 43.77298721 3.40000000
 C	46.62140969 43.78697030 3.40000000
 C	50.37919042 43.79396208 3.40000000
 C	18.97480422 44.20043697 3.40000000
 C	26.49019663 44.21438769 3.40000000
 C	30.24780831 44.22134663 3.40000000
 C	37.76325678 44.23546016 3.40000000
 C	41.52084977 44.24236482 3.40000000
 C	49.03626086 44.25636982 3.40000000
 C	52.79398524 44.26335065 3.40000000
 C	21.38948635 44.66980363 3.40000000
 C	28.90487876 44.68375435 3.40000000
 C	32.66265948 44.69074614 3.40000000
 C	40.17810794 44.70485968 3.40000000
 C	43.93570094 44.71176434 3.40000000
 C	51.45111203 44.72576933 3.40000000
 C	55.20872371 44.73272826 3.40000000
 C	23.80433752 45.13920315 3.40000000
 C	31.31972993 45.15315387 3.40000000
 C	35.07734161 45.16011280 3.40000000
 C	42.59279007 45.17422634 3.40000000
 C	46.35055211 45.18116386 3.40000000
 C	53.86596320 45.19516885 3.40000000
 C	57.62357488 45.20212777 3.40000000
 C	26.21913234 45.60859171 3.40000000
 C	33.73441206 45.62252052 3.40000000
 C	37.49219278 45.62951232 3.40000000
 C	45.00764124 45.64362585 3.40000000
 C	48.76523424 45.65053052 3.40000000
 C	56.28064533 45.66453551 3.40000000
 C	28.63387082 46.07796932 3.40000000
 C	36.14926322 46.09192004 3.40000000
 C	39.90698760 46.09890088 3.40000000
 C	47.42232337 46.11299251 3.40000000
 C	51.18008540 46.11993003 3.40000000
 C	31.04872199 46.54736884 3.40000000
 C	38.56411439 46.56131956 3.40000000
 C	42.32172607 46.56827849 3.40000000
 C	49.83717454 46.58239203 3.40000000
 C	53.59488023 46.58931860 3.40000000
 C	33.46357316 47.01676836 3.40000000
 C	40.97896556 47.03071907 3.40000000
 C	44.73657724 47.03767801 3.40000000
 C	52.25202571 47.05179155 3.40000000
 C	56.00961870 47.05869621 3.40000000
 C	35.87825529 47.48613501 3.40000000
 C	43.39364769 47.50008573 3.40000000
 C	47.15142841 47.50707753 3.40000000
 C	54.66687687 47.52119106 3.40000000
 C	58.42446987 47.52809573 3.40000000
 C	38.29310645 47.95553453 3.40000000
 C	45.80849886 47.96948525 3.40000000
 C	49.56611054 47.97644418 3.40000000
 C	57.08155901 47.99055772 3.40000000
 C	40.70790128 48.42492309 3.40000000
 C	48.22318099 48.43885191 3.40000000
 C	51.98096171 48.44584370 3.40000000
 C	43.12263975 48.89430071 3.40000000
 C	50.63803216 48.90825142 3.40000000
 C	54.39575653 48.91523227 3.40000000
 C	45.53749092 49.36370022 3.40000000
 C	53.05288332 49.37765094 3.40000000
 C	56.81049501 49.38460988 3.40000000
 C	47.95234209 49.83309974 3.40000000
 C	55.46773449 49.84705046 3.40000000
 C	59.22534617 49.85400939 3.40000000
 C	50.36702422 50.30246640 3.40000000
 C	57.88241662 50.31641712 3.40000000
 C	52.78187539 50.77186591 3.40000000
 C	55.19667021 51.24125448 3.40000000
 C	57.61140868 51.71063209 3.40000000
 C	60.02625985 52.18003161 3.40000000
