 C	2.52380574 -24.01240758 3.40000000
 C	-9.70871572 -25.29809739 3.40000000
 C	14.75644136 -22.72670576 3.40000000
 C	-12.15528851 -25.55524255 3.40000000
 C	17.20289998 -22.46957260 3.40000000
 C	-14.60174713 -25.81237571 3.40000000
 C	19.64947277 -22.21242744 3.40000000
 C	-17.04826284 -26.06951488 3.40000000
 C	22.09604557 -21.95528228 3.40000000
 C	-19.49483563 -26.32666004 3.40000000
 C	24.54244710 -21.69815511 3.40000000
 C	0.07734711 -24.26954074 3.40000000
 C	-21.94123717 -26.58378720 3.40000000
 C	26.98901990 -21.44100995 3.40000000
 C	4.97037853 -23.75526241 3.40000000
 C	-24.38780996 -26.84093236 3.40000000
 C	29.43553560 -21.18387079 3.40000000
 C	-26.83438276 -27.09807753 3.40000000
 C	31.88199423 -20.92673763 3.40000000
 C	-29.28084138 -27.35521069 3.40000000
 C	-31.72735708 -27.61234985 3.40000000
 C	-34.17392988 -27.86949501 3.40000000
 C	-36.62033141 -28.12662218 3.40000000
 C	-2.36916859 -24.52667990 3.40000000
 C	7.41695132 -23.49811725 3.40000000
 C	-4.81574139 -24.78382506 3.40000000
 C	9.86335286 -23.24099009 3.40000000
 C	-7.26214292 -25.04095223 3.40000000
 C	12.30992565 -22.98384493 3.40000000
 C	-8.55966073 -24.46326008 3.40000000
 C	13.45898063 -22.14900762 3.40000000
 C	1.22645918 -23.43469743 3.40000000
 C	3.67286072 -23.17757027 3.40000000
 C	-11.00623353 -24.72040524 3.40000000
 C	15.90555343 -21.89186246 3.40000000
 C	-13.45263506 -24.97753241 3.40000000
 C	18.35195496 -21.63473529 3.40000000
 C	-15.89920786 -25.23467757 3.40000000
 C	20.79852776 -21.37759013 3.40000000
 C	-18.34578065 -25.49182273 3.40000000
 C	23.24492929 -21.12046297 3.40000000
 C	-20.79235344 -25.74896789 3.40000000
 C	25.69150209 -20.86331781 3.40000000
 C	-23.23875498 -26.00609506 3.40000000
 C	28.13807488 -20.60617264 3.40000000
 C	-25.68532777 -26.26324022 3.40000000
 C	30.58464767 -20.34902748 3.40000000
 C	-28.13172931 -26.52036738 3.40000000
 C	33.03104921 -20.09190032 3.40000000
 C	-30.57830210 -26.77751254 3.40000000
 C	-33.02487490 -27.03465771 3.40000000
 C	-1.22011361 -23.69184259 3.40000000
 C	6.11943351 -22.92042511 3.40000000
 C	-35.47144769 -27.29180287 3.40000000
 C	-37.91784922 -27.54893003 3.40000000
 C	-3.66668640 -23.94898776 3.40000000
 C	8.56583505 -22.66329794 3.40000000
 C	-6.11325920 -24.20613292 3.40000000
 C	11.01240784 -22.40615278 3.40000000
 C	-8.70812356 -23.05073062 3.40000000
 C	13.31051780 -20.73647816 3.40000000
 C	1.07793927 -22.02217397 3.40000000
 C	3.52439789 -21.76504081 3.40000000
 C	-11.15469636 -23.30787578 3.40000000
 C	15.75703351 -20.47933899 3.40000000
 C	-13.60115498 -23.56500894 3.40000000
 C	18.20349213 -20.22220583 3.40000000
 C	-16.04767069 -23.82214811 3.40000000
 C	20.65006493 -19.96506067 3.40000000
 C	-18.49424348 -24.07929327 3.40000000
 C	23.09663772 -19.70791551 3.40000000
 C	-20.94064502 -24.33642043 3.40000000
 C	25.54303926 -19.45078834 3.40000000
 C	-23.38721781 -24.59356559 3.40000000
 C	27.98961205 -19.19364318 3.40000000
 C	-25.83379060 -24.85071076 3.40000000
 C	30.43612776 -18.93650402 3.40000000
 C	-28.28024922 -25.10784392 3.40000000
 C	32.88258638 -18.67937086 3.40000000
 C	-30.72676493 -25.36498308 3.40000000
 C	-33.17333772 -25.62212824 3.40000000
 C	-1.36857644 -22.27931313 3.40000000
 C	5.97097068 -21.50789564 3.40000000
 C	-35.61973926 -25.87925541 3.40000000
 C	-38.06631205 -26.13640057 3.40000000
 C	-3.81514923 -22.53645829 3.40000000
 C	8.41754347 -21.25075048 3.40000000
 C	-6.26155077 -22.79358546 3.40000000
 C	10.86394501 -20.99362332 3.40000000
 C	2.22698129 -21.18748797 3.40000000
 C	-10.00571141 -22.47319579 3.40000000
 C	14.45950275 -19.90179816 3.40000000
 C	-12.45211295 -22.73032295 3.40000000
 C	16.90607554 -19.64465300 3.40000000
 C	-14.89868574 -22.98746811 3.40000000
 C	19.35247708 -19.38752584 3.40000000
 C	-17.34525854 -23.24461327 3.40000000
 C	21.79904987 -19.13038067 3.40000000
 C	24.24545141 -18.87325351 3.40000000
 C	-19.79183133 -23.50175844 3.40000000
 C	-0.21959150 -21.44463314 3.40000000
 C	4.67338283 -20.93036081 3.40000000
 C	-22.23823287 -23.75888560 3.40000000
 C	26.69202420 -18.61610835 3.40000000
 C	-24.68480566 -24.01603076 3.40000000
 C	29.13859699 -18.35896319 3.40000000
 C	-27.13120720 -24.27315792 3.40000000
 C	31.58516979 -18.10181802 3.40000000
 C	-29.57777999 -24.53030309 3.40000000
 C	34.03157132 -17.84469086 3.40000000
 C	-32.02435278 -24.78744825 3.40000000
 C	-34.47092557 -25.04459341 3.40000000
 C	-36.91732711 -25.30172057 3.40000000
 C	-2.66616429 -21.70177830 3.40000000
 C	7.11995562 -20.67321565 3.40000000
 C	9.56635716 -20.41608849 3.40000000
 C	-5.11273708 -21.95892346 3.40000000
 C	-7.55913862 -22.21605062 3.40000000
 C	12.01292995 -20.15894332 3.40000000
 C	2.07846138 -19.77496451 3.40000000
 C	-10.15417424 -21.06066632 3.40000000
 C	14.31103992 -18.48926870 3.40000000
 C	-12.60063286 -21.31779949 3.40000000
 C	16.75755563 -18.23212954 3.40000000
 C	-15.04714857 -21.57493865 3.40000000
 C	19.20401425 -17.97499637 3.40000000
 C	-17.49372137 -21.83208381 3.40000000
 C	21.65058704 -17.71785121 3.40000000
 C	-19.94012290 -22.08921097 3.40000000
 C	24.09715983 -17.46070605 3.40000000
 C	-0.36805433 -20.03210367 3.40000000
 C	4.52492000 -19.51783135 3.40000000
 C	-22.38669569 -22.34635614 3.40000000
 C	26.54356137 -17.20357889 3.40000000
 C	-24.83326849 -22.60350130 3.40000000
 C	28.99013416 -16.94643372 3.40000000
 C	-27.27972711 -22.86063446 3.40000000
 C	31.43664987 -16.68929456 3.40000000
 C	-29.72624282 -23.11777362 3.40000000
 C	33.88310849 -16.43216140 3.40000000
 C	-32.17281561 -23.37491879 3.40000000
 C	-34.61921715 -23.63204595 3.40000000
 C	-37.06578994 -23.88919111 3.40000000
 C	-2.81462712 -20.28924884 3.40000000
 C	6.97149280 -19.26068619 3.40000000
 C	-5.26102866 -20.54637600 3.40000000
 C	9.41806559 -19.00354102 3.40000000
 C	-7.70760145 -20.80352116 3.40000000
 C	11.86446712 -18.74641386 3.40000000
 C	-9.00511926 -20.22582901 3.40000000
 C	13.01352211 -17.91157654 3.40000000
 C	0.78100065 -19.19726636 3.40000000
 C	3.22757345 -18.94012119 3.40000000
 C	-11.45152080 -20.48295617 3.40000000
 C	15.46009490 -17.65443138 3.40000000
 C	-13.89809359 -20.74010133 3.40000000
 C	17.90666769 -17.39728622 3.40000000
 C	-16.34466638 -20.99724649 3.40000000
 C	20.35306923 -17.14015906 3.40000000
 C	-18.79123918 -21.25439166 3.40000000
 C	22.79964202 -16.88301389 3.40000000
 C	-21.23764071 -21.51151882 3.40000000
 C	25.24604356 -16.62588673 3.40000000
 C	-23.68421351 -21.76866398 3.40000000
 C	27.69261635 -16.36874157 3.40000000
 C	-26.13061504 -22.02579114 3.40000000
 C	30.13918914 -16.11159641 3.40000000
 C	-28.57718784 -22.28293631 3.40000000
 C	32.58576194 -15.85445124 3.40000000
 C	-31.02376063 -22.54008147 3.40000000
 C	35.03216347 -15.59732408 3.40000000
 C	-33.47033342 -22.79722663 3.40000000
 C	-1.66557214 -19.45441152 3.40000000
 C	5.67397498 -18.68299403 3.40000000
 C	-35.91673496 -23.05435379 3.40000000
 C	-4.11214493 -19.71155668 3.40000000
 C	8.12054778 -18.42584887 3.40000000
 C	-6.55854647 -19.96868384 3.40000000
 C	10.56694931 -18.16872171 3.40000000
 C	-9.15358209 -18.81329955 3.40000000
 C	12.86505928 -16.49904709 3.40000000
 C	0.63253783 -17.78473690 3.40000000
 C	3.07905353 -17.52759774 3.40000000
 C	-11.60004071 -19.07043272 3.40000000
 C	15.31163207 -16.24190193 3.40000000
 C	-14.04655642 -19.32757188 3.40000000
 C	17.75814778 -15.98476277 3.40000000
 C	-16.49312921 -19.58471704 3.40000000
 C	20.20460640 -15.72762960 3.40000000
 C	-18.93953075 -19.84184420 3.40000000
 C	22.65117919 -15.47048444 3.40000000
 C	-21.38610354 -20.09898937 3.40000000
 C	25.09775199 -15.21333928 3.40000000
 C	-23.83267633 -20.35613453 3.40000000
 C	27.54415352 -14.95621212 3.40000000
 C	-26.27913496 -20.61326769 3.40000000
 C	29.99072632 -14.69906695 3.40000000
 C	-28.72565066 -20.87040685 3.40000000
 C	32.43724202 -14.44192779 3.40000000
 C	-31.17222346 -21.12755202 3.40000000
 C	34.88370065 -14.18479463 3.40000000
 C	-33.61862499 -21.38467918 3.40000000
 C	-1.81403497 -18.04188207 3.40000000
 C	5.52551216 -17.27046458 3.40000000
 C	-36.06519779 -21.64182434 3.40000000
 C	-4.26043650 -18.29900923 3.40000000
 C	7.97208495 -17.01331942 3.40000000
 C	-6.70700930 -18.55615439 3.40000000
 C	10.41865774 -16.75617425 3.40000000
 C	1.78159281 -16.94989959 3.40000000
 C	-10.45092864 -18.23558940 3.40000000
 C	14.01411426 -15.66420977 3.40000000
 C	-12.89750144 -18.49273456 3.40000000
 C	16.46068705 -15.40706461 3.40000000
 C	-15.34407423 -18.74987972 3.40000000
 C	18.90725985 -15.14991945 3.40000000
 C	-17.79064702 -19.00702488 3.40000000
 C	21.35366138 -14.89279228 3.40000000
 C	-20.23704856 -19.26415205 3.40000000
 C	23.80023418 -14.63564712 3.40000000
 C	-0.66497999 -17.20704475 3.40000000
 C	-22.68362135 -19.52129721 3.40000000
 C	26.24663571 -14.37851996 3.40000000
 C	4.22816560 -16.69275442 3.40000000
 C	-25.13002289 -19.77842437 3.40000000
 C	28.69320851 -14.12137480 3.40000000
 C	-27.57659568 -20.03556954 3.40000000
 C	31.13978130 -13.86422963 3.40000000
 C	-30.02316848 -20.29271470 3.40000000
 C	33.58635409 -13.60708447 3.40000000
 C	-32.46974127 -20.54985986 3.40000000
 C	36.03275563 -13.34995731 3.40000000
 C	-34.91614280 -20.80698702 3.40000000
 C	-3.11155278 -17.46418991 3.40000000
 C	6.67456714 -16.43562726 3.40000000
 C	-5.55795431 -17.72131707 3.40000000
 C	9.12113993 -16.17848210 3.40000000
 C	-8.00452711 -17.97846223 3.40000000
 C	11.56754147 -15.92135493 3.40000000
 C	1.63310663 -15.53742256 3.40000000
 C	-10.59947191 -16.82311837 3.40000000
 C	13.86562808 -14.25173275 3.40000000
 C	-13.04598761 -17.08025753 3.40000000
 C	16.31220088 -13.99458758 3.40000000
 C	-15.49256041 -17.33740270 3.40000000
 C	18.75871659 -13.73744842 3.40000000
 C	-17.93896194 -17.59452986 3.40000000
 C	21.20517521 -13.48031526 3.40000000
 C	-20.38553474 -17.85167502 3.40000000
 C	23.65174800 -13.22317010 3.40000000
 C	-22.83210753 -18.10882018 3.40000000
 C	-0.81346616 -15.79456772 3.40000000
 C	26.09832079 -12.96602493 3.40000000
 C	4.07962234 -15.28028340 3.40000000
 C	-25.27856615 -18.36595335 3.40000000
 C	28.54472233 -12.70889777 3.40000000
 C	-27.72508186 -18.62309251 3.40000000
 C	30.99129512 -12.45175261 3.40000000
 C	-30.17165465 -18.88023767 3.40000000
 C	33.43781083 -12.19461345 3.40000000
 C	-32.61805619 -19.13736483 3.40000000
 C	35.88426945 -11.93748028 3.40000000
 C	-35.06462898 -19.39451000 3.40000000
 C	-3.25986770 -16.05169488 3.40000000
 C	6.52608096 -15.02315023 3.40000000
 C	-5.70644049 -16.30884005 3.40000000
 C	8.97265375 -14.76600507 3.40000000
 C	-8.15301328 -16.56598521 3.40000000
 C	11.41922655 -14.50885991 3.40000000
 C	-9.45033649 -15.98822263 3.40000000
 C	12.56813362 -13.67398816 3.40000000
 C	0.33561217 -14.95967798 3.40000000
 C	2.78218496 -14.70253281 3.40000000
 C	-11.89690928 -16.24536779 3.40000000
 C	15.01470641 -13.41684300 3.40000000
 C	-14.34348208 -16.50251295 3.40000000
 C	17.46127921 -13.15969784 3.40000000
 C	-16.79005487 -16.75965811 3.40000000
 C	19.90785200 -12.90255268 3.40000000
 C	-19.23645641 -17.01678528 3.40000000
 C	22.35425354 -12.64542551 3.40000000
 C	-21.68302920 -17.27393044 3.40000000
 C	24.80082633 -12.38828035 3.40000000
 C	-24.12943074 -17.53105760 3.40000000
 C	27.24722787 -12.13115319 3.40000000
 C	-26.57600353 -17.78820276 3.40000000
 C	29.69380066 -11.87400803 3.40000000
 C	-29.02257632 -18.04534793 3.40000000
 C	32.14037345 -11.61686286 3.40000000
 C	-31.46914911 -18.30249309 3.40000000
 C	34.58694624 -11.35971770 3.40000000
 C	-33.91555065 -18.55962025 3.40000000
 C	37.03334778 -11.10259054 3.40000000
 C	-2.11096062 -15.21682314 3.40000000
 C	5.22875775 -14.44538765 3.40000000
 C	-4.55736216 -15.47395030 3.40000000
 C	7.67515929 -14.18826049 3.40000000
 C	-7.00393495 -15.73109546 3.40000000
 C	10.12173208 -13.93111533 3.40000000
 C	-9.59892645 -14.57585648 3.40000000
 C	12.41977201 -12.26159801 3.40000000
 C	0.18707930 -13.54730583 3.40000000
 C	2.63365209 -13.29016066 3.40000000
 C	-12.04544215 -14.83299564 3.40000000
 C	14.86617354 -12.00447085 3.40000000
 C	-14.49201495 -15.09014080 3.40000000
 C	17.31274634 -11.74732569 3.40000000
 C	-16.93841648 -15.34726796 3.40000000
 C	19.75926205 -11.49018653 3.40000000
 C	-19.38498928 -15.60441313 3.40000000
 C	22.20572067 -11.23305336 3.40000000
 C	-21.83156207 -15.86155829 3.40000000
 C	24.65229346 -10.97590820 3.40000000
 C	-24.27802069 -16.11869145 3.40000000
 C	27.09886625 -10.71876304 3.40000000
 C	-26.72453640 -16.37583061 3.40000000
 C	29.54526779 -10.46163588 3.40000000
 C	-29.17110919 -16.63297578 3.40000000
 C	31.99184058 -10.20449071 3.40000000
 C	-31.61751073 -16.89010294 3.40000000
 C	34.43835629 -9.94735155 3.40000000
 C	-34.06408352 -17.14724810 3.40000000
 C	36.88481491 -9.69021839 3.40000000
 C	-2.25932224 -13.80443299 3.40000000
 C	5.08016780 -13.03302150 3.40000000
 C	-4.70589503 -14.06157815 3.40000000
 C	7.52662642 -12.77588834 3.40000000
 C	-7.15246782 -14.31872331 3.40000000
 C	9.97319922 -12.51874318 3.40000000
 C	1.33613428 -12.71246852 3.40000000
 C	-10.89638717 -13.99815833 3.40000000
 C	13.56865573 -11.42677871 3.40000000
 C	-13.34295996 -14.25530349 3.40000000
 C	16.01522853 -11.16963354 3.40000000
 C	-15.78953276 -14.51244866 3.40000000
 C	18.46180132 -10.91248838 3.40000000
 C	-18.23593429 -14.76957582 3.40000000
 C	20.90837411 -10.65534322 3.40000000
 C	-20.68250709 -15.02672098 3.40000000
 C	23.35477565 -10.39821606 3.40000000
 C	-23.12890862 -15.28384814 3.40000000
 C	25.80134844 -10.14107089 3.40000000
 C	-1.11043851 -12.96961368 3.40000000
 C	3.78270708 -12.45532336 3.40000000
 C	-25.57548142 -15.54099331 3.40000000
 C	28.24774998 -9.88394373 3.40000000
 C	-28.02205421 -15.79813847 3.40000000
 C	30.69432277 -9.62679857 3.40000000
 C	-30.46862700 -16.05528363 3.40000000
 C	33.14089557 -9.36965341 3.40000000
 C	-32.91502854 -16.31241079 3.40000000
 C	35.58746836 -9.11250824 3.40000000
 C	38.03386989 -8.85538108 3.40000000
 C	-3.55684005 -13.22674084 3.40000000
 C	6.22927987 -12.19817819 3.40000000
 C	-6.00341284 -13.48388601 3.40000000
 C	8.67568140 -11.94105103 3.40000000
 C	-8.44981438 -13.74101317 3.40000000
 C	11.12225420 -11.68390587 3.40000000
 C	1.18767145 -11.29993906 3.40000000
 C	-11.04485000 -12.58562887 3.40000000
 C	13.42036416 -10.01423124 3.40000000
 C	-13.49142279 -12.84277403 3.40000000
 C	15.86676570 -9.75710408 3.40000000
 C	-15.93782433 -13.09990119 3.40000000
 C	18.31333849 -9.49995892 3.40000000
 C	-18.38439712 -13.35704636 3.40000000
 C	20.75985420 -9.24281976 3.40000000
 C	-20.83096991 -13.61419152 3.40000000
 C	23.20631282 -8.98568659 3.40000000
 C	-1.25873008 -11.55706622 3.40000000
 C	-23.27742854 -13.87132468 3.40000000
 C	25.65288561 -8.72854143 3.40000000
 C	3.63424425 -11.04279389 3.40000000
 C	-25.72394424 -14.12846384 3.40000000
 C	28.09945841 -8.47139627 3.40000000
 C	-28.17051704 -14.38560901 3.40000000
 C	30.54585994 -8.21426911 3.40000000
 C	-30.61691857 -14.64273617 3.40000000
 C	32.99243274 -7.95712394 3.40000000
 C	-33.06349137 -14.89988133 3.40000000
 C	35.43894844 -7.69998478 3.40000000
 C	37.88540707 -7.44285162 3.40000000
 C	-3.70530288 -11.81421138 3.40000000
 C	6.08075995 -10.78565473 3.40000000
 C	-6.15187567 -12.07135654 3.40000000
 C	8.52721858 -10.52852157 3.40000000
 C	-8.59833429 -12.32848971 3.40000000
 C	10.97379137 -10.27137641 3.40000000
 C	-9.89579502 -11.75079156 3.40000000
 C	12.12284635 -9.43653910 3.40000000
 C	-0.10984636 -10.72224691 3.40000000
 C	2.33672644 -10.46510175 3.40000000
 C	-12.34236781 -12.00793672 3.40000000
 C	14.56924789 -9.17941194 3.40000000
 C	-14.78894060 -12.26508189 3.40000000
 C	17.01582068 -8.92226677 3.40000000
 C	-17.23534214 -12.52220905 3.40000000
 C	19.46239347 -8.66512161 3.40000000
 C	-19.68191493 -12.77935421 3.40000000
 C	21.90896627 -8.40797645 3.40000000
 C	-22.12831647 -13.03648137 3.40000000
 C	24.35536780 -8.15084929 3.40000000
 C	-24.57488926 -13.29362654 3.40000000
 C	26.80194060 -7.89370412 3.40000000
 C	-27.02146205 -13.55077170 3.40000000
 C	29.24834213 -7.63657696 3.40000000
 C	-29.46803485 -13.80791686 3.40000000
 C	31.69491493 -7.37943180 3.40000000
 C	-31.91443638 -14.06504402 3.40000000
 C	34.14148772 -7.12228664 3.40000000
 C	36.58806051 -6.86514147 3.40000000
 C	-2.55624789 -10.97937407 3.40000000
 C	4.78329923 -10.20795659 3.40000000
 C	39.03446205 -6.60801431 3.40000000
 C	-5.00282069 -11.23651924 3.40000000
 C	7.22987202 -9.95081142 3.40000000
 C	-7.44922222 -11.49364640 3.40000000
 C	9.67627356 -9.69368426 3.40000000
 C	-10.04425785 -10.33826210 3.40000000
 C	11.97438352 -8.02400964 3.40000000
 C	-0.25813793 -9.30969945 3.40000000
 C	2.18826361 -9.05257229 3.40000000
 C	-12.49083064 -10.59540726 3.40000000
 C	14.42095632 -7.76686447 3.40000000
 C	-14.93723217 -10.85253442 3.40000000
 C	16.86735785 -7.50973731 3.40000000
 C	-17.38380497 -11.10967959 3.40000000
 C	19.31393064 -7.25259215 3.40000000
 C	-19.83037776 -11.36682475 3.40000000
 C	21.76044635 -6.99545299 3.40000000
 C	-22.27683638 -11.62395791 3.40000000
 C	24.20690497 -6.73831982 3.40000000
 C	-24.72335209 -11.88109707 3.40000000
 C	26.65347777 -6.48117466 3.40000000
 C	-27.16992488 -12.13824224 3.40000000
 C	29.10005056 -6.22402950 3.40000000
 C	-29.61632642 -12.39536940 3.40000000
 C	31.54645210 -5.96690234 3.40000000
 C	-32.06289921 -12.65251456 3.40000000
 C	33.99302489 -5.70975717 3.40000000
 C	36.43954060 -5.45261801 3.40000000
 C	-2.70471072 -9.56684461 3.40000000
 C	4.63483640 -8.79542712 3.40000000
 C	38.88599922 -5.19548485 3.40000000
 C	-5.15128352 -9.82398977 3.40000000
 C	7.08135211 -8.53828796 3.40000000
 C	-7.59774214 -10.08112294 3.40000000
 C	9.52781073 -8.28115480 3.40000000
 C	0.89067576 -8.47503745 3.40000000
 C	-11.34184570 -9.76072727 3.40000000
 C	13.12336846 -7.18932964 3.40000000
 C	15.56977000 -6.93220248 3.40000000
 C	-13.78841849 -10.01787243 3.40000000
 C	-16.23482003 -10.27499959 3.40000000
 C	18.01634279 -6.67505732 3.40000000
 C	-18.68139282 -10.53214475 3.40000000
 C	20.46291559 -6.41791215 3.40000000
 C	-21.12779435 -10.78927192 3.40000000
 C	22.90948838 -6.16076699 3.40000000
 C	-1.55572578 -8.73216462 3.40000000
 C	3.33724855 -8.21789229 3.40000000
 C	-23.57436715 -11.04641708 3.40000000
 C	25.35588992 -5.90363983 3.40000000
 C	-26.02093994 -11.30356224 3.40000000
 C	27.80246271 -5.64649467 3.40000000
 C	30.24886425 -5.38936750 3.40000000
 C	-28.46751273 -11.56070740 3.40000000
 C	-30.91391427 -11.81783457 3.40000000
 C	32.69543704 -5.13222234 3.40000000
 C	35.14200983 -4.87507718 3.40000000
 C	37.58858263 -4.61793202 3.40000000
 C	40.03498416 -4.36080485 3.40000000
 C	-4.00229857 -8.98930978 3.40000000
 C	5.78382134 -7.96074713 3.40000000
 C	-6.44870011 -9.24643694 3.40000000
 C	8.23039414 -7.70360197 3.40000000
 C	-8.89527290 -9.50358210 3.40000000
 C	10.67679567 -7.44647480 3.40000000
 C	0.74238418 -7.06248999 3.40000000
 C	-11.49030852 -8.34819780 3.40000000
 C	12.97490564 -5.77680018 3.40000000
 C	-13.93671006 -8.60532497 3.40000000
 C	15.42147843 -5.51965502 3.40000000
 C	-16.38328285 -8.86247013 3.40000000
 C	17.86787997 -5.26252785 3.40000000
 C	-18.82985565 -9.11961529 3.40000000
 C	20.31445276 -5.00538269 3.40000000
 C	-21.27631427 -9.37674845 3.40000000
 C	22.76096847 -4.74824353 3.40000000
 C	-1.70418861 -7.31963515 3.40000000
 C	3.18878572 -6.80536283 3.40000000
 C	-23.72282998 -9.63388762 3.40000000
 C	25.20742709 -4.49111037 3.40000000
 C	-26.16940277 -9.89103278 3.40000000
 C	27.65399988 -4.23396520 3.40000000
 C	-28.61580431 -10.14815994 3.40000000
 C	30.10057267 -3.97682004 3.40000000
 C	-31.06237710 -10.40530510 3.40000000
 C	32.54697421 -3.71969288 3.40000000
 C	34.99354700 -3.46254772 3.40000000
 C	37.44006271 -3.20540855 3.40000000
 C	39.88652133 -2.94827539 3.40000000
 C	-4.15076140 -7.57678032 3.40000000
 C	5.63535851 -6.54821767 3.40000000
 C	-6.59722002 -7.83391348 3.40000000
 C	8.08187422 -6.29107850 3.40000000
 C	-9.04373573 -8.09105264 3.40000000
 C	10.52833284 -6.03394534 3.40000000
 C	-10.34125354 -7.51336049 3.40000000
 C	11.67738782 -5.19910802 3.40000000
 C	-0.55513363 -6.48479784 3.40000000
 C	1.89126791 -6.22767067 3.40000000
 C	-12.78782634 -7.77050565 3.40000000
 C	14.12396062 -4.94196286 3.40000000
 C	-15.23422787 -8.02763281 3.40000000
 C	16.57036215 -4.68483570 3.40000000
 C	-17.68080067 -8.28477797 3.40000000
 C	19.01693495 -4.42769054 3.40000000
 C	-20.12720220 -8.54190514 3.40000000
 C	21.46350774 -4.17054537 3.40000000
 C	-22.57377500 -8.79905030 3.40000000
 C	23.91008053 -3.91340021 3.40000000
 C	-25.02034779 -9.05619546 3.40000000
 C	26.35648207 -3.65627305 3.40000000
 C	-27.46692058 -9.31334062 3.40000000
 C	28.80305486 -3.39912789 3.40000000
 C	-29.91332212 -9.57046779 3.40000000
 C	31.24945640 -3.14200072 3.40000000
 C	33.69602919 -2.88485556 3.40000000
 C	36.14260199 -2.62771040 3.40000000
 C	-3.00170642 -6.74194300 3.40000000
 C	4.33784070 -5.97052551 3.40000000
 C	38.58917478 -2.37056524 3.40000000
 C	41.03557631 -2.11343807 3.40000000
 C	-5.44810796 -6.99907016 3.40000000
 C	6.78441349 -5.71338035 3.40000000
 C	-7.89468075 -7.25621532 3.40000000
 C	9.23098629 -5.45623519 3.40000000
 C	-10.48971637 -6.10083103 3.40000000
 C	11.52892500 -3.78657857 3.40000000
 C	-0.70359646 -5.07226838 3.40000000
 C	1.74297634 -4.81512322 3.40000000
 C	-12.93611791 -6.35795820 3.40000000
 C	13.97549779 -3.52943341 3.40000000
 C	-15.38269070 -6.61510336 3.40000000
 C	16.42207058 -3.27228825 3.40000000
 C	-17.82926349 -6.87224852 3.40000000
 C	18.86847212 -3.01516108 3.40000000
 C	-20.27572212 -7.12938168 3.40000000
 C	21.31504491 -2.75801592 3.40000000
 C	-22.72223782 -7.38652085 3.40000000
 C	23.76156062 -2.50087676 3.40000000
 C	-25.16881062 -7.64366601 3.40000000
 C	26.20801924 -2.24374360 3.40000000
 C	-27.61521215 -7.90079317 3.40000000
 C	28.65459203 -1.98659843 3.40000000
 C	-30.06178495 -8.15793833 3.40000000
 C	31.10116483 -1.72945327 3.40000000
 C	33.54756636 -1.47232611 3.40000000
 C	35.99413916 -1.21518095 3.40000000
 C	-3.15016925 -5.32941355 3.40000000
 C	4.18937787 -4.55799606 3.40000000
 C	38.44065486 -0.95804178 3.40000000
 C	40.88711349 -0.70090862 3.40000000
 C	-5.59662787 -5.58654671 3.40000000
 C	6.63595067 -4.30085090 3.40000000
 C	-8.04314358 -5.84368587 3.40000000
 C	9.08246637 -4.04371173 3.40000000
 C	0.44545853 -4.23743107 3.40000000
 C	-11.78723418 -5.52313888 3.40000000
 C	12.67797998 -2.95174125 3.40000000
 C	-14.23363572 -5.78026604 3.40000000
 C	15.12455277 -2.69459609 3.40000000
 C	-16.68020851 -6.03741120 3.40000000
 C	17.57095431 -2.43746893 3.40000000
 C	-19.12661005 -6.29453837 3.40000000
 C	20.01752710 -2.18032377 3.40000000
 C	-21.57318284 -6.55168353 3.40000000
 C	22.46409989 -1.92317860 3.40000000
 C	-2.00111427 -4.49457623 3.40000000
 C	2.89186006 -3.98030390 3.40000000
 C	-24.01975563 -6.80882869 3.40000000
 C	24.91067269 -1.66603344 3.40000000
 C	-26.46632843 -7.06597385 3.40000000
 C	27.35707422 -1.40890628 3.40000000
 C	-28.91272996 -7.32310102 3.40000000
 C	29.80364702 -1.15176112 3.40000000
 C	32.25004855 -0.89463395 3.40000000
 C	34.69662135 -0.63748879 3.40000000
 C	37.14319414 -0.38034363 3.40000000
 C	39.58976693 -0.12319847 3.40000000
 C	42.03616847 0.13392870 3.40000000
 C	-4.44751580 -4.75170339 3.40000000
 C	5.33843286 -3.72315874 3.40000000
 C	-6.89408860 -5.00884855 3.40000000
 C	7.78500565 -3.46601358 3.40000000
 C	-9.34066139 -5.26599372 3.40000000
 C	10.23157844 -3.20886842 3.40000000
 C	0.29697235 -2.82495404 3.40000000
 C	-11.93554910 -4.11064385 3.40000000
 C	12.52949380 -1.53926423 3.40000000
 C	-14.38212189 -4.36778902 3.40000000
 C	14.97606660 -1.28211907 3.40000000
 C	-16.82869469 -4.62493418 3.40000000
 C	17.42263939 -1.02497390 3.40000000
 C	-19.27515331 -4.88206734 3.40000000
 C	19.86904092 -0.76784674 3.40000000
 C	-21.72166902 -5.13920650 3.40000000
 C	22.31561372 -0.51070158 3.40000000
 C	-24.16824181 -5.39635167 3.40000000
 C	-2.14960044 -3.08209920 3.40000000
 C	24.76212943 -0.25356242 3.40000000
 C	2.74354514 -2.56780888 3.40000000
 C	-26.61464335 -5.65347883 3.40000000
 C	27.20858805 0.00357075 3.40000000
 C	-29.06121614 -5.91062399 3.40000000
 C	29.65516084 0.26071591 3.40000000
 C	32.10173363 0.51786107 3.40000000
 C	34.54813517 0.77498823 3.40000000
 C	36.99470796 1.03213340 3.40000000
 C	39.44122367 1.28927256 3.40000000
 C	41.88768229 1.54640572 3.40000000
 C	-4.59605906 -3.33923237 3.40000000
 C	5.18994668 -2.31068172 3.40000000
 C	-7.04257477 -3.59637153 3.40000000
 C	7.63651947 -2.05353655 3.40000000
 C	-9.48914757 -3.85351669 3.40000000
 C	10.08303518 -1.79639739 3.40000000
 C	-10.78664203 -3.27577211 3.40000000
 C	11.23217060 -0.96150165 3.40000000
 C	-1.00052211 -2.24720946 3.40000000
 C	1.44605068 -1.99006430 3.40000000
 C	-13.23304357 -3.53289927 3.40000000
 C	13.67857213 -0.70437448 3.40000000
 C	-15.67961636 -3.79004443 3.40000000
 C	16.12514492 -0.44722932 3.40000000
 C	-18.12601790 -4.04717160 3.40000000
 C	18.57154646 -0.19010216 3.40000000
 C	-20.57259069 -4.30431676 3.40000000
 C	21.01811925 0.06704301 3.40000000
 C	-23.01916348 -4.56146192 3.40000000
 C	23.46469205 0.32418817 3.40000000
 C	-25.46573627 -4.81860708 3.40000000
 C	25.91126484 0.58133333 3.40000000
 C	-27.91213781 -5.07573425 3.40000000
 C	28.35766638 0.83846049 3.40000000
 C	30.80423917 1.09560565 3.40000000
 C	33.25064071 1.35273282 3.40000000
 C	35.69721350 1.60987798 3.40000000
 C	-3.44692365 -2.50433662 3.40000000
 C	3.89245222 -1.73293713 3.40000000
 C	38.14378629 1.86702314 3.40000000
 C	40.59035909 2.12416830 3.40000000
 C	43.03676062 2.38129547 3.40000000
 C	-5.89349644 -2.76148178 3.40000000
 C	6.33902501 -1.47579197 3.40000000
 C	-8.34006924 -3.01862695 3.40000000
 C	8.78559780 -1.21864681 3.40000000
 C	-10.93500364 -1.86338196 3.40000000
 C	11.08358064 0.45086450 3.40000000
 C	-1.14905498 -0.83483731 3.40000000
 C	1.29751781 -0.57769215 3.40000000
 C	-13.38157643 -2.12052712 3.40000000
 C	13.53003926 0.70799767 3.40000000
 C	-15.82814923 -2.37767228 3.40000000
 C	15.97661206 0.96514283 3.40000000
 C	-18.27460785 -2.63480545 3.40000000
 C	18.42318485 1.22228799 3.40000000
 C	-20.72112356 -2.89194461 3.40000000
 C	20.86958639 1.47941515 3.40000000
 C	-23.16769635 -3.14908977 3.40000000
 C	23.31615918 1.73656032 3.40000000
 C	-25.61409789 -3.40621693 3.40000000
 C	25.76267489 1.99369948 3.40000000
 C	-28.06067068 -3.66336210 3.40000000
 C	28.20913351 2.25083264 3.40000000
 C	30.65570630 2.50797780 3.40000000
 C	33.10227909 2.76512297 3.40000000
 C	35.54868063 3.02225013 3.40000000
 C	-3.59551360 -1.09197047 3.40000000
 C	3.74409060 -0.32054698 3.40000000
 C	37.99525342 3.27939529 3.40000000
 C	40.44176913 3.53653445 3.40000000
 C	42.88822775 3.79366762 3.40000000
 C	-6.04202931 -1.34910963 3.40000000
 C	6.19049214 -0.06341982 3.40000000
 C	-8.48860211 -1.60625480 3.40000000
 C	8.63706493 0.19372534 3.40000000
 C	0.00000000 0.00000000 3.40000000
 C	-12.23252145 -1.28568981 3.40000000
 C	12.23269271 1.28570781 3.40000000
 C	-14.67909425 -1.54283498 3.40000000
 C	14.67909425 1.54283498 3.40000000
 C	-17.12549578 -1.79996214 3.40000000
 C	17.12566704 1.79998014 3.40000000
 C	-19.57206857 -2.05710730 3.40000000
 C	19.57206857 2.05710730 3.40000000
 C	-22.01864137 -2.31425246 3.40000000
 C	22.01864137 2.31425246 3.40000000
 C	-2.44640154 -0.25712716 3.40000000
 C	-24.46521416 -2.57139762 3.40000000
 C	24.46521416 2.57139762 3.40000000
 C	2.44657279 0.25714516 3.40000000
 C	-26.91161570 -2.82852479 3.40000000
 C	26.91178695 2.82854279 3.40000000
 C	29.35818849 3.08566995 3.40000000
 C	31.80476128 3.34281511 3.40000000
 C	34.25116282 3.59994228 3.40000000
 C	36.69773561 3.85708744 3.40000000
 C	39.14430841 4.11423260 3.40000000
 C	41.59088120 4.37137776 3.40000000
 C	44.03728274 4.62850493 3.40000000
 C	-4.89297433 -0.51427233 3.40000000
 C	4.89297433 0.51427233 3.40000000
 C	-7.33954712 -0.77141749 3.40000000
 C	7.33954712 0.77141749 3.40000000
 C	-9.78611992 -1.02856265 3.40000000
 C	9.78611992 1.02856265 3.40000000
 C	-0.14846283 1.41252946 3.40000000
 C	-12.38098428 0.12683965 3.40000000
 C	12.08417279 2.69823128 3.40000000
 C	-14.82755707 -0.13030551 3.40000000
 C	14.53063142 2.95536444 3.40000000
 C	-17.27401570 -0.38743867 3.40000000
 C	16.97720421 3.21250960 3.40000000
 C	-19.72053140 -0.64457784 3.40000000
 C	19.42377700 3.46965476 3.40000000
 C	-22.16710420 -0.90172300 3.40000000
 C	21.87017854 3.72678193 3.40000000
 C	-2.59492145 1.15539630 3.40000000
 C	-24.61350573 -1.15885016 3.40000000
 C	24.31675133 3.98392709 3.40000000
 C	2.29810996 1.66967463 3.40000000
 C	-27.06007853 -1.41599532 3.40000000
 C	26.76326704 4.24106625 3.40000000
 C	29.20972566 4.49819941 3.40000000
 C	31.65629845 4.75534458 3.40000000
 C	34.10287125 5.01248974 3.40000000
 C	36.54927278 5.26961690 3.40000000
 C	38.99584558 5.52676206 3.40000000
 C	41.44236128 5.78390123 3.40000000
 C	43.88881991 6.04103439 3.40000000
 C	-5.04143716 0.89825714 3.40000000
 C	4.74468276 1.92681979 3.40000000
 C	-7.48800995 0.64111198 3.40000000
 C	7.19108429 2.18394695 3.40000000
 C	-9.93441149 0.38398481 3.40000000
 C	9.63765709 2.44109211 3.40000000
 C	-11.23192930 0.96167696 3.40000000
 C	10.78671207 3.27592942 3.40000000
 C	-1.44580938 1.99023961 3.40000000
 C	1.00059215 2.24736677 3.40000000
 C	-13.67850209 0.70453180 3.40000000
 C	13.23328486 3.53307458 3.40000000
 C	-16.12490363 0.44740463 3.40000000
 C	15.67968640 3.79020175 3.40000000
 C	-18.57147642 0.19025947 3.40000000
 C	18.12625919 4.04734691 3.40000000
 C	-21.01804921 -0.06688569 3.40000000
 C	20.57266073 4.30447407 3.40000000
 C	-23.46462201 -0.32403085 3.40000000
 C	23.01923352 4.56161923 3.40000000
 C	-25.91102354 -0.58115802 3.40000000
 C	25.46580631 4.81876440 3.40000000
 C	27.91237911 5.07590956 3.40000000
 C	30.35878064 5.33303672 3.40000000
 C	32.80535344 5.59018188 3.40000000
 C	35.25175497 5.84730905 3.40000000
 C	-3.89238218 1.73309445 3.40000000
 C	3.44716495 2.50451193 3.40000000
 C	37.69832777 6.10445421 3.40000000
 C	40.14490056 6.36159937 3.40000000
 C	42.59147335 6.61874453 3.40000000
 C	45.03787489 6.87587170 3.40000000
 C	-6.33895497 1.47594928 3.40000000
 C	5.89356648 2.76163910 3.40000000
 C	-8.78552776 1.21880412 3.40000000
 C	8.34013928 3.01878426 3.40000000
 C	-11.38039213 2.37420642 3.40000000
 C	10.63824924 4.68845888 3.40000000
 C	-1.59432930 3.40276307 3.40000000
 C	0.85212932 3.65989623 3.40000000
 C	-13.82696492 2.11706126 3.40000000
 C	13.08476495 4.94559805 3.40000000
 C	-16.27342354 1.85992810 3.40000000
 C	15.53122357 5.20273121 3.40000000
 C	-18.71993925 1.60278893 3.40000000
 C	17.97779636 5.45987637 3.40000000
 C	-21.16651204 1.34564377 3.40000000
 C	20.42436916 5.71702153 3.40000000
 C	-23.61291358 1.08851661 3.40000000
 C	22.87077069 5.97414870 3.40000000
 C	-26.05948637 0.83137145 3.40000000
 C	25.31734349 6.23129386 3.40000000
 C	27.76385919 6.48843302 3.40000000
 C	30.21031781 6.74556618 3.40000000
 C	32.65689061 7.00271135 3.40000000
 C	35.10346340 7.25985651 3.40000000
 C	-4.04084500 3.14562391 3.40000000
 C	3.29870212 3.91704140 3.40000000
 C	37.54986494 7.51698367 3.40000000
 C	39.99643773 7.77412883 3.40000000
 C	42.44295344 8.03126800 3.40000000
 C	44.88941206 8.28840116 3.40000000
 C	-6.48741780 2.88847875 3.40000000
 C	5.74527491 4.17418656 3.40000000
 C	-8.93381933 2.63135158 3.40000000
 C	8.19167645 4.43131372 3.40000000
 C	-0.44528727 4.23744907 3.40000000
 C	-12.67797998 2.95174125 3.40000000
 C	11.78723418 5.52313888 3.40000000
 C	-15.12438151 2.69461409 3.40000000
 C	14.23380698 5.78028404 3.40000000
 C	-17.57095431 2.43746893 3.40000000
 C	16.68020851 6.03741120 3.40000000
 C	-20.01752710 2.18032377 3.40000000
 C	19.12678131 6.29455637 3.40000000
 C	21.57318284 6.55168353 3.40000000
 C	-22.46409989 1.92317860 3.40000000
 C	-2.89186006 3.98030390 3.40000000
 C	2.00111427 4.49457623 3.40000000
 C	-24.91050143 1.66605144 3.40000000
 C	24.01975563 6.80882869 3.40000000
 C	26.46632843 7.06597385 3.40000000
 C	28.91290122 7.32311902 3.40000000
 C	31.35930276 7.58024618 3.40000000
 C	33.80587555 7.83739134 3.40000000
 C	36.25227709 8.09451850 3.40000000
 C	38.69884988 8.35166367 3.40000000
 C	41.14542267 8.60880883 3.40000000
 C	43.59199547 8.86595399 3.40000000
 C	46.03839700 9.12308115 3.40000000
 C	-5.33843286 3.72315874 3.40000000
 C	4.44768706 4.75172139 3.40000000
 C	6.89408860 5.00884855 3.40000000
 C	-7.78500565 3.46601358 3.40000000
 C	-10.23140718 3.20888642 3.40000000
 C	9.34066139 5.26599372 3.40000000
 C	-0.59380718 5.64997253 3.40000000
 C	-12.82644281 4.36427072 3.40000000
 C	11.63877135 6.93566834 3.40000000
 C	-15.27290143 4.10713755 3.40000000
 C	14.08528706 7.19280750 3.40000000
 C	-17.71941714 3.84999839 3.40000000
 C	16.53174568 7.44994067 3.40000000
 C	-20.16598993 3.59285323 3.40000000
 C	18.97831848 7.70708583 3.40000000
 C	-22.61239147 3.33572607 3.40000000
 C	21.42489127 7.96423099 3.40000000
 C	-3.04032289 5.39283337 3.40000000
 C	1.85265144 5.90710569 3.40000000
 C	-25.05896426 3.07858090 3.40000000
 C	23.87129281 8.22135815 3.40000000
 C	26.31786560 8.47850332 3.40000000
 C	28.76438131 8.73564248 3.40000000
 C	31.21083993 8.99277564 3.40000000
 C	33.65741272 9.24992080 3.40000000
 C	36.10398551 9.50706597 3.40000000
 C	38.55038705 9.76419313 3.40000000
 C	40.99695984 10.02133829 3.40000000
 C	43.44347555 10.27847745 3.40000000
 C	45.88993417 10.53561062 3.40000000
 C	-5.48689568 5.13568820 3.40000000
 C	4.29922423 6.16425085 3.40000000
 C	-7.93329722 4.87856104 3.40000000
 C	6.74579702 6.42139602 3.40000000
 C	-10.37987001 4.62141588 3.40000000
 C	9.19219856 6.67852318 3.40000000
 C	-11.67738783 5.19910803 3.40000000
 C	10.34125354 7.51336050 3.40000000
 C	-1.89126791 6.22767068 3.40000000
 C	0.55530488 6.48481585 3.40000000
 C	-14.12378936 4.94198087 3.40000000
 C	12.78782634 7.77050566 3.40000000
 C	-16.57036215 4.68483571 3.40000000
 C	15.23439913 8.02765082 3.40000000
 C	-19.01693495 4.42769055 3.40000000
 C	17.68080066 8.28477798 3.40000000
 C	-21.46350774 4.17054538 3.40000000
 C	20.12737346 8.54192315 3.40000000
 C	-23.90990928 3.91341822 3.40000000
 C	22.57377499 8.79905031 3.40000000
 C	25.02034779 9.05619547 3.40000000
 C	27.46692058 9.31334063 3.40000000
 C	29.91349337 9.57048580 3.40000000
 C	32.35989491 9.82761296 3.40000000
 C	34.80646770 10.08475812 3.40000000
 C	-4.33784070 5.97052552 3.40000000
 C	3.00170642 6.74194301 3.40000000
 C	37.25286924 10.34188528 3.40000000
 C	39.69944203 10.59903045 3.40000000
 C	42.14601483 10.85617561 3.40000000
 C	44.59258762 11.11332077 3.40000000
 C	47.03898916 11.37044793 3.40000000
 C	-6.78441350 5.71338036 3.40000000
 C	5.44827921 6.99908817 3.40000000
 C	-9.23081503 5.45625320 3.40000000
 C	7.89468075 7.25621533 3.40000000
 C	-11.82585065 6.61163749 3.40000000
 C	10.19279071 8.92588995 3.40000000
 C	-2.03973074 7.64020014 3.40000000
 C	0.40678497 7.89733930 3.40000000
 C	-14.27230928 6.35450432 3.40000000
 C	12.63936351 9.18303511 3.40000000
 C	-16.71882498 6.09736516 3.40000000
 C	15.08587921 9.44017427 3.40000000
 C	-19.16539778 5.84022000 3.40000000
 C	17.53233784 9.69730744 3.40000000
 C	-21.61179931 5.58309284 3.40000000
 C	19.97891063 9.95445260 3.40000000
 C	-24.05837211 5.32594767 3.40000000
 C	22.42548342 10.21159776 3.40000000
 C	24.87188496 10.46872492 3.40000000
 C	27.31845775 10.72587009 3.40000000
 C	29.76497346 10.98300925 3.40000000
 C	32.21143208 11.24014241 3.40000000
 C	34.65800488 11.49728757 3.40000000
 C	-4.48630353 7.38305497 3.40000000
 C	2.85324359 8.15447246 3.40000000
 C	37.10457767 11.75443274 3.40000000
 C	39.55097920 12.01155990 3.40000000
 C	41.99755200 12.26870506 3.40000000
 C	44.44406771 12.52584422 3.40000000
 C	46.89052633 12.78297739 3.40000000
 C	-6.93270507 7.12592781 3.40000000
 C	5.29981638 8.41161762 3.40000000
 C	-9.37927786 6.86878265 3.40000000
 C	7.74638918 8.66876279 3.40000000
 C	-0.89067576 8.47503745 3.40000000
 C	-13.12319721 7.18934764 3.40000000
 C	11.34184570 9.76072727 3.40000000
 C	-15.56977000 6.93220248 3.40000000
 C	13.78841849 10.01787243 3.40000000
 C	-18.01634279 6.67505732 3.40000000
 C	16.23499128 10.27501759 3.40000000
 C	-20.46291559 6.41791215 3.40000000
 C	18.68139282 10.53214475 3.40000000
 C	-22.90931712 6.16078499 3.40000000
 C	21.12796561 10.78928992 3.40000000
 C	-3.33724855 8.21789229 3.40000000
 C	23.57436715 11.04641708 3.40000000
 C	1.55589704 8.73218262 3.40000000
 C	26.02093994 11.30356224 3.40000000
 C	28.46751273 11.56070740 3.40000000
 C	30.91408553 11.81785257 3.40000000
 C	33.36048706 12.07497973 3.40000000
 C	35.80705986 12.33212489 3.40000000
 C	38.25346139 12.58925205 3.40000000
 C	40.70003419 12.84639722 3.40000000
 C	43.14660698 13.10354238 3.40000000
 C	45.59317977 13.36068754 3.40000000
 C	48.03958131 13.61781470 3.40000000
 C	-5.78382134 7.96074713 3.40000000
 C	4.00229857 8.98930978 3.40000000
 C	-8.23022288 7.70361997 3.40000000
 C	6.44887137 9.24645494 3.40000000
 C	-10.67679567 7.44647480 3.40000000
 C	8.89527290 9.50358210 3.40000000
 C	-1.03916193 9.88751448 3.40000000
 C	-13.27174047 8.60181867 3.40000000
 C	11.19335952 11.17320429 3.40000000
 C	-15.71825618 8.34467950 3.40000000
 C	13.63993231 11.43034945 3.40000000
 C	-18.16482897 8.08753434 3.40000000
 C	16.08644802 11.68748862 3.40000000
 C	-20.61123051 7.83040718 3.40000000
 C	18.53290664 11.94462178 3.40000000
 C	-23.05780330 7.57326202 3.40000000
 C	20.97947944 12.20176694 3.40000000
 C	-3.48573472 9.63036932 3.40000000
 C	23.42605223 12.45891210 3.40000000
 C	1.40735378 10.14465364 3.40000000
 C	25.87245377 12.71603927 3.40000000
 C	28.31902656 12.97318443 3.40000000
 C	30.76554227 13.23032359 3.40000000
 C	33.21200089 13.48745675 3.40000000
 C	35.65857368 13.74460192 3.40000000
 C	38.10514647 14.00174708 3.40000000
 C	40.55154801 14.25887424 3.40000000
 C	42.99812080 14.51601940 3.40000000
 C	45.44463651 14.77315857 3.40000000
 C	-5.93213626 9.37324215 3.40000000
 C	47.89109513 15.03029173 3.40000000
 C	3.85381240 10.40178680 3.40000000
 C	-8.37870905 9.11609699 3.40000000
 C	6.30038519 10.65893197 3.40000000
 C	-10.82528185 8.85895183 3.40000000
 C	8.74695798 10.91607713 3.40000000
 C	-12.12260505 9.43671441 3.40000000
 C	9.89586506 11.75094887 3.40000000
 C	-2.33665640 10.46525906 3.40000000
 C	0.10991640 10.72240422 3.40000000
 C	-14.56917785 9.17956925 3.40000000
 C	12.34243785 12.00809404 3.40000000
 C	-17.01575064 8.92242409 3.40000000
 C	14.78901064 12.26523920 3.40000000
 C	-19.46232343 8.66527892 3.40000000
 C	17.23558344 12.52238436 3.40000000
 C	-21.90872497 8.40815176 3.40000000
 C	19.68198497 12.77951152 3.40000000
 C	22.12855777 13.03665669 3.40000000
 C	24.57495930 13.29378385 3.40000000
 C	27.02153209 13.55092901 3.40000000
 C	29.46810489 13.80807417 3.40000000
 C	31.91467768 14.06521934 3.40000000
 C	34.36107922 14.32234650 3.40000000
 C	-4.78322919 10.20811390 3.40000000
 C	2.55648919 10.97954939 3.40000000
 C	36.80765201 14.57949166 3.40000000
 C	39.25405355 14.83661882 3.40000000
 C	41.70062634 15.09376399 3.40000000
 C	44.14719913 15.35090915 3.40000000
 C	46.59377193 15.60805431 3.40000000
 C	49.04017346 15.86518147 3.40000000
 C	-7.22963073 9.95098674 3.40000000
 C	5.00289073 11.23667655 3.40000000
 C	-9.67620352 9.69384157 3.40000000
 C	7.44946352 11.49382171 3.40000000
 C	-12.27119501 10.84908056 3.40000000
 C	9.74750344 13.16333902 3.40000000
 C	-2.48518926 11.87763121 3.40000000
 C	-0.03861647 12.13477637 3.40000000
 C	-14.71771072 10.59194140 3.40000000
 C	12.19390498 13.42046619 3.40000000
 C	-17.16428351 10.33479624 3.40000000
 C	14.64047777 13.67761135 3.40000000
 C	-19.61068505 10.07766907 3.40000000
 C	17.08699348 13.93475051 3.40000000
 C	-22.05725784 9.82052391 3.40000000
 C	19.53345210 14.19188367 3.40000000
 C	21.98002490 14.44902884 3.40000000
 C	24.42659769 14.70617400 3.40000000
 C	26.87299923 14.96330116 3.40000000
 C	29.31957202 15.22044632 3.40000000
 C	31.76608773 15.47758549 3.40000000
 C	34.21254635 15.73471865 3.40000000
 C	-4.93159080 11.62050405 3.40000000
 C	2.40789924 12.39191554 3.40000000
 C	36.65911914 15.99186381 3.40000000
 C	39.10569193 16.24900897 3.40000000
 C	41.55209347 16.50613614 3.40000000
 C	43.99866626 16.76328130 3.40000000
 C	46.44518197 17.02042046 3.40000000
 C	48.89164059 17.27755362 3.40000000
 C	-7.37816359 11.36335889 3.40000000
 C	4.85435786 12.64904870 3.40000000
 C	-9.82473639 11.10621372 3.40000000
 C	7.30093065 12.90619386 3.40000000
 C	-1.33613428 12.71246852 3.40000000
 C	-13.56865573 11.42677871 3.40000000
 C	10.89638717 13.99815833 3.40000000
 C	-16.01522853 11.16963354 3.40000000
 C	13.34295996 14.25530349 3.40000000
 C	-18.46180132 10.91248838 3.40000000
 C	15.78953276 14.51244866 3.40000000
 C	-20.90820286 10.65536122 3.40000000
 C	18.23610555 14.76959382 3.40000000
 C	20.68250709 15.02672098 3.40000000
 C	23.12907988 15.28386614 3.40000000
 C	-3.78270708 12.45532336 3.40000000
 C	1.11043851 12.96961368 3.40000000
 C	25.57548142 15.54099331 3.40000000
 C	28.02205421 15.79813847 3.40000000
 C	30.46862700 16.05528363 3.40000000
 C	32.91519979 16.31242879 3.40000000
 C	35.36160133 16.56955596 3.40000000
 C	37.80817412 16.82670112 3.40000000
 C	40.25457566 17.08382828 3.40000000
 C	42.70114845 17.34097344 3.40000000
 C	45.14772125 17.59811861 3.40000000
 C	-6.22910861 12.19819619 3.40000000
 C	47.59429404 17.85526377 3.40000000
 C	3.55701130 13.22675884 3.40000000
 C	50.04069558 18.11239093 3.40000000
 C	-8.67568140 11.94105103 3.40000000
 C	6.00341284 13.48388601 3.40000000
 C	-11.12208294 11.68392387 3.40000000
 C	8.44998563 13.74103117 3.40000000
 C	-1.48459711 14.12499798 3.40000000
 C	-13.71711856 12.83930817 3.40000000
 C	10.74809560 15.41070579 3.40000000
 C	-16.16369136 12.58216301 3.40000000
 C	13.19449713 15.66783296 3.40000000
 C	-18.61009289 12.32503584 3.40000000
 C	15.64106993 15.92497812 3.40000000
 C	-21.05666569 12.06789068 3.40000000
 C	18.08758563 16.18211728 3.40000000
 C	20.53404426 16.43925044 3.40000000
 C	-3.93099865 13.86787082 3.40000000
 C	22.98061705 16.69639561 3.40000000
 C	0.96197568 14.38214314 3.40000000
 C	25.42718984 16.95354077 3.40000000
 C	27.87359138 17.21066793 3.40000000
 C	30.32016417 17.46781309 3.40000000
 C	32.76667988 17.72495226 3.40000000
 C	35.21313850 17.98208542 3.40000000
 C	37.65971129 18.23923058 3.40000000
 C	40.10628409 18.49637574 3.40000000
 C	42.55268562 18.75350291 3.40000000
 C	44.99925842 19.01064807 3.40000000
 C	-6.37757144 13.61072566 3.40000000
 C	47.44577413 19.26778723 3.40000000
 C	3.40849139 14.63928231 3.40000000
 C	49.89223275 19.52492039 3.40000000
 C	-8.82414423 13.35358049 3.40000000
 C	5.85495001 14.89641547 3.40000000
 C	-11.27060286 13.09644733 3.40000000
 C	8.30152280 15.15356063 3.40000000
 C	-12.56806358 13.67414548 3.40000000
 C	9.45057779 15.98839794 3.40000000
 C	-2.78211492 14.70269013 3.40000000
 C	-0.33554213 14.95983529 3.40000000
 C	-15.01463637 13.41700031 3.40000000
 C	11.89697932 16.24552510 3.40000000
 C	-17.46120917 13.15985515 3.40000000
 C	14.34355212 16.50267026 3.40000000
 C	-19.90761070 12.90272799 3.40000000
 C	16.79012491 16.75981543 3.40000000
 C	19.23669770 17.01696059 3.40000000
 C	21.68309924 17.27408775 3.40000000
 C	24.12967203 17.53123291 3.40000000
 C	26.57607357 17.78836008 3.40000000
 C	29.02264636 18.04550524 3.40000000
 C	31.46921915 18.30265040 3.40000000
 C	33.91579195 18.55979556 3.40000000
 C	-5.22851646 14.44556296 3.40000000
 C	2.11103066 15.21698045 3.40000000
 C	36.36219348 18.81692273 3.40000000
 C	38.80876628 19.07406789 3.40000000
 C	41.25516781 19.33119505 3.40000000
 C	43.70174061 19.58834022 3.40000000
 C	46.14831340 19.84548538 3.40000000
 C	48.59488619 20.10263054 3.40000000
 C	51.04128773 20.35975770 3.40000000
 C	-7.67508925 14.18841780 3.40000000
 C	4.55760346 15.47412561 3.40000000
 C	-10.12149079 13.93129064 3.40000000
 C	7.00400499 15.73125278 3.40000000
 C	-12.71652641 15.08667494 3.40000000
 C	9.30211496 17.40092740 3.40000000
 C	-2.93040649 16.11523759 3.40000000
 C	-0.48400496 16.37236475 3.40000000
 C	-15.16309920 14.82952978 3.40000000
 C	11.74868775 17.65807257 3.40000000
 C	-17.60950074 14.57240262 3.40000000
 C	14.19508929 17.91519973 3.40000000
 C	-20.05607353 14.31525745 3.40000000
 C	16.64166208 18.17234489 3.40000000
 C	19.08817779 18.42948405 3.40000000
 C	21.53463641 18.68661722 3.40000000
 C	23.98120920 18.94376238 3.40000000
 C	26.42778200 19.20090754 3.40000000
 C	28.87418353 19.45803470 3.40000000
 C	31.32075633 19.71517987 3.40000000
 C	33.76727203 19.97231903 3.40000000
 C	-5.37697929 15.85809243 3.40000000
 C	1.96256784 16.62950992 3.40000000
 C	36.21373066 20.22945219 3.40000000
 C	38.66030345 20.48659735 3.40000000
 C	41.10687624 20.74374252 3.40000000
 C	43.55327778 21.00086968 3.40000000
 C	45.99985057 21.25801484 3.40000000
 C	48.44636628 21.51515400 3.40000000
 C	50.89282490 21.77228717 3.40000000
 C	-7.82355208 15.60094727 3.40000000
 C	4.40908354 16.88664908 3.40000000
 C	-10.27001070 15.34381410 3.40000000
 C	6.85554217 17.14378224 3.40000000
 C	-1.78159281 16.94989959 3.40000000
 C	-14.01411426 15.66420977 3.40000000
 C	10.45109990 18.23560740 3.40000000
 C	12.89750144 18.49273456 3.40000000
 C	-16.46068705 15.40706461 3.40000000
 C	-18.90708859 15.14993745 3.40000000
 C	15.34407423 18.74987972 3.40000000
 C	17.79064702 19.00702488 3.40000000
 C	20.23721982 19.26417005 3.40000000
 C	-4.22799434 16.69277242 3.40000000
 C	0.66497999 17.20704475 3.40000000
 C	22.68362135 19.52129721 3.40000000
 C	25.13019415 19.77844237 3.40000000
 C	27.57659568 20.03556954 3.40000000
 C	30.02316848 20.29271470 3.40000000
 C	32.46974127 20.54985986 3.40000000
 C	34.91631406 20.80700502 3.40000000
 C	37.36271560 21.06413219 3.40000000
 C	39.80928839 21.32127735 3.40000000
 C	42.25568993 21.57840451 3.40000000
 C	44.70226272 21.83554967 3.40000000
 C	47.14883551 22.09269484 3.40000000
 C	-6.67456714 16.43562726 3.40000000
 C	3.11155278 17.46418991 3.40000000
 C	49.59540831 22.34984000 3.40000000
 C	52.04180984 22.60696716 3.40000000
 C	-9.12096867 16.17850010 3.40000000
 C	5.55812557 17.72133507 3.40000000
 C	-11.56754147 15.92135493 3.40000000
 C	8.00452711 17.97846223 3.40000000
 C	-1.92988438 18.36244705 3.40000000
 C	-14.16257709 17.07673924 3.40000000
 C	10.30263707 19.64813686 3.40000000
 C	-16.60897863 16.81961207 3.40000000
 C	12.74920986 19.90528202 3.40000000
 C	-19.05555142 16.56246691 3.40000000
 C	15.19561140 20.16240919 3.40000000
 C	17.64218419 20.41955435 3.40000000
 C	20.08869990 20.67669351 3.40000000
 C	-4.37645717 18.10530189 3.40000000
 C	0.51651716 18.61957421 3.40000000
 C	22.53515852 20.93382667 3.40000000
 C	24.98173132 21.19097184 3.40000000
 C	27.42830411 21.44811700 3.40000000
 C	29.87470565 21.70524416 3.40000000
 C	32.32127844 21.96238932 3.40000000
 C	34.76779415 22.21952849 3.40000000
 C	37.21425277 22.47666165 3.40000000
 C	39.66082556 22.73380681 3.40000000
 C	42.10739836 22.99095197 3.40000000
 C	44.55379989 23.24807914 3.40000000
 C	47.00037268 23.50522430 3.40000000
 C	-6.82302997 17.84815672 3.40000000
 C	2.96308995 18.87671937 3.40000000
 C	49.44688839 23.76236346 3.40000000
 C	51.89334701 24.01949662 3.40000000
 C	-9.26948859 17.59102356 3.40000000
 C	5.40960566 19.13385854 3.40000000
 C	-11.71600430 17.33388440 3.40000000
 C	7.85606428 19.39099170 3.40000000
 C	-13.01352211 17.91157655 3.40000000
 C	9.00511926 20.22582902 3.40000000
 C	-3.22740219 18.94013920 3.40000000
 C	-0.78100066 19.19726637 3.40000000
 C	-15.46009490 17.65443139 3.40000000
 C	11.45169205 20.48297418 3.40000000
 C	-17.90649644 17.39730423 3.40000000
 C	13.89809359 20.74010134 3.40000000
 C	16.34466638 20.99724650 3.40000000
 C	18.79123918 21.25439167 3.40000000
 C	21.23781197 21.51153683 3.40000000
 C	23.68421351 21.76866399 3.40000000
 C	26.13078630 22.02580915 3.40000000
 C	28.57718783 22.28293632 3.40000000
 C	31.02376063 22.54008148 3.40000000
 C	33.47033342 22.79722664 3.40000000
 C	-5.67397498 18.68299404 3.40000000
 C	1.66557214 19.45441153 3.40000000
 C	35.91690621 23.05437180 3.40000000
 C	38.36330775 23.31149897 3.40000000
 C	40.80988054 23.56864413 3.40000000
 C	43.25628208 23.82577129 3.40000000
 C	45.70285487 24.08291645 3.40000000
 C	48.14942767 24.34006162 3.40000000
 C	50.59600046 24.59720678 3.40000000
 C	53.04240200 24.85433394 3.40000000
 C	-8.12037652 18.42586688 3.40000000
 C	4.11214493 19.71155669 3.40000000
 C	-10.56694931 18.16872172 3.40000000
 C	6.55871772 19.96870185 3.40000000
 C	-13.16198494 19.32410601 3.40000000
 C	8.85665643 21.63835847 3.40000000
 C	-3.37586502 20.35266866 3.40000000
 C	-0.92929223 20.60981382 3.40000000
 C	-15.60838647 19.06697884 3.40000000
 C	11.30322923 21.89550363 3.40000000
 C	-18.05495926 18.80983368 3.40000000
 C	13.74980202 22.15264879 3.40000000
 C	16.19620355 22.40977596 3.40000000
 C	18.64277635 22.66692112 3.40000000
 C	21.08929206 22.92406028 3.40000000
 C	23.53575068 23.18119344 3.40000000
 C	25.98232347 23.43833861 3.40000000
 C	28.42889626 23.69548377 3.40000000
 C	30.87529780 23.95261093 3.40000000
 C	33.32187059 24.20975609 3.40000000
 C	-5.82243781 20.09552349 3.40000000
 C	1.51710931 20.86694098 3.40000000
 C	35.76838630 24.46689526 3.40000000
 C	38.21484492 24.72402842 3.40000000
 C	40.66141772 24.98117358 3.40000000
 C	43.10799051 25.23831874 3.40000000
 C	45.55439205 25.49544591 3.40000000
 C	48.00096484 25.75259107 3.40000000
 C	50.44748055 26.00973023 3.40000000
 C	52.89393917 26.26686339 3.40000000
 C	-8.26889643 19.83839033 3.40000000
 C	3.96368210 21.12408614 3.40000000
 C	-10.71541214 19.58125117 3.40000000
 C	6.41019781 21.38122531 3.40000000
 C	-2.22681004 21.18750597 3.40000000
 C	-14.45950275 19.90179816 3.40000000
 C	10.00571141 22.47319579 3.40000000
 C	-16.90590428 19.64467100 3.40000000
 C	12.45228421 22.73034095 3.40000000
 C	14.89868574 22.98746811 3.40000000
 C	17.34525854 23.24461327 3.40000000
 C	19.79183133 23.50175844 3.40000000
 C	-4.67338283 20.93036081 3.40000000
 C	0.21959150 21.44463314 3.40000000
 C	22.23840412 23.75890360 3.40000000
 C	24.68480566 24.01603076 3.40000000
 C	27.13137845 24.27317592 3.40000000
 C	29.57777999 24.53030309 3.40000000
 C	32.02435278 24.78744825 3.40000000
 C	34.47092557 25.04459341 3.40000000
 C	36.91749837 25.30173857 3.40000000
 C	39.36389990 25.55886574 3.40000000
 C	41.81047270 25.81601090 3.40000000
 C	44.25687423 26.07313806 3.40000000
 C	-7.11978437 20.67323365 3.40000000
 C	46.70344703 26.33028322 3.40000000
 C	2.66616429 21.70177830 3.40000000
 C	49.15001982 26.58742839 3.40000000
 C	51.59659261 26.84457355 3.40000000
 C	54.04299415 27.10170071 3.40000000
 C	-9.56635716 20.41608849 3.40000000
 C	5.11273708 21.95892346 3.40000000
 C	-12.01292995 20.15894332 3.40000000
 C	7.55930988 22.21606862 3.40000000
 C	-2.37529621 22.59998300 3.40000000
 C	-14.60781767 21.31429319 3.40000000
 C	9.85722524 23.88567281 3.40000000
 C	-17.05439046 21.05714802 3.40000000
 C	12.30379803 24.14281797 3.40000000
 C	14.75037082 24.39996314 3.40000000
 C	17.19677236 24.65709030 3.40000000
 C	19.64334515 24.91423546 3.40000000
 C	-4.82186901 22.34283784 3.40000000
 C	22.08986086 25.17137462 3.40000000
 C	0.07127658 22.85712816 3.40000000
 C	24.53631948 25.42850779 3.40000000
 C	26.98289228 25.68565295 3.40000000
 C	29.42946507 25.94279811 3.40000000
 C	31.87586661 26.19992527 3.40000000
 C	34.32243940 26.45707044 3.40000000
 C	36.76895511 26.71420960 3.40000000
 C	39.21541373 26.97134276 3.40000000
 C	41.66198652 27.22848792 3.40000000
 C	44.10855931 27.48563309 3.40000000
 C	-7.26832763 22.08570467 3.40000000
 C	46.55496085 27.74276025 3.40000000
 C	2.51767812 23.11425532 3.40000000
 C	49.00153364 27.99990541 3.40000000
 C	51.44804935 28.25704457 3.40000000
 C	53.89450797 28.51417774 3.40000000
 C	-9.71484334 21.82856551 3.40000000
 C	4.96425091 23.37140049 3.40000000
 C	-12.16141613 21.57142035 3.40000000
 C	7.41076662 23.62853965 3.40000000
 C	-13.45891059 22.14916493 3.40000000
 C	8.55990203 24.46343539 3.40000000
 C	-3.67279068 23.17772758 3.40000000
 C	-1.22621788 23.43487274 3.40000000
 C	-15.90531213 21.89203777 3.40000000
 C	11.00630357 24.72056256 3.40000000
 C	13.45287636 24.97770772 3.40000000
 C	15.89927790 25.23483488 3.40000000
 C	18.34585069 25.49198004 3.40000000
 C	20.79242348 25.74912521 3.40000000
 C	23.23899628 26.00627037 3.40000000
 C	25.68539781 26.26339753 3.40000000
 C	28.13197061 26.52054269 3.40000000
 C	30.57837214 26.77766986 3.40000000
 C	33.02494494 27.03481502 3.40000000
 C	-6.11919221 22.92060042 3.40000000
 C	1.22018365 23.69199991 3.40000000
 C	35.47151773 27.29196018 3.40000000
 C	37.91809052 27.54910534 3.40000000
 C	40.36449206 27.80623251 3.40000000
 C	42.81106485 28.06337767 3.40000000
 C	45.25746639 28.32050483 3.40000000
 C	47.70403918 28.57764999 3.40000000
 C	50.15061197 28.83479516 3.40000000
 C	52.59718477 29.09194032 3.40000000
 C	55.04358630 29.34906748 3.40000000
 C	-8.56576501 22.66345526 3.40000000
 C	3.66675644 23.94914507 3.40000000
 C	-11.01233780 22.40631009 3.40000000
 C	6.11332924 24.20629023 3.40000000
 C	-13.60727221 23.56155508 3.40000000
 C	8.41131208 25.87580154 3.40000000
 C	-3.82132355 24.59009973 3.40000000
 C	-1.37475075 24.84724489 3.40000000
 C	-16.05384500 23.30440992 3.40000000
 C	10.85777070 26.13293471 3.40000000
 C	13.30434349 26.39007987 3.40000000
 C	15.75091628 26.64722503 3.40000000
 C	18.19731782 26.90435219 3.40000000
 C	20.64389061 27.16149736 3.40000000
 C	23.09040632 27.41863652 3.40000000
 C	25.53686494 27.67576968 3.40000000
 C	27.98343774 27.93291484 3.40000000
 C	30.43001053 28.19006001 3.40000000
 C	32.87641207 28.44718717 3.40000000
 C	-6.26778217 24.33296657 3.40000000
 C	1.07182204 25.10439006 3.40000000
 C	35.32298486 28.70433233 3.40000000
 C	37.76950057 28.96147149 3.40000000
 C	40.21595919 29.21860466 3.40000000
 C	42.66253198 29.47574982 3.40000000
 C	45.10910477 29.73289498 3.40000000
 C	47.55550631 29.99002214 3.40000000
 C	50.00207910 30.24716731 3.40000000
 C	52.44859481 30.50430647 3.40000000
 C	54.89505343 30.76143963 3.40000000
 C	-8.71429788 24.07582741 3.40000000
 C	3.51822358 25.36151722 3.40000000
 C	-11.16087067 23.81868224 3.40000000
 C	5.96479637 25.61866238 3.40000000
 C	-2.67226856 25.42493704 3.40000000
 C	-14.90479002 24.13924723 3.40000000
 C	9.56042414 26.71064485 3.40000000
 C	12.00682568 26.96777201 3.40000000
 C	14.45339847 27.22491718 3.40000000
 C	16.89980001 27.48204434 3.40000000
 C	19.34637280 27.73918950 3.40000000
 C	-5.11867010 25.16780988 3.40000000
 C	21.79294560 27.99633466 3.40000000
 C	-0.22569577 25.68208220 3.40000000
 C	24.23951839 28.25347983 3.40000000
 C	26.68591993 28.51060699 3.40000000
 C	29.13249272 28.76775215 3.40000000
 C	31.57889426 29.02487931 3.40000000
 C	34.02546705 29.28202448 3.40000000
 C	36.47203984 29.53916964 3.40000000
 C	38.91861263 29.79631480 3.40000000
 C	41.36501417 30.05344196 3.40000000
 C	43.81158696 30.31058713 3.40000000
 C	-7.56524289 24.91066471 3.40000000
 C	2.22070577 25.93920936 3.40000000
 C	46.25798850 30.56771429 3.40000000
 C	48.70456129 30.82485945 3.40000000
 C	51.15113409 31.08200461 3.40000000
 C	53.59770688 31.33914978 3.40000000
 C	56.04410842 31.59627694 3.40000000
 C	-10.01181569 24.65351955 3.40000000
 C	4.66727856 26.19635453 3.40000000
 C	-12.45838848 24.39637439 3.40000000
 C	7.11385135 26.45349969 3.40000000
 C	-2.82073139 26.83746650 3.40000000
 C	-15.05325285 25.55177669 3.40000000
 C	9.41190423 28.12316831 3.40000000
 C	11.85836285 28.38030148 3.40000000
 C	14.30493565 28.63744664 3.40000000
 C	16.75150844 28.89459180 3.40000000
 C	19.19790997 29.15171896 3.40000000
 C	-5.26719002 26.58033334 3.40000000
 C	21.64448277 29.40886413 3.40000000
 C	-0.37415860 27.09461166 3.40000000
 C	24.09099848 29.66600329 3.40000000
 C	26.53745710 29.92313645 3.40000000
 C	28.98402989 30.18028161 3.40000000
 C	31.43060268 30.43742678 3.40000000
 C	33.87700422 30.69455394 3.40000000
 C	36.32357701 30.95169910 3.40000000
 C	38.77009272 31.20883826 3.40000000
 C	41.21655134 31.46597143 3.40000000
 C	43.66312414 31.72311659 3.40000000
 C	-7.71370572 26.32319418 3.40000000
 C	46.10969693 31.98026175 3.40000000
 C	2.07241419 27.35175683 3.40000000
 C	48.55609846 32.23738891 3.40000000
 C	51.00267126 32.49453408 3.40000000
 C	53.44918697 32.75167324 3.40000000
 C	55.89564559 33.00880640 3.40000000
 C	-10.16027852 26.06604901 3.40000000
 C	4.51881573 27.60888399 3.40000000
 C	-12.60668005 25.80892185 3.40000000
 C	6.96538852 27.86602915 3.40000000
 C	-13.90419786 26.38661400 3.40000000
 C	8.11444351 28.70086646 3.40000000
 C	-4.11807795 27.41517665 3.40000000
 C	-1.67167641 27.67230381 3.40000000
 C	10.56101630 28.95801162 3.40000000
 C	13.00741783 29.21513878 3.40000000
 C	15.45399063 29.47228395 3.40000000
 C	17.90039216 29.72941111 3.40000000
 C	20.34696496 29.98655627 3.40000000
 C	22.79353775 30.24370143 3.40000000
 C	25.24011054 30.50084660 3.40000000
 C	27.68651208 30.75797376 3.40000000
 C	30.13308487 31.01511892 3.40000000
 C	32.57948641 31.27224608 3.40000000
 C	-6.56465074 27.15803148 3.40000000
 C	0.77489638 27.92944897 3.40000000
 C	35.02605920 31.52939125 3.40000000
 C	37.47263200 31.78653641 3.40000000
 C	39.91920479 32.04368157 3.40000000
 C	42.36560632 32.30080873 3.40000000
 C	44.81217912 32.55795390 3.40000000
 C	47.25858065 32.81508106 3.40000000
 C	49.70515345 33.07222622 3.40000000
 C	52.15172624 33.32937138 3.40000000
 C	54.59829903 33.58651655 3.40000000
 C	57.04470057 33.84364371 3.40000000
 C	-9.01122353 26.90088632 3.40000000
 C	3.22129792 28.18657613 3.40000000
 C	-11.45779633 26.64374116 3.40000000
 C	5.66787071 28.44372130 3.40000000
 C	-14.05266069 27.79914346 3.40000000
 C	7.96598068 30.11339592 3.40000000
 C	-4.26659786 28.82770011 3.40000000
 C	-1.82013924 29.08483327 3.40000000
 C	10.41249638 30.37053508 3.40000000
 C	12.85895501 30.62766825 3.40000000
 C	15.30552780 30.88481341 3.40000000
 C	17.75210059 31.14195857 3.40000000
 C	20.19850213 31.39908573 3.40000000
 C	22.64507492 31.65623090 3.40000000
 C	25.09159063 31.91337006 3.40000000
 C	27.53804925 32.17050322 3.40000000
 C	29.98462204 32.42764838 3.40000000
 C	32.43119484 32.68479355 3.40000000
 C	-6.71311357 28.57056095 3.40000000
 C	0.62643355 29.34197843 3.40000000
 C	34.87759637 32.94192071 3.40000000
 C	37.32416917 33.19906587 3.40000000
 C	39.77068487 33.45620503 3.40000000
 C	42.21714350 33.71333820 3.40000000
 C	44.66371629 33.97048336 3.40000000
 C	47.11028908 34.22762852 3.40000000
 C	49.55669062 34.48475568 3.40000000
 C	52.00326341 34.74190085 3.40000000
 C	54.44977912 34.99904001 3.40000000
 C	56.89623774 35.25617317 3.40000000
 C	-9.15968636 28.31341578 3.40000000
 C	3.07300635 29.59912360 3.40000000
 C	-11.60608790 28.05628862 3.40000000
 C	5.51940788 29.85625076 3.40000000
 C	-3.11755583 29.66238610 3.40000000
 C	9.11496562 30.94807592 3.40000000
 C	11.56153841 31.20522108 3.40000000
 C	14.00793995 31.46234824 3.40000000
 C	16.45451274 31.71949340 3.40000000
 C	18.90091428 31.97662057 3.40000000
 C	-5.56412863 29.40524094 3.40000000
 C	-0.67115430 29.91951327 3.40000000
 C	21.34748707 32.23376573 3.40000000
 C	23.79405986 32.49091089 3.40000000
 C	26.24063266 32.74805605 3.40000000
 C	28.68703419 33.00518322 3.40000000
 C	31.13360699 33.26232838 3.40000000
 C	33.58000852 33.51945554 3.40000000
 C	36.02658132 33.77660070 3.40000000
 C	38.47315411 34.03374587 3.40000000
 C	40.91972690 34.29089103 3.40000000
 C	43.36612844 34.54801819 3.40000000
 C	45.81270123 34.80516335 3.40000000
 C	-8.01070142 29.14809578 3.40000000
 C	1.77541850 30.17665843 3.40000000
 C	48.25910277 35.06229052 3.40000000
 C	50.70567556 35.31943568 3.40000000
 C	53.15224835 35.57658084 3.40000000
 C	55.59882115 35.83372600 3.40000000
 C	58.04522268 36.09085317 3.40000000
 C	4.22182003 30.43378559 3.40000000
 C	-10.45727421 28.89095062 3.40000000
 C	-12.90367575 28.63382345 3.40000000
 C	6.66839283 30.69093075 3.40000000
 C	-3.26607575 31.07490957 3.40000000
 C	8.96650279 32.36060538 3.40000000
 C	11.41301850 32.61774454 3.40000000
 C	13.85947712 32.87487770 3.40000000
 C	16.30604991 33.13202287 3.40000000
 C	18.75262271 33.38916803 3.40000000
 C	-5.71259146 30.81777040 3.40000000
 C	-0.81961713 31.33204273 3.40000000
 C	21.19902424 33.64629519 3.40000000
 C	23.64559703 33.90344035 3.40000000
 C	26.09211274 34.16057952 3.40000000
 C	28.53857136 34.41771268 3.40000000
 C	30.98514416 34.67485784 3.40000000
 C	33.43171695 34.93200300 3.40000000
 C	35.87811849 35.18913017 3.40000000
 C	38.32469128 35.44627533 3.40000000
 C	40.77120699 35.70341449 3.40000000
 C	43.21766561 35.96054765 3.40000000
 C	45.66423840 36.21769282 3.40000000
 C	-8.15916425 30.56062524 3.40000000
 C	1.62695567 31.58918789 3.40000000
 C	48.11081120 36.47483798 3.40000000
 C	50.55721273 36.73196514 3.40000000
 C	53.00378553 36.98911030 3.40000000
 C	55.45030123 37.24624947 3.40000000
 C	57.89675985 37.50338263 3.40000000
 C	-10.60556578 30.30349808 3.40000000
 C	4.07352846 31.84633305 3.40000000
 C	-13.05213858 30.04635292 3.40000000
 C	6.51993000 32.10346022 3.40000000
 C	7.66898498 32.93829753 3.40000000
 C	-4.56353647 31.65260772 3.40000000
 C	-2.11696368 31.90975288 3.40000000
 C	10.11555777 33.19544270 3.40000000
 C	12.56213056 33.45258786 3.40000000
 C	15.00853210 33.70971502 3.40000000
 C	17.45510489 33.96686018 3.40000000
 C	19.90150643 34.22398735 3.40000000
 C	22.34807922 34.48113251 3.40000000
 C	24.79465202 34.73827767 3.40000000
 C	27.24122481 34.99542283 3.40000000
 C	29.68762635 35.25255000 3.40000000
 C	32.13419914 35.50969516 3.40000000
 C	-7.01010927 31.39546256 3.40000000
 C	0.32943786 32.16688005 3.40000000
 C	34.58060068 35.76682232 3.40000000
 C	37.02717347 36.02396748 3.40000000
 C	39.47374626 36.28111265 3.40000000
 C	41.92031905 36.53825781 3.40000000
 C	44.36672059 36.79538497 3.40000000
 C	46.81329338 37.05253013 3.40000000
 C	49.25969492 37.30965730 3.40000000
 C	51.70626771 37.56680246 3.40000000
 C	54.15284051 37.82394762 3.40000000
 C	56.59941330 38.08109278 3.40000000
 C	-9.45668206 31.13831740 3.40000000
 C	2.77601065 32.42402521 3.40000000
 C	59.04581484 38.33821995 3.40000000
 C	-11.90308360 30.88119023 3.40000000
 C	5.22241219 32.68115237 3.40000000
 C	7.52052215 34.35082699 3.40000000
 C	-4.71199930 33.06513718 3.40000000
 C	-2.26548359 33.32227634 3.40000000
 C	9.96709494 34.60797215 3.40000000
 C	12.41361065 34.86511131 3.40000000
 C	14.86006927 35.12224448 3.40000000
 C	17.30664207 35.37938964 3.40000000
 C	19.75321486 35.63653480 3.40000000
 C	22.19961640 35.89366196 3.40000000
 C	24.64618919 36.15080713 3.40000000
 C	27.09270490 36.40794629 3.40000000
 C	29.53916352 36.66507945 3.40000000
 C	31.98573631 36.92222461 3.40000000
 C	-7.15857209 32.80799201 3.40000000
 C	0.18097503 33.57940950 3.40000000
 C	34.43230910 37.17936978 3.40000000
 C	36.87871064 37.43649694 3.40000000
 C	39.32528343 37.69364210 3.40000000
 C	41.77179914 37.95078126 3.40000000
 C	44.21825776 38.20791443 3.40000000
 C	46.66483056 38.46505959 3.40000000
 C	49.11140335 38.72220475 3.40000000
 C	51.55780489 38.97933191 3.40000000
 C	54.00437768 39.23647708 3.40000000
 C	56.45089339 39.49361624 3.40000000
 C	-9.60497363 32.55086485 3.40000000
 C	2.62754782 33.83655466 3.40000000
 C	58.89735201 39.75074940 3.40000000
 C	-12.05154642 32.29371969 3.40000000
 C	5.07412061 34.09369983 3.40000000
 C	-3.56294432 33.89997449 3.40000000
 C	8.66957713 35.18566431 3.40000000
 C	11.11614992 35.44280947 3.40000000
 C	13.56272272 35.69995463 3.40000000
 C	16.00912425 35.95708179 3.40000000
 C	18.45569705 36.21422696 3.40000000
 C	-6.00951711 33.64282933 3.40000000
 C	20.90209858 36.47135412 3.40000000
 C	-1.11637153 34.15711966 3.40000000
 C	23.34867138 36.72849928 3.40000000
 C	25.79524417 36.98564444 3.40000000
 C	28.24181696 37.24278961 3.40000000
 C	30.68821850 37.49991677 3.40000000
 C	33.13479129 37.75706193 3.40000000
 C	35.58119283 38.01418909 3.40000000
 C	38.02776562 38.27133426 3.40000000
 C	40.47433842 38.52847942 3.40000000
 C	42.92091121 38.78562458 3.40000000
 C	45.36731274 39.04275174 3.40000000
 C	-8.45608991 33.38568417 3.40000000
 C	1.33003001 34.41424682 3.40000000
 C	47.81388554 39.29989691 3.40000000
 C	50.26028707 39.55702407 3.40000000
 C	52.70685987 39.81416923 3.40000000
 C	55.15343266 40.07131439 3.40000000
 C	57.60000545 40.32845956 3.40000000
 C	60.04640699 40.58558672 3.40000000
 C	-10.90249144 33.12855701 3.40000000
 C	3.77660280 34.67139198 3.40000000
 C	6.22300434 34.92851914 3.40000000
 C	-3.71143050 35.31245152 3.40000000
 C	8.52109096 36.59814133 3.40000000
 C	10.96766375 36.85528649 3.40000000
 C	13.41417946 37.11242566 3.40000000
 C	15.86063808 37.36955882 3.40000000
 C	18.30721087 37.62670398 3.40000000
 C	-6.15800329 35.05530636 3.40000000
 C	20.75378366 37.88384914 3.40000000
 C	-1.26491479 35.56959068 3.40000000
 C	23.20018520 38.14097631 3.40000000
 C	25.64675799 38.39812147 3.40000000
 C	28.09327370 38.65526063 3.40000000
 C	30.53973232 38.91239379 3.40000000
 C	32.98630512 39.16953896 3.40000000
 C	35.43287791 39.42668412 3.40000000
 C	37.87927945 39.68381128 3.40000000
 C	40.32585224 39.94095644 3.40000000
 C	42.77236795 40.19809561 3.40000000
 C	-8.60440483 34.79817919 3.40000000
 C	45.21882657 40.45522877 3.40000000
 C	1.18154383 35.82672384 3.40000000
 C	47.66539936 40.71237393 3.40000000
 C	50.11197216 40.96951909 3.40000000
 C	52.55837369 41.22664626 3.40000000
 C	55.00494648 41.48379142 3.40000000
 C	57.45146219 41.74093058 3.40000000
 C	59.89792081 41.99806374 3.40000000
 C	-11.05097762 34.54103403 3.40000000
 C	3.62811663 36.08386901 3.40000000
 C	6.07468942 36.34101417 3.40000000
 C	7.22359649 37.17588591 3.40000000
 C	-5.00892496 35.89019610 3.40000000
 C	-2.56235217 36.14734126 3.40000000
 C	9.67016929 37.43303108 3.40000000
 C	12.11674208 37.69017624 3.40000000
 C	14.56331487 37.94732140 3.40000000
 C	17.00971641 38.20444856 3.40000000
 C	19.45628920 38.46159373 3.40000000
 C	21.90269074 38.71872089 3.40000000
 C	24.34926353 38.97586605 3.40000000
 C	26.79583632 39.23301121 3.40000000
 C	29.24240912 39.49015638 3.40000000
 C	31.68881065 39.74728354 3.40000000
 C	-7.45549775 35.63305094 3.40000000
 C	-0.11577937 36.40448643 3.40000000
 C	34.13538345 40.00442870 3.40000000
 C	36.58178498 40.26155586 3.40000000
 C	39.02835778 40.51870103 3.40000000
 C	41.47493057 40.77584619 3.40000000
 C	43.92150336 41.03299135 3.40000000
 C	46.36790490 41.29011851 3.40000000
 C	48.81447769 41.54726368 3.40000000
 C	51.26087923 41.80439084 3.40000000
 C	53.70745202 42.06153600 3.40000000
 C	56.15402481 42.31868116 3.40000000
 C	-9.90189929 35.37592378 3.40000000
 C	2.33062216 36.66161359 3.40000000
 C	58.60059761 42.57582633 3.40000000
 C	61.04699914 42.83295349 3.40000000
 C	4.77719496 36.91875875 3.40000000
 C	7.07523488 38.58827606 3.40000000
 C	-5.15745783 37.30256825 3.40000000
 C	-2.71088504 37.55971341 3.40000000
 C	9.52163642 38.84540323 3.40000000
 C	11.96820921 39.10254839 3.40000000
 C	14.41472492 39.35968755 3.40000000
 C	16.86118354 39.61682071 3.40000000
 C	19.30775633 39.87396588 3.40000000
 C	21.75432913 40.13111104 3.40000000
 C	24.20073066 40.38823820 3.40000000
 C	26.64730345 40.64538336 3.40000000
 C	29.09381916 40.90252253 3.40000000
 C	31.54027778 41.15965569 3.40000000
 C	-7.60385937 37.04544109 3.40000000
 C	-0.26436933 37.81685258 3.40000000
 C	33.98685058 41.41680085 3.40000000
 C	36.43342337 41.67394601 3.40000000
 C	38.87982491 41.93107318 3.40000000
 C	41.32639770 42.18821834 3.40000000
 C	43.77291341 42.44535750 3.40000000
 C	46.21937203 42.70249066 3.40000000
 C	48.66594482 42.95963583 3.40000000
 C	51.11251762 43.21678099 3.40000000
 C	53.55891915 43.47390815 3.40000000
 C	56.00549194 43.73105331 3.40000000
 C	-10.05043216 36.78829593 3.40000000
 C	2.18208929 38.07398574 3.40000000
 C	58.45200765 43.98819248 3.40000000
 C	60.89846627 44.24532564 3.40000000
 C	4.62866209 38.33113090 3.40000000
 C	-4.00840285 38.13740556 3.40000000
 C	8.22411861 39.42309537 3.40000000
 C	10.67069140 39.68024053 3.40000000
 C	13.11726419 39.93738570 3.40000000
 C	15.56383699 40.19453086 3.40000000
 C	18.01023852 40.45165802 3.40000000
 C	20.45681131 40.70880318 3.40000000
 C	-6.45497564 37.88026040 3.40000000
 C	-1.56183005 38.39455072 3.40000000
 C	22.90321285 40.96593035 3.40000000
 C	25.34978564 41.22307551 3.40000000
 C	27.79635844 41.48022067 3.40000000
 C	30.24293123 41.73736583 3.40000000
 C	32.68933277 41.99449300 3.40000000
 C	35.13590556 42.25163816 3.40000000
 C	37.58230710 42.50876532 3.40000000
 C	40.02887989 42.76591048 3.40000000
 C	42.47545268 43.02305565 3.40000000
 C	-8.90137718 37.62313323 3.40000000
 C	44.92202548 43.28020081 3.40000000
 C	0.88474274 38.65169588 3.40000000
 C	47.36842701 43.53732797 3.40000000
 C	49.81499980 43.79447313 3.40000000
 C	52.26140134 44.05160030 3.40000000
 C	54.70797413 44.30874546 3.40000000
 C	57.15454693 44.56589062 3.40000000
 C	59.60111972 44.82303578 3.40000000
 C	3.33114428 38.90882305 3.40000000
 C	5.77771707 39.16596821 3.40000000
 H	-36.51866945 -29.09500048 3.40000000
 H	-34.07215051 -28.83786098 3.40000000
 H	-31.62557772 -28.58071582 3.40000000
 H	-29.17902288 -28.32357255 3.40000000
 H	-26.73260339 -28.06644350 3.40000000
 H	-24.28603060 -27.80929833 3.40000000
 H	-21.83957521 -27.55216550 3.40000000
 H	-19.39305627 -27.29502601 3.40000000
 H	-16.94648347 -27.03788085 3.40000000
 H	-14.49992863 -26.78073757 3.40000000
 H	-12.05350915 -26.52360852 3.40000000
 H	-9.60693635 -26.26646336 3.40000000
 H	-7.16048096 -26.00933053 3.40000000
 H	-4.71396202 -25.75219103 3.40000000
 H	-2.26738923 -25.49504587 3.40000000
 H	0.17916561 -25.23790259 3.40000000
 H	2.62558510 -24.98077355 3.40000000
 H	5.07215789 -24.72362838 3.40000000
 H	7.51861328 -24.46649555 3.40000000
 H	9.96513222 -24.20935606 3.40000000
 H	12.41170502 -23.95221090 3.40000000
 H	14.85825986 -23.69506762 3.40000000
 H	17.30467935 -23.43793857 3.40000000
 H	19.75125214 -23.18079341 3.40000000
 H	22.19770753 -22.92366058 3.40000000
 H	24.64422647 -22.66652108 3.40000000
 H	27.09079926 -22.40937592 3.40000000
 H	29.53735410 -22.15223264 3.40000000
 H	31.98377359 -21.89510360 3.40000000
 H	33.92056842 -20.48793979 3.40000000
 H	34.92113855 -18.24062248 3.40000000
 H	35.92168268 -15.99336355 3.40000000
 H	36.92227483 -13.74599678 3.40000000
 H	37.92285099 -11.49866596 3.40000000
 H	38.92338911 -9.25142055 3.40000000
 H	39.92398126 -7.00405378 3.40000000
 H	40.92455139 -4.75673647 3.40000000
 H	41.92509552 -2.50947754 3.40000000
 H	42.92568767 -0.26211077 3.40000000
 H	43.92626383 1.98522005 3.40000000
 H	44.92680195 4.23246546 3.40000000
 H	45.92739411 6.47983223 3.40000000
 H	46.92796423 8.72714953 3.40000000
 H	47.92850836 10.97440846 3.40000000
 H	48.92910052 13.22177523 3.40000000
 H	49.92967667 15.46910606 3.40000000
 H	50.93021479 17.71635146 3.40000000
 H	51.93080695 19.96371823 3.40000000
 H	52.93137707 22.21103554 3.40000000
 H	53.93192120 24.45829447 3.40000000
 H	54.93251336 26.70566124 3.40000000
 H	55.93308951 28.95299206 3.40000000
 H	56.93362763 31.20023747 3.40000000
 H	57.93421979 33.44760424 3.40000000
 H	58.93478991 35.69492155 3.40000000
 H	59.93533404 37.94218048 3.40000000
 H	60.93592620 40.18954725 3.40000000
 H	61.93650235 42.43687807 3.40000000
 H	61.68620613 44.81765214 3.40000000
 H	59.49930122 45.79139764 3.40000000
 H	57.05276756 45.53425659 3.40000000
 H	54.60619477 45.27711143 3.40000000
 H	52.15973938 45.01997860 3.40000000
 H	49.71322044 44.76283910 3.40000000
 H	47.26664765 44.50569394 3.40000000
 H	44.82020698 44.24856266 3.40000000
 H	42.37367332 43.99142162 3.40000000
 H	39.92710052 43.73427645 3.40000000
 H	37.48064514 43.47714362 3.40000000
 H	35.03412620 43.22000413 3.40000000
 H	32.58755340 42.96285897 3.40000000
 H	30.14111273 42.70572769 3.40000000
 H	27.69457907 42.44858664 3.40000000
 H	25.24800628 42.19144148 3.40000000
 H	22.80155089 41.93430865 3.40000000
 H	20.35503195 41.67716915 3.40000000
 H	17.90845916 41.42002399 3.40000000
 H	15.46201849 41.16289271 3.40000000
 H	13.01548483 40.90575167 3.40000000
 H	10.56891203 40.64860650 3.40000000
 H	8.12245665 40.39147367 3.40000000
 H	5.67593770 40.13433418 3.40000000
 H	3.22936491 39.87718902 3.40000000
 H	0.78292424 39.62005774 3.40000000
 H	-1.66360942 39.36291669 3.40000000
 H	-4.11018221 39.10577153 3.40000000
 H	-6.55663760 38.84863870 3.40000000
 H	-9.00315654 38.59149920 3.40000000
 H	-10.93995137 37.18433539 3.40000000
 H	-11.94048083 34.93710945 3.40000000
 H	-12.94106563 32.68975916 3.40000000
 H	-13.94165778 30.44239239 3.40000000
 H	-14.94222792 28.19507508 3.40000000
 H	-15.94277206 25.94781616 3.40000000
 H	-16.94336422 23.70044939 3.40000000
 H	-17.94389367 21.45322344 3.40000000
 H	-18.94447847 19.20587315 3.40000000
 H	-19.94507063 16.95850638 3.40000000
 H	-20.94564076 14.71118907 3.40000000
 H	-21.94618490 12.46393015 3.40000000
 H	-22.94677706 10.21656338 3.40000000
 H	-23.94730651 7.96933744 3.40000000
 H	-24.94789131 5.72198714 3.40000000
 H	-25.94848347 3.47462037 3.40000000
 H	-26.94905360 1.22730307 3.40000000
 H	-27.94959774 -1.01995586 3.40000000
 H	-28.95018990 -3.26732263 3.40000000
 H	-29.95071935 -5.51454857 3.40000000
 H	-30.95130415 -7.76189886 3.40000000
 H	-31.95189631 -10.00926563 3.40000000
 H	-32.95246644 -12.25658294 3.40000000
 H	-33.95301058 -14.50384186 3.40000000
 H	-34.95360274 -16.75120863 3.40000000
 H	-35.95413219 -18.99843458 3.40000000
 H	-36.95471699 -21.24578487 3.40000000
 H	-37.95530915 -23.49315164 3.40000000
 H	-38.95587928 -25.74046895 3.40000000
 H	-38.70558908 -28.12125653 3.40000000
