 C	4.19267875 -23.77786277 3.40000000
 C	-7.92035971 -25.91371827 3.40000000
 C	16.30583026 -21.64198734 3.40000000
 C	-10.34303523 -26.34090133 3.40000000
 C	18.72839273 -21.21482421 3.40000000
 C	-12.76559770 -26.76806445 3.40000000
 C	21.15106826 -20.78764115 3.40000000
 C	-15.18821670 -27.19523755 3.40000000
 C	23.57374378 -20.36045809 3.40000000
 C	-17.61089222 -27.62242061 3.40000000
 C	25.99624972 -19.93330493 3.40000000
 C	1.77011628 -24.20502590 3.40000000
 C	-20.03339816 -28.04957377 3.40000000
 C	28.41892525 -19.50612187 3.40000000
 C	6.61535427 -23.35067971 3.40000000
 C	-22.45607369 -28.47675683 3.40000000
 C	30.84154424 -19.07894878 3.40000000
 C	-24.87874921 -28.90393989 3.40000000
 C	33.26410671 -18.65178565 3.40000000
 C	-27.30131168 -29.33110301 3.40000000
 C	-29.72393068 -29.75827611 3.40000000
 C	-32.14660620 -30.18545917 3.40000000
 C	-34.56911215 -30.61261233 3.40000000
 C	-0.65250272 -24.63219899 3.40000000
 C	9.03802980 -22.92349665 3.40000000
 C	-3.07517824 -25.05938205 3.40000000
 C	11.46053574 -22.49634349 3.40000000
 C	-5.49768418 -25.48653521 3.40000000
 C	13.88321127 -22.06916043 3.40000000
 C	-6.83233907 -25.00076056 3.40000000
 C	14.97123190 -21.15620272 3.40000000
 C	2.85819344 -23.29205822 3.40000000
 C	5.28069939 -22.86490506 3.40000000
 C	-9.25501460 -25.42794362 3.40000000
 C	17.39390743 -20.72901966 3.40000000
 C	-11.67752054 -25.85509678 3.40000000
 C	19.81641337 -20.30186650 3.40000000
 C	-14.10019606 -26.28227984 3.40000000
 C	22.23908889 -19.87468344 3.40000000
 C	-16.52287159 -26.70946290 3.40000000
 C	24.66159483 -19.44753028 3.40000000
 C	-18.94554711 -27.13664596 3.40000000
 C	27.08427036 -19.02034722 3.40000000
 C	-21.36805305 -27.56379912 3.40000000
 C	29.50694588 -18.59316416 3.40000000
 C	-23.79072858 -27.99098218 3.40000000
 C	31.92962141 -18.16598110 3.40000000
 C	-26.21323452 -28.41813534 3.40000000
 C	34.35212735 -17.73882794 3.40000000
 C	-28.63591004 -28.84531840 3.40000000
 C	-31.05858557 -29.27250146 3.40000000
 C	0.43551792 -23.71924128 3.40000000
 C	7.70337491 -22.43772200 3.40000000
 C	-33.48126109 -29.69968452 3.40000000
 C	-35.90376704 -30.12683768 3.40000000
 C	-1.98715761 -24.14642434 3.40000000
 C	10.12588085 -22.01056884 3.40000000
 C	-4.40983313 -24.57360740 3.40000000
 C	12.54855638 -21.58338578 3.40000000
 C	-7.07897333 -23.60202819 3.40000000
 C	14.72459765 -19.75747035 3.40000000
 C	2.61150266 -21.89333582 3.40000000
 C	5.03406513 -21.46617269 3.40000000
 C	-9.50164885 -24.02921125 3.40000000
 C	17.14721664 -19.33029726 3.40000000
 C	-11.92421132 -24.45637438 3.40000000
 C	19.56977911 -18.90313413 3.40000000
 C	-14.34683032 -24.88354747 3.40000000
 C	21.99245464 -18.47595107 3.40000000
 C	-16.76950584 -25.31073053 3.40000000
 C	24.41513016 -18.04876801 3.40000000
 C	-19.19201178 -25.73788369 3.40000000
 C	26.83763610 -17.62161485 3.40000000
 C	-21.61468731 -26.16506675 3.40000000
 C	29.26031163 -17.19443179 3.40000000
 C	-24.03736283 -26.59224981 3.40000000
 C	31.68293062 -16.76725870 3.40000000
 C	-26.45992530 -27.01941293 3.40000000
 C	34.10549309 -16.34009557 3.40000000
 C	-28.88254430 -27.44658603 3.40000000
 C	-31.30521982 -27.87376909 3.40000000
 C	0.18888366 -22.32050891 3.40000000
 C	7.45674066 -21.03898963 3.40000000
 C	-33.72772577 -28.30092225 3.40000000
 C	-36.15040129 -28.72810531 3.40000000
 C	-2.23379186 -22.74769197 3.40000000
 C	9.87941618 -20.61180657 3.40000000
 C	-4.65629780 -23.17484513 3.40000000
 C	12.30192212 -20.18465341 3.40000000
 C	3.69952093 -20.98052996 3.40000000
 C	-8.41368711 -23.11641536 3.40000000
 C	15.81255939 -18.84467446 3.40000000
 C	-10.83619305 -23.54356851 3.40000000
 C	18.23523491 -18.41749140 3.40000000
 C	-13.25886858 -23.97075157 3.40000000
 C	20.65774085 -17.99033824 3.40000000
 C	-15.68154410 -24.39793464 3.40000000
 C	23.08041638 -17.56315518 3.40000000
 C	25.50292232 -17.13600202 3.40000000
 C	-18.10421963 -24.82511770 3.40000000
 C	1.27684540 -21.40771302 3.40000000
 C	6.12202687 -20.55337680 3.40000000
 C	-20.52672557 -25.25227085 3.40000000
 C	27.92559784 -16.70881896 3.40000000
 C	-22.94940109 -25.67945391 3.40000000
 C	30.34827337 -16.28163590 3.40000000
 C	-25.37190703 -26.10660707 3.40000000
 C	32.77094889 -15.85445284 3.40000000
 C	-27.79458256 -26.53379013 3.40000000
 C	35.19345483 -15.42729968 3.40000000
 C	-30.21725808 -26.96097319 3.40000000
 C	-32.63993361 -27.38815625 3.40000000
 C	-35.06243955 -27.81530941 3.40000000
 C	-1.14583012 -21.83489608 3.40000000
 C	8.54470239 -20.12619374 3.40000000
 C	10.96720834 -19.69904058 3.40000000
 C	-3.56850565 -22.26207914 3.40000000
 C	-5.99101159 -22.68923230 3.40000000
 C	13.38988386 -19.27185752 3.40000000
 C	3.45283015 -19.58180755 3.40000000
 C	-8.66032137 -21.71768299 3.40000000
 C	15.56592513 -17.44594209 3.40000000
 C	-11.08288384 -22.14484611 3.40000000
 C	17.98854413 -17.01876900 3.40000000
 C	-13.50550283 -22.57201921 3.40000000
 C	20.41110660 -16.59160587 3.40000000
 C	-15.92817836 -22.99920227 3.40000000
 C	22.83378212 -16.16442281 3.40000000
 C	-18.35068430 -23.42635543 3.40000000
 C	25.25645765 -15.73723975 3.40000000
 C	1.03021115 -20.00898065 3.40000000
 C	5.87539261 -19.15464443 3.40000000
 C	-20.77335982 -23.85353849 3.40000000
 C	27.67896359 -15.31008659 3.40000000
 C	-23.19603535 -24.28072155 3.40000000
 C	30.10163911 -14.88290353 3.40000000
 C	-25.61859782 -24.70788467 3.40000000
 C	32.52425811 -14.45573044 3.40000000
 C	-28.04121682 -25.13505777 3.40000000
 C	34.94682058 -14.02856731 3.40000000
 C	-30.46389234 -25.56224083 3.40000000
 C	-32.88639828 -25.98939398 3.40000000
 C	-35.30907381 -26.41657704 3.40000000
 C	-1.39246438 -20.43616371 3.40000000
 C	8.29806814 -18.72746137 3.40000000
 C	-3.81497032 -20.86331687 3.40000000
 C	10.72074366 -18.30027831 3.40000000
 C	-6.23764584 -21.29049993 3.40000000
 C	13.14324961 -17.87312515 3.40000000
 C	-7.57230073 -20.80472527 3.40000000
 C	14.23127024 -16.96016743 3.40000000
 C	2.11823178 -19.09602293 3.40000000
 C	4.54090731 -18.66883987 3.40000000
 C	-9.99480667 -21.23187843 3.40000000
 C	16.65394576 -16.53298437 3.40000000
 C	-12.41748220 -21.65906149 3.40000000
 C	19.07662129 -16.10580131 3.40000000
 C	-14.84015772 -22.08624455 3.40000000
 C	21.49912723 -15.67864815 3.40000000
 C	-17.26283325 -22.51342761 3.40000000
 C	23.92180276 -15.25146509 3.40000000
 C	-19.68533919 -22.94058077 3.40000000
 C	26.34430870 -14.82431193 3.40000000
 C	-22.10801472 -23.36776383 3.40000000
 C	28.76698422 -14.39712887 3.40000000
 C	-24.53052066 -23.79491699 3.40000000
 C	31.18965975 -13.96994581 3.40000000
 C	-26.95319618 -24.22210005 3.40000000
 C	33.61233527 -13.54276275 3.40000000
 C	-29.37587171 -24.64928311 3.40000000
 C	36.03484121 -13.11560959 3.40000000
 C	-31.79854723 -25.07646617 3.40000000
 C	-0.30444374 -19.52320599 3.40000000
 C	6.96341325 -18.24168671 3.40000000
 C	-34.22105317 -25.50361933 3.40000000
 C	-2.72711927 -19.95038905 3.40000000
 C	9.38608877 -17.81450365 3.40000000
 C	-5.14962521 -20.37754221 3.40000000
 C	11.80859471 -17.38735049 3.40000000
 C	-7.81893499 -19.40599291 3.40000000
 C	13.98463599 -15.56143507 3.40000000
 C	1.87159753 -17.69729057 3.40000000
 C	4.29421653 -17.27011748 3.40000000
 C	-10.24149746 -19.83315603 3.40000000
 C	16.40731151 -15.13425201 3.40000000
 C	-12.66411645 -20.26032913 3.40000000
 C	18.82993051 -14.70707892 3.40000000
 C	-15.08679198 -20.68751219 3.40000000
 C	21.25249298 -14.27991579 3.40000000
 C	-17.50929792 -21.11466535 3.40000000
 C	23.67516850 -13.85273273 3.40000000
 C	-19.93197344 -21.54184841 3.40000000
 C	26.09784403 -13.42554967 3.40000000
 C	-22.35464897 -21.96903147 3.40000000
 C	28.52034997 -12.99839651 3.40000000
 C	-24.77721144 -22.39619459 3.40000000
 C	30.94302549 -12.57121345 3.40000000
 C	-27.19983043 -22.82336769 3.40000000
 C	33.36564449 -12.14404036 3.40000000
 C	-29.62250596 -23.25055075 3.40000000
 C	35.78820696 -11.71687723 3.40000000
 C	-32.04501190 -23.67770391 3.40000000
 C	-0.55107800 -18.12447363 3.40000000
 C	6.71677899 -16.84295435 3.40000000
 C	-34.46768743 -24.10488697 3.40000000
 C	-2.97358394 -18.55162679 3.40000000
 C	9.13945452 -16.41577129 3.40000000
 C	-5.39625946 -18.97880985 3.40000000
 C	11.56213004 -15.98858823 3.40000000
 C	2.95961816 -16.78433285 3.40000000
 C	-9.15342029 -18.92018835 3.40000000
 C	15.07265662 -14.64847735 3.40000000
 C	-11.57609582 -19.34737141 3.40000000
 C	17.49533214 -14.22129429 3.40000000
 C	-13.99877134 -19.77455447 3.40000000
 C	19.91800767 -13.79411123 3.40000000
 C	-16.42144687 -20.20173753 3.40000000
 C	22.34051361 -13.36695807 3.40000000
 C	-18.84395281 -20.62889069 3.40000000
 C	24.76318914 -12.93977501 3.40000000
 C	0.53694264 -17.21151591 3.40000000
 C	-21.26662834 -21.05607375 3.40000000
 C	27.18569508 -12.51262185 3.40000000
 C	5.38229369 -16.35714979 3.40000000
 C	-23.68913428 -21.48322691 3.40000000
 C	29.60837060 -12.08543879 3.40000000
 C	-26.11180980 -21.91040997 3.40000000
 C	32.03104613 -11.65825573 3.40000000
 C	-28.53448533 -22.33759303 3.40000000
 C	34.45372165 -11.23107267 3.40000000
 C	-30.95716085 -22.76477609 3.40000000
 C	36.87622759 -10.80391951 3.40000000
 C	-33.37966679 -23.19192925 3.40000000
 C	-1.88573289 -17.63869897 3.40000000
 C	7.80479963 -15.92999663 3.40000000
 C	-4.30823883 -18.06585213 3.40000000
 C	10.22747515 -15.50281357 3.40000000
 C	-6.73091435 -18.49303519 3.40000000
 C	12.64998109 -15.07566041 3.40000000
 C	2.71296428 -15.38565442 3.40000000
 C	-9.40013071 -17.52151989 3.40000000
 C	14.82600273 -13.24979892 3.40000000
 C	-11.82274971 -17.94869298 3.40000000
 C	17.24867826 -12.82261586 3.40000000
 C	-14.24542523 -18.37587604 3.40000000
 C	19.67129725 -12.39544277 3.40000000
 C	-16.66793117 -18.80302920 3.40000000
 C	22.09385972 -11.96827964 3.40000000
 C	-19.09060670 -19.23021226 3.40000000
 C	24.51653525 -11.54109658 3.40000000
 C	-21.51328222 -19.65739532 3.40000000
 C	0.29028875 -15.81283748 3.40000000
 C	26.93921077 -11.11391352 3.40000000
 C	5.13558327 -14.95848133 3.40000000
 C	-23.93584469 -20.08455844 3.40000000
 C	29.36171671 -10.68676036 3.40000000
 C	-26.35846369 -20.51173154 3.40000000
 C	31.78439224 -10.25957730 3.40000000
 C	-28.78113921 -20.93891460 3.40000000
 C	34.20701124 -9.83240421 3.40000000
 C	-31.20364515 -21.36606776 3.40000000
 C	36.62957371 -9.40524108 3.40000000
 C	-33.62632068 -21.79325082 3.40000000
 C	-2.13221719 -16.23999064 3.40000000
 C	7.55814574 -14.53131820 3.40000000
 C	-4.55489272 -16.66717370 3.40000000
 C	9.98082127 -14.10413514 3.40000000
 C	-6.97756824 -17.09435676 3.40000000
 C	12.40349679 -13.67695208 3.40000000
 C	-8.31203391 -16.60849827 3.40000000
 C	13.49136748 -12.76397033 3.40000000
 C	1.37832902 -14.89982583 3.40000000
 C	3.80100454 -14.47264277 3.40000000
 C	-10.73470944 -17.03568133 3.40000000
 C	15.91404300 -12.33678727 3.40000000
 C	-13.15738496 -17.46286439 3.40000000
 C	18.33671853 -11.90960421 3.40000000
 C	-15.58006049 -17.89004745 3.40000000
 C	20.75939405 -11.48242115 3.40000000
 C	-18.00256643 -18.31720061 3.40000000
 C	23.18189999 -11.05526799 3.40000000
 C	-20.42524195 -18.74438367 3.40000000
 C	25.60457552 -10.62808493 3.40000000
 C	-22.84774790 -19.17153683 3.40000000
 C	28.02708146 -10.20093177 3.40000000
 C	-25.27042342 -19.59871989 3.40000000
 C	30.44975698 -9.77374871 3.40000000
 C	-27.69309895 -20.02590295 3.40000000
 C	32.87243251 -9.34656565 3.40000000
 C	-30.11577447 -20.45308601 3.40000000
 C	35.29510803 -8.91938259 3.40000000
 C	-32.53828041 -20.88023917 3.40000000
 C	37.71761397 -8.49222943 3.40000000
 C	-1.04434651 -15.32700889 3.40000000
 C	6.22368007 -14.04545971 3.40000000
 C	-3.46685245 -15.75416205 3.40000000
 C	8.64618601 -13.61830655 3.40000000
 C	-5.88952797 -16.18134511 3.40000000
 C	11.06886153 -13.19112349 3.40000000
 C	-8.55878359 -15.20993768 3.40000000
 C	13.24484391 -11.36536988 3.40000000
 C	1.13163587 -13.50125528 3.40000000
 C	3.55431139 -13.07407222 3.40000000
 C	-10.98140259 -15.63711078 3.40000000
 C	15.66734985 -10.93821672 3.40000000
 C	-13.40407811 -16.06429384 3.40000000
 C	18.09002537 -10.51103366 3.40000000
 C	-15.82658406 -16.49144700 3.40000000
 C	20.51264437 -10.08386057 3.40000000
 C	-18.24925958 -16.91863006 3.40000000
 C	22.93520684 -9.65669744 3.40000000
 C	-20.67193511 -17.34581312 3.40000000
 C	25.35788236 -9.22951438 3.40000000
 C	-23.09449757 -17.77297624 3.40000000
 C	27.78055789 -8.80233132 3.40000000
 C	-25.51711657 -18.20014934 3.40000000
 C	30.20306383 -8.37517816 3.40000000
 C	-27.93979210 -18.62733240 3.40000000
 C	32.62573936 -7.94799510 3.40000000
 C	-30.36229804 -19.05448555 3.40000000
 C	35.04835835 -7.52082201 3.40000000
 C	-32.78497356 -19.48166862 3.40000000
 C	37.47092082 -7.09365888 3.40000000
 C	-1.29087007 -13.92840844 3.40000000
 C	5.97693039 -12.64689913 3.40000000
 C	-3.71354560 -14.35559150 3.40000000
 C	8.39949286 -12.21973600 3.40000000
 C	-6.13622112 -14.78277456 3.40000000
 C	10.82216838 -11.79255294 3.40000000
 C	2.21965650 -12.58829757 3.40000000
 C	-9.89338195 -14.72415307 3.40000000
 C	14.33269496 -10.45244207 3.40000000
 C	-12.31605748 -15.15133613 3.40000000
 C	16.75537048 -10.02525901 3.40000000
 C	-14.73873300 -15.57851919 3.40000000
 C	19.17804601 -9.59807595 3.40000000
 C	-17.16123895 -16.00567235 3.40000000
 C	21.60072153 -9.17089289 3.40000000
 C	-19.58391447 -16.43285541 3.40000000
 C	24.02322748 -8.74373973 3.40000000
 C	-22.00642041 -16.86000857 3.40000000
 C	26.44590300 -8.31655667 3.40000000
 C	-0.20301902 -13.01548063 3.40000000
 C	4.64233203 -12.16111451 3.40000000
 C	-24.42909594 -17.28719163 3.40000000
 C	28.86840894 -7.88940351 3.40000000
 C	-26.85177146 -17.71437469 3.40000000
 C	31.29108447 -7.46222045 3.40000000
 C	-29.27444699 -18.14155775 3.40000000
 C	33.71375999 -7.03503739 3.40000000
 C	-31.69695293 -18.56871091 3.40000000
 C	36.13643552 -6.60785433 3.40000000
 C	38.55894146 -6.18070117 3.40000000
 C	-2.62552496 -13.44263379 3.40000000
 C	7.06500755 -11.73393145 3.40000000
 C	-5.04820049 -13.86981685 3.40000000
 C	9.48751349 -11.30677829 3.40000000
 C	-7.47070643 -14.29697001 3.40000000
 C	11.91018902 -10.87959523 3.40000000
 C	1.97302225 -11.18956520 3.40000000
 C	-10.14001621 -13.32542070 3.40000000
 C	14.08623029 -9.05367980 3.40000000
 C	-12.56269173 -13.75260376 3.40000000
 C	16.50873623 -8.62652664 3.40000000
 C	-14.98519768 -14.17975692 3.40000000
 C	18.93141175 -8.19934358 3.40000000
 C	-17.40787320 -14.60693998 3.40000000
 C	21.35403075 -7.77217049 3.40000000
 C	-19.83054873 -15.03412304 3.40000000
 C	23.77659322 -7.34500736 3.40000000
 C	-0.44948369 -11.61671836 3.40000000
 C	-22.25311119 -15.46128616 3.40000000
 C	26.19926875 -6.91782430 3.40000000
 C	4.39569777 -10.76238214 3.40000000
 C	-24.67573019 -15.88845926 3.40000000
 C	28.62194427 -6.49064124 3.40000000
 C	-27.09840572 -16.31564232 3.40000000
 C	31.04445021 -6.06348808 3.40000000
 C	-29.52091166 -16.74279548 3.40000000
 C	33.46712574 -5.63630502 3.40000000
 C	-31.94358718 -17.16997854 3.40000000
 C	35.88974473 -5.20913193 3.40000000
 C	38.31230720 -4.78196880 3.40000000
 C	-2.87215922 -12.04390142 3.40000000
 C	6.81831677 -10.33520905 3.40000000
 C	-5.29483474 -12.47108448 3.40000000
 C	9.24087924 -9.90804592 3.40000000
 C	-7.71739721 -12.89824761 3.40000000
 C	11.66355476 -9.48086286 3.40000000
 C	-9.05199557 -12.41246299 3.40000000
 C	12.75157540 -8.56790515 3.40000000
 C	0.63836736 -10.70379055 3.40000000
 C	3.06104288 -10.27660749 3.40000000
 C	-11.47467110 -12.83964605 3.40000000
 C	15.17408134 -8.14075199 3.40000000
 C	-13.89734662 -13.26682911 3.40000000
 C	17.59675686 -7.71356893 3.40000000
 C	-16.31985257 -13.69398227 3.40000000
 C	20.01943239 -7.28638587 3.40000000
 C	-18.74252809 -14.12116533 3.40000000
 C	22.44210791 -6.85920281 3.40000000
 C	-21.16503403 -14.54831849 3.40000000
 C	24.86461386 -6.43204965 3.40000000
 C	-23.58770956 -14.97550155 3.40000000
 C	27.28728938 -6.00486659 3.40000000
 C	-26.01038508 -15.40268461 3.40000000
 C	29.70979532 -5.57771343 3.40000000
 C	-28.43306061 -15.82986767 3.40000000
 C	32.13247085 -5.15053037 3.40000000
 C	-30.85556655 -16.25702083 3.40000000
 C	34.55514637 -4.72334731 3.40000000
 C	36.97782190 -4.29616425 3.40000000
 C	-1.78413858 -11.13094371 3.40000000
 C	5.48371841 -9.84942443 3.40000000
 C	39.40032784 -3.86901109 3.40000000
 C	-4.20681411 -11.55812677 3.40000000
 C	7.90639393 -9.42224137 3.40000000
 C	-6.62932005 -11.98527993 3.40000000
 C	10.32889987 -8.99508821 3.40000000
 C	-9.29862983 -11.01373062 3.40000000
 C	12.50494114 -7.16917278 3.40000000
 C	0.39190269 -9.30502828 3.40000000
 C	2.81440863 -8.87787512 3.40000000
 C	-11.72130535 -11.44091368 3.40000000
 C	14.92761667 -6.74198972 3.40000000
 C	-14.14381130 -11.86806684 3.40000000
 C	17.35012261 -6.31483656 3.40000000
 C	-16.56648682 -12.29524990 3.40000000
 C	19.77279813 -5.88765350 3.40000000
 C	-18.98916235 -12.72243296 3.40000000
 C	22.19541713 -5.46048041 3.40000000
 C	-21.41172481 -13.14959609 3.40000000
 C	24.61797960 -5.03331728 3.40000000
 C	-23.83434381 -13.57676918 3.40000000
 C	27.04065513 -4.60613422 3.40000000
 C	-26.25701934 -14.00395224 3.40000000
 C	29.46333065 -4.17895116 3.40000000
 C	-28.67952528 -14.43110540 3.40000000
 C	31.88583659 -3.75179800 3.40000000
 C	-31.10220080 -14.85828846 3.40000000
 C	34.30851212 -3.32461494 3.40000000
 C	36.73113111 -2.89744185 3.40000000
 C	-2.03077284 -9.73221134 3.40000000
 C	5.23708415 -8.45069206 3.40000000
 C	39.15369358 -2.47027873 3.40000000
 C	-4.45344836 -10.15939440 3.40000000
 C	7.65970315 -8.02351897 3.40000000
 C	-6.87601083 -10.58655753 3.40000000
 C	10.08226562 -7.59635584 3.40000000
 C	1.47969484 -8.39226229 3.40000000
 C	-10.63334361 -10.52811779 3.40000000
 C	13.59290288 -6.25637689 3.40000000
 C	16.01540882 -5.82922373 3.40000000
 C	-13.05601914 -10.95530085 3.40000000
 C	-15.47852508 -11.38245401 3.40000000
 C	18.43808435 -5.40204067 3.40000000
 C	-17.90120061 -11.80963707 3.40000000
 C	20.86075987 -4.97485761 3.40000000
 C	-20.32370655 -12.23679022 3.40000000
 C	23.28343540 -4.54767455 3.40000000
 C	-0.94281110 -8.81941545 3.40000000
 C	3.90237037 -7.96507923 3.40000000
 C	-22.74638207 -12.66397329 3.40000000
 C	25.70594134 -4.12052139 3.40000000
 C	-25.16905760 -13.09115635 3.40000000
 C	28.12861687 -3.69333833 3.40000000
 C	30.55112281 -3.26618517 3.40000000
 C	-27.59173312 -13.51833941 3.40000000
 C	-30.01423906 -13.94549256 3.40000000
 C	32.97379833 -2.83900211 3.40000000
 C	35.39647386 -2.41181905 3.40000000
 C	37.81914938 -1.98463599 3.40000000
 C	40.24165532 -1.55748283 3.40000000
 C	-3.36548662 -9.24659851 3.40000000
 C	6.32504589 -7.53789617 3.40000000
 C	-5.78799256 -9.67375167 3.40000000
 C	8.74772142 -7.11071311 3.40000000
 C	-8.21066809 -10.10093473 3.40000000
 C	11.17022736 -6.68355995 3.40000000
 C	1.23323017 -6.99350002 3.40000000
 C	-10.87997787 -9.12938542 3.40000000
 C	13.34626863 -4.85764452 3.40000000
 C	-13.30248381 -9.55653858 3.40000000
 C	15.76894415 -4.43046146 3.40000000
 C	-15.72515934 -9.98372164 3.40000000
 C	18.19145009 -4.00330830 3.40000000
 C	-18.14783486 -10.41090470 3.40000000
 C	20.61412562 -3.57612524 3.40000000
 C	-20.57039733 -10.83806782 3.40000000
 C	23.03674462 -3.14895215 3.40000000
 C	-1.18944535 -7.42068308 3.40000000
 C	3.65573611 -6.56634686 3.40000000
 C	-22.99301633 -11.26524092 3.40000000
 C	25.45930708 -2.72178902 3.40000000
 C	-25.41569185 -11.69242398 3.40000000
 C	27.88198261 -2.29460596 3.40000000
 C	-27.83819779 -12.11957714 3.40000000
 C	30.30465813 -1.86742290 3.40000000
 C	-30.26087332 -12.54676020 3.40000000
 C	32.72716408 -1.44026974 3.40000000
 C	35.14983960 -1.01308668 3.40000000
 C	37.57245860 -0.58591359 3.40000000
 C	39.99502107 -0.15875046 3.40000000
 C	-3.61212088 -7.84786614 3.40000000
 C	6.07841164 -6.13916380 3.40000000
 C	-6.03468335 -8.27502926 3.40000000
 C	8.50103063 -5.71199071 3.40000000
 C	-8.45730234 -8.70220236 3.40000000
 C	10.92359310 -5.28482758 3.40000000
 C	-9.79195724 -8.21642770 3.40000000
 C	12.01161374 -4.37186986 3.40000000
 C	-0.10142472 -6.50772536 3.40000000
 C	2.32108122 -6.08057220 3.40000000
 C	-12.21463276 -8.64361076 3.40000000
 C	14.43428926 -3.94468680 3.40000000
 C	-14.63713870 -9.07076392 3.40000000
 C	16.85679520 -3.51753364 3.40000000
 C	-17.05981423 -9.49794698 3.40000000
 C	19.27947073 -3.09035058 3.40000000
 C	-19.48232017 -9.92510014 3.40000000
 C	21.70214625 -2.66316752 3.40000000
 C	-21.90499569 -10.35228320 3.40000000
 C	24.12482178 -2.23598446 3.40000000
 C	-24.32767122 -10.77946626 3.40000000
 C	26.54732772 -1.80883130 3.40000000
 C	-26.75034674 -11.20664932 3.40000000
 C	28.97000324 -1.38164824 3.40000000
 C	-29.17285268 -11.63380248 3.40000000
 C	31.39250918 -0.95449508 3.40000000
 C	33.81518471 -0.52731202 3.40000000
 C	36.23786023 -0.10012896 3.40000000
 C	-2.52410025 -6.93490842 3.40000000
 C	4.74375675 -5.65338914 3.40000000
 C	38.66053576 0.32705410 3.40000000
 C	41.08304170 0.75420726 3.40000000
 C	-4.94660619 -7.36206158 3.40000000
 C	7.16643227 -5.22620608 3.40000000
 C	-7.36928171 -7.78924464 3.40000000
 C	9.58910780 -4.79902302 3.40000000
 C	-10.03859149 -6.81769534 3.40000000
 C	11.76497948 -2.97313750 3.40000000
 C	-0.34805897 -5.10899300 3.40000000
 C	2.07461655 -4.68180994 3.40000000
 C	-12.46109743 -7.24484850 3.40000000
 C	14.18765501 -2.54595444 3.40000000
 C	-14.88377296 -7.67203156 3.40000000
 C	16.61033053 -2.11877138 3.40000000
 C	-17.30644848 -8.09921462 3.40000000
 C	19.03283647 -1.69161822 3.40000000
 C	-19.72901095 -8.52637775 3.40000000
 C	21.45551200 -1.26443516 3.40000000
 C	-22.15162995 -8.95355084 3.40000000
 C	23.87813100 -0.83726207 3.40000000
 C	-24.57430547 -9.38073390 3.40000000
 C	26.30069347 -0.41009894 3.40000000
 C	-26.99681141 -9.80788706 3.40000000
 C	28.72336899 0.01708412 3.40000000
 C	-29.41948694 -10.23507012 3.40000000
 C	31.14604452 0.44426718 3.40000000
 C	33.56855046 0.87142034 3.40000000
 C	35.99122598 1.29860340 3.40000000
 C	-2.77073450 -5.53617606 3.40000000
 C	4.49712249 -4.25465678 3.40000000
 C	38.41384498 1.72577649 3.40000000
 C	40.83640745 2.15293962 3.40000000
 C	-5.19329697 -5.96333919 3.40000000
 C	6.91979802 -3.82747372 3.40000000
 C	-7.61591596 -6.39051228 3.40000000
 C	9.34241701 -3.40030063 3.40000000
 C	0.73996166 -4.19603528 3.40000000
 C	-11.37324638 -6.33192068 3.40000000
 C	12.85300012 -2.06017978 3.40000000
 C	-13.79575232 -6.75907384 3.40000000
 C	15.27567564 -1.63299672 3.40000000
 C	-16.21842785 -7.18625690 3.40000000
 C	17.69818158 -1.20584356 3.40000000
 C	-18.64093379 -7.61341006 3.40000000
 C	20.12085711 -0.77866050 3.40000000
 C	-21.06360931 -8.04059312 3.40000000
 C	22.54353263 -0.35147744 3.40000000
 C	-1.68271386 -4.62321834 3.40000000
 C	3.16246760 -3.76888212 3.40000000
 C	-23.48628484 -8.46777618 3.40000000
 C	24.96620816 0.07570562 3.40000000
 C	-25.90896036 -8.89495924 3.40000000
 C	27.38871410 0.50285878 3.40000000
 C	-28.33146630 -9.32211240 3.40000000
 C	29.81138962 0.93004184 3.40000000
 C	32.23389557 1.35719500 3.40000000
 C	34.65657109 1.78437806 3.40000000
 C	37.07924661 2.21156112 3.40000000
 C	39.50192214 2.63874418 3.40000000
 C	41.92442808 3.06589734 3.40000000
 C	-4.10521981 -5.05037150 3.40000000
 C	5.58514313 -3.34169906 3.40000000
 C	-6.52789533 -5.47755456 3.40000000
 C	8.00781865 -2.91451600 3.40000000
 C	-8.95057086 -5.90473762 3.40000000
 C	10.43049418 -2.48733294 3.40000000
 C	0.49330777 -2.79735685 3.40000000
 C	-11.61973068 -4.93321235 3.40000000
 C	12.60634623 -0.66150135 3.40000000
 C	-14.04240621 -5.36039541 3.40000000
 C	15.02902175 -0.23431829 3.40000000
 C	-16.46508173 -5.78757847 3.40000000
 C	17.45169728 0.19286477 3.40000000
 C	-18.88764420 -6.21474160 3.40000000
 C	19.87420322 0.62001793 3.40000000
 C	-21.31026320 -6.64191469 3.40000000
 C	22.29687875 1.04720099 3.40000000
 C	-23.73293872 -7.06909775 3.40000000
 C	-1.92936775 -3.22453991 3.40000000
 C	24.71949774 1.47437408 3.40000000
 C	2.91598330 -2.37017379 3.40000000
 C	-26.15544467 -7.49625091 3.40000000
 C	27.14206021 1.90153721 3.40000000
 C	-28.57812019 -7.92343397 3.40000000
 C	29.56473574 2.32872027 3.40000000
 C	31.98741126 2.75590333 3.40000000
 C	34.40991720 3.18305649 3.40000000
 C	36.83259273 3.61023955 3.40000000
 C	39.25521172 4.03741264 3.40000000
 C	41.67777419 4.46457577 3.40000000
 C	-4.35193022 -3.65170304 3.40000000
 C	5.33848924 -1.94302063 3.40000000
 C	-6.77454922 -4.07887613 3.40000000
 C	7.76116476 -1.51583757 3.40000000
 C	-9.19722474 -4.50605919 3.40000000
 C	10.18378376 -1.08866448 3.40000000
 C	-10.53186000 -4.02023060 3.40000000
 C	11.27188056 -0.17564286 3.40000000
 C	-0.84132748 -2.31152826 3.40000000
 C	1.58134804 -1.88434520 3.40000000
 C	-12.95436594 -4.44738376 3.40000000
 C	13.69438650 0.25151030 3.40000000
 C	-15.37704147 -4.87456682 3.40000000
 C	16.11706202 0.67869336 3.40000000
 C	-17.79954741 -5.30171998 3.40000000
 C	18.53956796 1.10584651 3.40000000
 C	-20.22222293 -5.72890304 3.40000000
 C	20.96224349 1.53302958 3.40000000
 C	-22.64489846 -6.15608610 3.40000000
 C	23.38491901 1.96021264 3.40000000
 C	-25.06757398 -6.58326916 3.40000000
 C	25.80759454 2.38739570 3.40000000
 C	-27.49007992 -7.01042232 3.40000000
 C	28.23010048 2.81454885 3.40000000
 C	30.65277600 3.24173192 3.40000000
 C	33.07528195 3.66888507 3.40000000
 C	35.49795747 4.09606813 3.40000000
 C	-3.26383343 -2.73868142 3.40000000
 C	4.00385398 -1.45719204 3.40000000
 C	37.92063300 4.52325119 3.40000000
 C	40.34330852 4.95043426 3.40000000
 C	42.76581446 5.37758741 3.40000000
 C	-5.68650895 -3.16586448 3.40000000
 C	6.42652951 -1.03000898 3.40000000
 C	-8.10918448 -3.59304754 3.40000000
 C	8.84920503 -0.60282592 3.40000000
 C	-10.77838357 -2.62163015 3.40000000
 C	11.02513088 1.22291772 3.40000000
 C	-1.08802064 -0.91295771 3.40000000
 C	1.33465489 -0.48577465 3.40000000
 C	-13.20105909 -3.04881321 3.40000000
 C	13.44769335 1.65008085 3.40000000
 C	-15.62373462 -3.47599627 3.40000000
 C	15.87036887 2.07726391 3.40000000
 C	-18.04629709 -3.90315939 3.40000000
 C	18.29304440 2.50444697 3.40000000
 C	-20.46891608 -4.33033249 3.40000000
 C	20.71555034 2.93160013 3.40000000
 C	-22.89159161 -4.75751555 3.40000000
 C	23.13822586 3.35878319 3.40000000
 C	-25.31409755 -5.18466871 3.40000000
 C	25.56084486 3.78595628 3.40000000
 C	-27.73677307 -5.61185177 3.40000000
 C	27.98340733 4.21311941 3.40000000
 C	30.40608285 4.64030247 3.40000000
 C	32.82875838 5.06748553 3.40000000
 C	35.25126432 5.49463869 3.40000000
 C	-3.51058310 -1.34012084 3.40000000
 C	3.75733041 -0.05859159 3.40000000
 C	37.67393984 5.92182175 3.40000000
 C	40.09655884 6.34899484 3.40000000
 C	42.51912131 6.77615797 3.40000000
 C	-5.93320210 -1.76729393 3.40000000
 C	6.17983636 0.36856157 3.40000000
 C	-8.35587763 -2.19447699 3.40000000
 C	8.60251188 0.79574463 3.40000000
 C	0.00000000 0.00000000 3.40000000
 C	-12.11303846 -2.13585550 3.40000000
 C	12.11320804 2.13588540 3.40000000
 C	-14.53571398 -2.56303856 3.40000000
 C	14.53571398 2.56303856 3.40000000
 C	-16.95821992 -2.99019172 3.40000000
 C	16.95838951 2.99022162 3.40000000
 C	-19.38089545 -3.41737478 3.40000000
 C	19.38089545 3.41737478 3.40000000
 C	-21.80357097 -3.84455784 3.40000000
 C	21.80357097 3.84455784 3.40000000
 C	-2.42250594 -0.42715316 3.40000000
 C	-24.22624650 -4.27174090 3.40000000
 C	24.22624650 4.27174090 3.40000000
 C	2.42267552 0.42718306 3.40000000
 C	-26.64875244 -4.69889406 3.40000000
 C	26.64892202 4.69892396 3.40000000
 C	29.07142796 5.12607712 3.40000000
 C	31.49410349 5.55326018 3.40000000
 C	33.91660943 5.98041334 3.40000000
 C	36.33928495 6.40759640 3.40000000
 C	38.76196048 6.83477946 3.40000000
 C	41.18463600 7.26196252 3.40000000
 C	43.60714195 7.68911568 3.40000000
 C	-4.84518147 -0.85433622 3.40000000
 C	4.84518147 0.85433622 3.40000000
 C	-7.26785699 -1.28151928 3.40000000
 C	7.26785699 1.28151928 3.40000000
 C	-9.69053252 -1.70870234 3.40000000
 C	9.69053252 1.70870234 3.40000000
 C	-0.24663426 1.39873237 3.40000000
 C	-12.35967271 -0.73712313 3.40000000
 C	11.86651726 3.53460780 3.40000000
 C	-14.78234824 -1.16430619 3.40000000
 C	14.28907973 3.96177093 3.40000000
 C	-17.20491071 -1.59146932 3.40000000
 C	16.71175525 4.38895399 3.40000000
 C	-19.62752970 -2.01864241 3.40000000
 C	19.13443078 4.81613705 3.40000000
 C	-22.05020523 -2.44582547 3.40000000
 C	21.55693672 5.24329021 3.40000000
 C	-2.66919672 0.97156924 3.40000000
 C	-24.47271117 -2.87297863 3.40000000
 C	23.97961224 5.67047327 3.40000000
 C	2.17604127 1.82591543 3.40000000
 C	-26.89538669 -3.30016169 3.40000000
 C	26.40223124 6.09764636 3.40000000
 C	28.82479371 6.52480949 3.40000000
 C	31.24746923 6.95199255 3.40000000
 C	33.67014476 7.37917561 3.40000000
 C	36.09265070 7.80632877 3.40000000
 C	38.51532622 8.23351183 3.40000000
 C	40.93794522 8.66068492 3.40000000
 C	43.36050769 9.08784805 3.40000000
 C	-5.09181572 0.54439615 3.40000000
 C	4.59871679 2.25309849 3.40000000
 C	-7.51449125 0.11721309 3.40000000
 C	7.02122274 2.68025165 3.40000000
 C	-9.93699719 -0.30994007 3.40000000
 C	9.44389826 3.10743471 3.40000000
 C	-11.27165208 0.17583458 3.40000000
 C	10.53191890 4.02039242 3.40000000
 C	-1.58111956 1.88453692 3.40000000
 C	0.84138638 2.31169008 3.40000000
 C	-13.69432760 -0.25134848 3.40000000
 C	12.95459442 4.44757548 3.40000000
 C	-16.11683354 -0.67850164 3.40000000
 C	15.37710036 4.87472864 3.40000000
 C	-18.53950907 -1.10568470 3.40000000
 C	17.79977589 5.30191170 3.40000000
 C	-20.96218459 -1.53286776 3.40000000
 C	20.22228183 5.72906486 3.40000000
 C	-23.38486012 -1.96005082 3.40000000
 C	22.64495735 6.15624792 3.40000000
 C	-25.80736606 -2.38720398 3.40000000
 C	25.06763288 6.58343098 3.40000000
 C	27.49030840 7.01061404 3.40000000
 C	29.91281434 7.43776720 3.40000000
 C	32.33548987 7.86495026 3.40000000
 C	34.75799581 8.29210341 3.40000000
 C	-4.00379509 1.45735386 3.40000000
 C	3.26406191 2.73887314 3.40000000
 C	37.18067134 8.71928648 3.40000000
 C	39.60334686 9.14646954 3.40000000
 C	42.02602238 9.57365260 3.40000000
 C	44.44852833 10.00080575 3.40000000
 C	-6.42647061 1.03017080 3.40000000
 C	5.68656785 3.16602630 3.40000000
 C	-8.84914614 0.60298774 3.40000000
 C	8.10924337 3.59320936 3.40000000
 C	-11.51828633 1.57456695 3.40000000
 C	10.28528464 5.41912479 3.40000000
 C	-1.82781034 3.28325932 3.40000000
 C	0.59475212 3.71042245 3.40000000
 C	-13.94096186 1.14738389 3.40000000
 C	12.70790364 5.84629788 3.40000000
 C	-16.36352433 0.72022076 3.40000000
 C	15.13046611 6.27346101 3.40000000
 C	-18.78614332 0.29304767 3.40000000
 C	17.55314163 6.70064407 3.40000000
 C	-21.20881885 -0.13413539 3.40000000
 C	19.97581716 7.12782713 3.40000000
 C	-23.63132479 -0.56128855 3.40000000
 C	22.39832310 7.55498029 3.40000000
 C	-26.05400031 -0.98847161 3.40000000
 C	24.82099862 7.98216335 3.40000000
 C	27.24361762 8.40933644 3.40000000
 C	29.66618009 8.83649956 3.40000000
 C	32.08885561 9.26368263 3.40000000
 C	34.51153114 9.69086569 3.40000000
 C	-4.25042934 2.85608623 3.40000000
 C	3.01742765 4.13760551 3.40000000
 C	36.93403708 10.11801884 3.40000000
 C	39.35671260 10.54520190 3.40000000
 C	41.77933160 10.97237500 3.40000000
 C	44.20189407 11.39953812 3.40000000
 C	-6.67310487 2.42890317 3.40000000
 C	5.44010317 4.56478857 3.40000000
 C	-9.09561081 2.00175001 3.40000000
 C	7.86260912 4.99194173 3.40000000
 C	-0.73979208 4.19606518 3.40000000
 C	-12.85300012 2.06017978 3.40000000
 C	11.37324638 6.33192068 3.40000000
 C	-15.27550606 1.63302662 3.40000000
 C	13.79592191 6.75910374 3.40000000
 C	-17.69818158 1.20584356 3.40000000
 C	16.21842785 7.18625690 3.40000000
 C	-20.12085711 0.77866050 3.40000000
 C	18.64110337 7.61343996 3.40000000
 C	21.06360931 8.04059312 3.40000000
 C	-22.54353263 0.35147744 3.40000000
 C	-3.16246760 3.76888212 3.40000000
 C	1.68271386 4.62321834 3.40000000
 C	-24.96603857 -0.07567572 3.40000000
 C	23.48628484 8.46777618 3.40000000
 C	25.90896036 8.89495924 3.40000000
 C	28.33163589 9.32214230 3.40000000
 C	30.75414183 9.74929546 3.40000000
 C	33.17681735 10.17647852 3.40000000
 C	35.59932329 10.60363168 3.40000000
 C	38.02199882 11.03081474 3.40000000
 C	40.44467434 11.45799780 3.40000000
 C	42.86734987 11.88518086 3.40000000
 C	45.28985581 12.31233402 3.40000000
 C	-5.58514313 3.34169906 3.40000000
 C	4.10538939 5.05040140 3.40000000
 C	6.52789533 5.47755456 3.40000000
 C	-8.00781865 2.91451600 3.40000000
 C	-10.43032459 2.48736284 3.40000000
 C	8.95057086 5.90473762 3.40000000
 C	-0.98648286 5.59478758 3.40000000
 C	-13.09963437 3.45891215 3.40000000
 C	11.12661213 7.73065305 3.40000000
 C	-15.52219684 3.03174903 3.40000000
 C	13.54923112 8.15782614 3.40000000
 C	-17.94481584 2.60457593 3.40000000
 C	15.97179359 8.58498927 3.40000000
 C	-20.36749136 2.17739287 3.40000000
 C	18.39446912 9.01217233 3.40000000
 C	-22.78999730 1.75023971 3.40000000
 C	20.81714464 9.43935539 3.40000000
 C	-3.40910186 5.16761449 3.40000000
 C	1.43607961 6.02195071 3.40000000
 C	-25.21267283 1.32305665 3.40000000
 C	23.23965058 9.86650855 3.40000000
 C	25.66232611 10.29369161 3.40000000
 C	28.08494510 10.72086470 3.40000000
 C	30.50750757 11.14802783 3.40000000
 C	32.93018310 11.57521089 3.40000000
 C	35.35285862 12.00239395 3.40000000
 C	37.77536456 12.42954711 3.40000000
 C	40.19804009 12.85673017 3.40000000
 C	42.62065909 13.28390326 3.40000000
 C	45.04322156 13.71106639 3.40000000
 C	-5.83177738 4.74043143 3.40000000
 C	3.85875513 6.44913377 3.40000000
 C	-8.25428332 4.31327827 3.40000000
 C	6.28143066 6.87631683 3.40000000
 C	-10.67695885 3.88609521 3.40000000
 C	8.70393660 7.30346999 3.40000000
 C	-12.01161374 4.37186987 3.40000000
 C	9.79195723 8.21642771 3.40000000
 C	-2.32108122 6.08057221 3.40000000
 C	0.10159430 6.50775527 3.40000000
 C	-14.43411968 3.94471671 3.40000000
 C	12.21463276 8.64361077 3.40000000
 C	-16.85679520 3.51753365 3.40000000
 C	14.63730828 9.07079383 3.40000000
 C	-19.27947073 3.09035059 3.40000000
 C	17.05981423 9.49794699 3.40000000
 C	-21.70214625 2.66316753 3.40000000
 C	19.48248975 9.92513005 3.40000000
 C	-24.12465220 2.23601437 3.40000000
 C	21.90499569 10.35228321 3.40000000
 C	24.32767122 10.77946627 3.40000000
 C	26.75034674 11.20664933 3.40000000
 C	29.17302227 11.63383239 3.40000000
 C	31.59552821 12.06098555 3.40000000
 C	34.01820373 12.48816861 3.40000000
 C	-4.74375675 5.65338915 3.40000000
 C	2.52410024 6.93490843 3.40000000
 C	36.44070967 12.91532177 3.40000000
 C	38.86338520 13.34250483 3.40000000
 C	41.28606072 13.76968789 3.40000000
 C	43.70873625 14.19687095 3.40000000
 C	46.13124219 14.62402411 3.40000000
 C	-7.16643227 5.22620609 3.40000000
 C	4.94677577 7.36209149 3.40000000
 C	-9.58893821 4.79905293 3.40000000
 C	7.36928171 7.78924465 3.40000000
 C	-12.25824799 5.77060223 3.40000000
 C	9.54532298 9.61516007 3.40000000
 C	-2.56771548 7.47930457 3.40000000
 C	-0.14509648 7.90647766 3.40000000
 C	-14.68081046 5.34343910 3.40000000
 C	11.96799851 10.04234313 3.40000000
 C	-17.10342946 4.91626601 3.40000000
 C	14.39061750 10.46951622 3.40000000
 C	-19.52610498 4.48908295 3.40000000
 C	16.81317997 10.89667935 3.40000000
 C	-21.94861092 4.06192979 3.40000000
 C	19.23585550 11.32386241 3.40000000
 C	-24.37128645 3.63474673 3.40000000
 C	21.65853102 11.75104547 3.40000000
 C	24.08103696 12.17819863 3.40000000
 C	26.50371249 12.60538169 3.40000000
 C	28.92633148 13.03255478 3.40000000
 C	31.34889395 13.45971791 3.40000000
 C	33.77156948 13.88690097 3.40000000
 C	-4.99039100 7.05212151 3.40000000
 C	2.27746599 8.33364079 3.40000000
 C	36.19424500 14.31408403 3.40000000
 C	38.61675094 14.74123719 3.40000000
 C	41.03942647 15.16842025 3.40000000
 C	43.46204547 15.59559334 3.40000000
 C	45.88460794 16.02275646 3.40000000
 C	-7.41289694 6.62496835 3.40000000
 C	4.70014151 8.76082385 3.40000000
 C	-9.83557247 6.19778529 3.40000000
 C	7.12281704 9.18800691 3.40000000
 C	-1.47969484 8.39226229 3.40000000
 C	-13.59273330 6.25640679 3.40000000
 C	10.63334361 10.52811779 3.40000000
 C	-16.01540882 5.82922373 3.40000000
 C	13.05601914 10.95530085 3.40000000
 C	-18.43808435 5.40204067 3.40000000
 C	15.47869466 11.38248391 3.40000000
 C	-20.86075987 4.97485761 3.40000000
 C	17.90120061 11.80963707 3.40000000
 C	-23.28326582 4.54770445 3.40000000
 C	20.32387613 12.23682013 3.40000000
 C	-3.90237037 7.96507923 3.40000000
 C	22.74638207 12.66397329 3.40000000
 C	0.94298068 8.81944535 3.40000000
 C	25.16905760 13.09115635 3.40000000
 C	27.59173312 13.51833941 3.40000000
 C	30.01440865 13.94552247 3.40000000
 C	32.43691459 14.37267563 3.40000000
 C	34.85959011 14.79985869 3.40000000
 C	37.28209605 15.22701184 3.40000000
 C	39.70477158 15.65419490 3.40000000
 C	42.12744710 16.08137797 3.40000000
 C	44.55012263 16.50856103 3.40000000
 C	46.97262857 16.93571418 3.40000000
 C	-6.32504589 7.53789617 3.40000000
 C	3.36548662 9.24659851 3.40000000
 C	-8.74755183 7.11074301 3.40000000
 C	5.78816215 9.67378157 3.40000000
 C	-11.17022736 6.68355995 3.40000000
 C	8.21066809 10.10093473 3.40000000
 C	-1.72634873 9.79094072 3.40000000
 C	-13.83944371 7.65507525 3.40000000
 C	10.38668973 11.92679622 3.40000000
 C	-16.26206271 7.22790216 3.40000000
 C	12.80936525 12.35397928 3.40000000
 C	-18.68473824 6.80071910 3.40000000
 C	15.23198425 12.78115237 3.40000000
 C	-21.10724418 6.37356594 3.40000000
 C	17.65454672 13.20831550 3.40000000
 C	-23.52991970 5.94638288 3.40000000
 C	20.07722224 13.63549856 3.40000000
 C	-4.14902425 9.36375766 3.40000000
 C	22.49989777 14.06268162 3.40000000
 C	0.69627027 10.21811381 3.40000000
 C	24.92240371 14.48983478 3.40000000
 C	27.34507923 14.91701784 3.40000000
 C	29.76769823 15.34419093 3.40000000
 C	32.19026070 15.77135406 3.40000000
 C	34.61293623 16.19853712 3.40000000
 C	37.03561175 16.62572018 3.40000000
 C	39.45811769 17.05287333 3.40000000
 C	41.88079322 17.48005640 3.40000000
 C	44.30341221 17.90722949 3.40000000
 C	-6.57153020 8.93660450 3.40000000
 C	46.72597468 18.33439261 3.40000000
 C	3.11883274 10.64527694 3.40000000
 C	-8.99420572 8.50942144 3.40000000
 C	5.54150826 11.07246000 3.40000000
 C	-11.41688125 8.08223838 3.40000000
 C	7.96418379 11.49964306 3.40000000
 C	-12.75134692 8.56809687 3.40000000
 C	9.05205447 12.41262480 3.40000000
 C	-3.06098399 10.27676931 3.40000000
 C	-0.63830846 10.70395237 3.40000000
 C	-15.17402244 8.14091381 3.40000000
 C	11.47472999 12.83980787 3.40000000
 C	-17.59669797 7.71373075 3.40000000
 C	13.89740552 13.26699093 3.40000000
 C	-20.01937349 7.28654769 3.40000000
 C	16.32008104 13.69417399 3.40000000
 C	-22.44187944 6.85939453 3.40000000
 C	18.74258699 14.12132714 3.40000000
 C	21.16526251 14.54851021 3.40000000
 C	23.58776845 14.97566336 3.40000000
 C	26.01044398 15.40284642 3.40000000
 C	28.43311950 15.83002948 3.40000000
 C	30.85579503 16.25721255 3.40000000
 C	33.27830097 16.68436570 3.40000000
 C	-5.48365951 9.84958625 3.40000000
 C	1.78436706 11.13113543 3.40000000
 C	35.70097649 17.11154876 3.40000000
 C	38.12348243 17.53870192 3.40000000
 C	40.54615796 17.96588498 3.40000000
 C	42.96883348 18.39306804 3.40000000
 C	45.39150901 18.82025110 3.40000000
 C	47.81401495 19.24740426 3.40000000
 C	-7.90616545 9.42243309 3.40000000
 C	4.20687300 11.55828859 3.40000000
 C	-10.32884098 8.99525003 3.40000000
 C	6.62954853 11.98547165 3.40000000
 C	-12.99809660 9.96665745 3.40000000
 C	8.80553090 13.81122526 3.40000000
 C	-3.30767714 11.67533986 3.40000000
 C	-0.88500161 12.10252292 3.40000000
 C	-15.42071560 9.53948436 3.40000000
 C	11.22803684 14.23837842 3.40000000
 C	-17.84339112 9.11230130 3.40000000
 C	13.65071237 14.66556148 3.40000000
 C	-20.26589706 8.68514814 3.40000000
 C	16.07333137 15.09273457 3.40000000
 C	-22.68857259 8.25796508 3.40000000
 C	18.49589383 15.51989770 3.40000000
 C	20.91856936 15.94708076 3.40000000
 C	23.34124488 16.37426382 3.40000000
 C	25.76375083 16.80141698 3.40000000
 C	28.18642635 17.22860004 3.40000000
 C	30.60904535 17.65577313 3.40000000
 C	33.03160782 18.08293626 3.40000000
 C	-5.73018308 11.24818670 3.40000000
 C	1.53761738 12.52969601 3.40000000
 C	35.45428334 18.51011932 3.40000000
 C	37.87695887 18.93730238 3.40000000
 C	40.29946481 19.36445554 3.40000000
 C	42.72214033 19.79163860 3.40000000
 C	45.14475933 20.21881169 3.40000000
 C	47.56732180 20.64597482 3.40000000
 C	-8.15285860 10.82100364 3.40000000
 C	3.96017985 12.95685914 3.40000000
 C	-10.57553413 10.39382058 3.40000000
 C	6.38285538 13.38404220 3.40000000
 C	-2.21965650 12.58829757 3.40000000
 C	-14.33269496 10.45244207 3.40000000
 C	9.89338195 14.72415307 3.40000000
 C	-16.75537048 10.02525901 3.40000000
 C	12.31605748 15.15133613 3.40000000
 C	-19.17804601 9.59807595 3.40000000
 C	14.73873300 15.57851919 3.40000000
 C	-21.60055195 9.17092279 3.40000000
 C	17.16140853 16.00570225 3.40000000
 C	19.58391447 16.43285541 3.40000000
 C	22.00659000 16.86003847 3.40000000
 C	-4.64233203 12.16111451 3.40000000
 C	0.20301902 13.01548063 3.40000000
 C	24.42909594 17.28719163 3.40000000
 C	26.85177146 17.71437469 3.40000000
 C	29.27444699 18.14155775 3.40000000
 C	31.69712251 18.56874081 3.40000000
 C	34.11962845 18.99589397 3.40000000
 C	36.54230398 19.42307703 3.40000000
 C	38.96480992 19.85023019 3.40000000
 C	41.38748544 20.27741325 3.40000000
 C	43.81016097 20.70459631 3.40000000
 C	-7.06483797 11.73396135 3.40000000
 C	46.23283649 21.13177937 3.40000000
 C	2.62569455 13.44266369 3.40000000
 C	48.65534243 21.55893253 3.40000000
 C	-9.48751349 11.30677829 3.40000000
 C	5.04820049 13.86981685 3.40000000
 C	-11.91001943 10.87962513 3.40000000
 C	7.47087601 14.29699991 3.40000000
 C	-2.46629076 13.98702994 3.40000000
 C	-14.57932921 11.85117444 3.40000000
 C	9.64691728 16.12291534 3.40000000
 C	-17.00200474 11.42399138 3.40000000
 C	12.06942322 16.55006850 3.40000000
 C	-19.42451068 10.99683822 3.40000000
 C	14.49209875 16.97725156 3.40000000
 C	-21.84718621 10.56965516 3.40000000
 C	16.91471775 17.40442465 3.40000000
 C	19.33728021 17.83158778 3.40000000
 C	-4.88879670 13.55987678 3.40000000
 C	21.75995574 18.25877084 3.40000000
 C	-0.04361523 14.41421300 3.40000000
 C	24.18263126 18.68595390 3.40000000
 C	26.60513721 19.11310706 3.40000000
 C	29.02781273 19.54029012 3.40000000
 C	31.45043173 19.96746321 3.40000000
 C	33.87299420 20.39462633 3.40000000
 C	36.29566972 20.82180940 3.40000000
 C	38.71834525 21.24899246 3.40000000
 C	41.14085119 21.67614561 3.40000000
 C	43.56352671 22.10332867 3.40000000
 C	-7.31147222 13.13269372 3.40000000
 C	45.98614571 22.53050177 3.40000000
 C	2.37900376 14.84138609 3.40000000
 C	48.40870818 22.95766489 3.40000000
 C	-9.73414775 12.70551066 3.40000000
 C	4.80156623 15.26854922 3.40000000
 C	-12.15671022 12.27834753 3.40000000
 C	7.22424176 15.69573228 3.40000000
 C	-13.49130858 12.76413215 3.40000000
 C	8.31226239 16.60868999 3.40000000
 C	-3.80094565 14.47280459 3.40000000
 C	-1.37827012 14.89998765 3.40000000
 C	-15.91398410 12.33694909 3.40000000
 C	10.73476833 17.03584315 3.40000000
 C	-18.33665963 11.90976603 3.40000000
 C	13.15744386 17.46302621 3.40000000
 C	-20.75916557 11.48261287 3.40000000
 C	15.58011938 17.89020927 3.40000000
 C	18.00279491 18.31739233 3.40000000
 C	20.42530085 18.74454549 3.40000000
 C	22.84797638 19.17172855 3.40000000
 C	25.27048232 19.59888170 3.40000000
 C	27.69315784 20.02606477 3.40000000
 C	30.11583337 20.45324783 3.40000000
 C	32.53850889 20.88043089 3.40000000
 C	-6.22345159 14.04565143 3.40000000
 C	1.04440540 15.32717071 3.40000000
 C	34.96101483 21.30758404 3.40000000
 C	37.38369036 21.73476711 3.40000000
 C	39.80619630 22.16192026 3.40000000
 C	42.22887182 22.58910332 3.40000000
 C	44.65154735 23.01628638 3.40000000
 C	47.07422287 23.44346945 3.40000000
 C	49.49672881 23.87062260 3.40000000
 C	-8.64612711 13.61846837 3.40000000
 C	3.46708093 15.75435377 3.40000000
 C	-11.06863305 13.19131521 3.40000000
 C	5.88958687 16.18150693 3.40000000
 C	-13.73794283 14.16286452 3.40000000
 C	8.06562814 18.00742236 3.40000000
 C	-4.04741032 15.87156686 3.40000000
 C	-1.62490438 16.29872002 3.40000000
 C	-16.16061836 13.73568146 3.40000000
 C	10.48830366 18.43460542 3.40000000
 C	-18.58312430 13.30852830 3.40000000
 C	12.91080960 18.86175857 3.40000000
 C	-21.00579983 12.88134524 3.40000000
 C	15.33348513 19.28894164 3.40000000
 C	17.75610413 19.71611473 3.40000000
 C	20.17866660 20.14327785 3.40000000
 C	22.60134212 20.57046091 3.40000000
 C	25.02401765 20.99764398 3.40000000
 C	27.44652359 21.42479713 3.40000000
 C	29.86919911 21.85198019 3.40000000
 C	32.29181811 22.27915329 3.40000000
 C	-6.47008584 15.44438380 3.40000000
 C	0.79777115 16.72590308 3.40000000
 C	34.71438058 22.70631641 3.40000000
 C	37.13705610 23.13349947 3.40000000
 C	39.55973163 23.56068253 3.40000000
 C	41.98223757 23.98783569 3.40000000
 C	44.40491309 24.41501875 3.40000000
 C	46.82753209 24.84219185 3.40000000
 C	49.25009456 25.26935497 3.40000000
 C	-8.89276137 15.01720074 3.40000000
 C	3.22039014 17.15307617 3.40000000
 C	-11.31532384 14.59003761 3.40000000
 C	5.64295261 17.58023930 3.40000000
 C	-2.95961816 16.78433285 3.40000000
 C	-15.07265662 14.64847735 3.40000000
 C	9.15358988 18.92021825 3.40000000
 C	11.57609582 19.34737141 3.40000000
 C	-17.49533214 14.22129429 3.40000000
 C	-19.91783809 13.79414113 3.40000000
 C	13.99877134 19.77455447 3.40000000
 C	16.42144687 20.20173753 3.40000000
 C	18.84412239 20.62892059 3.40000000
 C	-5.38212410 16.35717969 3.40000000
 C	-0.53694264 17.21151591 3.40000000
 C	21.26662834 21.05607375 3.40000000
 C	23.68930386 21.48325681 3.40000000
 C	26.11180980 21.91040997 3.40000000
 C	28.53448533 22.33759303 3.40000000
 C	30.95716085 22.76477609 3.40000000
 C	33.37983638 23.19195915 3.40000000
 C	35.80234232 23.61911231 3.40000000
 C	38.22501784 24.04629537 3.40000000
 C	40.64752378 24.47344853 3.40000000
 C	43.07019931 24.90063159 3.40000000
 C	45.49287483 25.32781465 3.40000000
 C	-7.80479963 15.92999663 3.40000000
 C	1.88573289 17.63869897 3.40000000
 C	47.91555036 25.75499771 3.40000000
 C	50.33805630 26.18215087 3.40000000
 C	-10.22730557 15.50284347 3.40000000
 C	4.30840841 18.06588203 3.40000000
 C	-12.64998109 15.07566041 3.40000000
 C	6.73091435 18.49303519 3.40000000
 C	-3.20608283 18.18309512 3.40000000
 C	-15.31929088 16.04720972 3.40000000
 C	8.90695562 20.31895062 3.40000000
 C	-17.74179682 15.62005656 3.40000000
 C	11.32963115 20.74613368 3.40000000
 C	-20.16447234 15.19287350 3.40000000
 C	13.75213709 21.17328684 3.40000000
 C	16.17481261 21.60046990 3.40000000
 C	18.59743161 22.02764299 3.40000000
 C	-5.62875836 17.75591206 3.40000000
 C	-0.78357689 18.61024828 3.40000000
 C	21.01999408 22.45480612 3.40000000
 C	23.44266960 22.88198918 3.40000000
 C	25.86534513 23.30917224 3.40000000
 C	28.28785107 23.73632540 3.40000000
 C	30.71052660 24.16350846 3.40000000
 C	33.13314559 24.59068155 3.40000000
 C	35.55570806 25.01784468 3.40000000
 C	37.97838359 25.44502774 3.40000000
 C	40.40105911 25.87221080 3.40000000
 C	42.82356505 26.29936396 3.40000000
 C	45.24624058 26.72654702 3.40000000
 C	-8.05143388 17.32872900 3.40000000
 C	1.63909863 19.03743134 3.40000000
 C	47.66885957 27.15372011 3.40000000
 C	50.09142204 27.58088323 3.40000000
 C	-10.47399635 16.90156587 3.40000000
 C	4.06171763 19.46460443 3.40000000
 C	-12.89661535 16.47439278 3.40000000
 C	6.48428010 19.89176756 3.40000000
 C	-14.23127024 16.96016744 3.40000000
 C	7.57230073 20.80472528 3.40000000
 C	-4.54073773 18.66886978 3.40000000
 C	-2.11823178 19.09602294 3.40000000
 C	-16.65394577 16.53298438 3.40000000
 C	9.99497626 21.23190834 3.40000000
 C	-19.07645171 16.10583122 3.40000000
 C	12.41748220 21.65906150 3.40000000
 C	14.84015772 22.08624456 3.40000000
 C	17.26283325 22.51342762 3.40000000
 C	19.68550877 22.94061068 3.40000000
 C	22.10801471 23.36776384 3.40000000
 C	24.53069024 23.79494690 3.40000000
 C	26.95319618 24.22210006 3.40000000
 C	29.37587170 24.64928312 3.40000000
 C	31.79854723 25.07646618 3.40000000
 C	-6.96341325 18.24168672 3.40000000
 C	0.30444374 19.52320600 3.40000000
 C	34.22122275 25.50364924 3.40000000
 C	36.64372870 25.93080240 3.40000000
 C	39.06640422 26.35798546 3.40000000
 C	41.48891016 26.78513861 3.40000000
 C	43.91158569 27.21232167 3.40000000
 C	46.33426121 27.63950474 3.40000000
 C	48.75693674 28.06668780 3.40000000
 C	51.17944268 28.49384095 3.40000000
 C	-9.38591919 17.81453356 3.40000000
 C	2.72711927 19.95038906 3.40000000
 C	-11.80859472 17.38735050 3.40000000
 C	5.14979479 20.37757212 3.40000000
 C	-14.47790449 18.35889980 3.40000000
 C	7.32566648 22.20345764 3.40000000
 C	-4.78737198 20.06760214 3.40000000
 C	-2.36469645 20.49478520 3.40000000
 C	-16.90041044 17.93174664 3.40000000
 C	9.74834200 22.63064070 3.40000000
 C	-19.32308596 17.50456358 3.40000000
 C	12.17101753 23.05782376 3.40000000
 C	14.59352347 23.48497692 3.40000000
 C	17.01619899 23.91215998 3.40000000
 C	19.43881799 24.33933307 3.40000000
 C	21.86138046 24.76649620 3.40000000
 C	24.28405598 25.19367926 3.40000000
 C	26.70673151 25.62086232 3.40000000
 C	29.12923745 26.04801547 3.40000000
 C	31.55191298 26.47519854 3.40000000
 C	-7.21004750 19.64041908 3.40000000
 C	0.05780949 20.92193836 3.40000000
 C	33.97453197 26.90237163 3.40000000
 C	36.39709444 27.32953475 3.40000000
 C	38.81976997 27.75671781 3.40000000
 C	41.24244549 28.18390088 3.40000000
 C	43.66495143 28.61105403 3.40000000
 C	46.08762696 29.03823709 3.40000000
 C	48.51024595 29.46541019 3.40000000
 C	50.93280842 29.89257331 3.40000000
 C	-9.63260997 19.21325595 3.40000000
 C	2.48048501 21.34912142 3.40000000
 C	-12.05522897 18.78608286 3.40000000
 C	4.90310401 21.77629451 3.40000000
 C	-3.69935135 20.98055986 3.40000000
 C	-15.81255939 18.84467446 3.40000000
 C	8.41368711 23.11641536 3.40000000
 C	-18.23506533 18.41752130 3.40000000
 C	10.83636264 23.54359842 3.40000000
 C	13.25886858 23.97075157 3.40000000
 C	15.68154410 24.39793464 3.40000000
 C	18.10421963 24.82511770 3.40000000
 C	-6.12202687 20.55337680 3.40000000
 C	-1.27684540 21.40771302 3.40000000
 C	20.52689515 25.25230076 3.40000000
 C	22.94940109 25.67945391 3.40000000
 C	25.37207662 26.10663698 3.40000000
 C	27.79458256 26.53379013 3.40000000
 C	30.21725808 26.96097319 3.40000000
 C	32.63993361 27.38815625 3.40000000
 C	35.06260913 27.81533932 3.40000000
 C	37.48511508 28.24249247 3.40000000
 C	39.90779060 28.66967553 3.40000000
 C	42.33029654 29.09682869 3.40000000
 C	-8.54453281 20.12622364 3.40000000
 C	44.75297207 29.52401175 3.40000000
 C	1.14583012 21.83489608 3.40000000
 C	47.17564759 29.95119481 3.40000000
 C	49.59832312 30.37837787 3.40000000
 C	52.02082906 30.80553103 3.40000000
 C	-10.96720834 19.69904058 3.40000000
 C	3.56850565 22.26207914 3.40000000
 C	-13.38988386 19.27185752 3.40000000
 C	5.99118117 22.68926220 3.40000000
 C	-3.94600523 22.37923829 3.40000000
 C	-16.05904369 20.24338279 3.40000000
 C	8.16703322 24.51509379 3.40000000
 C	-18.48171921 19.81619973 3.40000000
 C	10.58970875 24.94227685 3.40000000
 C	13.01238427 25.36945991 3.40000000
 C	15.43489022 25.79661307 3.40000000
 C	17.85756574 26.22379613 3.40000000
 C	-6.36868076 21.95205523 3.40000000
 C	20.28018474 26.65096922 3.40000000
 C	-1.52332971 22.80642135 3.40000000
 C	22.70274721 27.07813235 3.40000000
 C	25.12542273 27.50531541 3.40000000
 C	27.54809826 27.93249847 3.40000000
 C	29.97060420 28.35965162 3.40000000
 C	32.39327972 28.78683468 3.40000000
 C	34.81589872 29.21400778 3.40000000
 C	37.23846119 29.64117090 3.40000000
 C	39.66113671 30.06835396 3.40000000
 C	42.08381224 30.49553702 3.40000000
 C	-8.79124323 21.52489210 3.40000000
 C	44.50631818 30.92269018 3.40000000
 C	0.89917623 23.23357451 3.40000000
 C	46.92899370 31.34987324 3.40000000
 C	49.35161270 31.77704634 3.40000000
 C	51.77417517 32.20420946 3.40000000
 C	-11.21386222 21.09771901 3.40000000
 C	3.32185176 23.66075757 3.40000000
 C	-13.63653775 20.67053595 3.40000000
 C	5.74447076 24.08793066 3.40000000
 C	-14.97117301 21.15636454 3.40000000
 C	6.83256755 25.00095228 3.40000000
 C	-5.28064049 22.86506688 3.40000000
 C	-2.85796496 23.29224994 3.40000000
 C	-17.39367895 20.72921138 3.40000000
 C	9.25507349 25.42810543 3.40000000
 C	11.67774902 25.85528849 3.40000000
 C	14.10025496 26.28244165 3.40000000
 C	16.52293048 26.70962471 3.40000000
 C	18.94560601 27.13680777 3.40000000
 C	21.36828153 27.56399083 3.40000000
 C	23.79078747 27.99114399 3.40000000
 C	26.21346300 28.41832705 3.40000000
 C	28.63596894 28.84548021 3.40000000
 C	31.05864447 29.27266327 3.40000000
 C	-7.70314643 22.43791372 3.40000000
 C	-0.43545902 23.71940309 3.40000000
 C	33.48131999 29.69984633 3.40000000
 C	35.90399551 30.12702939 3.40000000
 C	38.32650146 30.55418255 3.40000000
 C	40.74917698 30.98136561 3.40000000
 C	43.17168292 31.40851877 3.40000000
 C	45.59435845 31.83570183 3.40000000
 C	48.01703397 32.26288489 3.40000000
 C	50.43970950 32.69006795 3.40000000
 C	52.86221544 33.11722111 3.40000000
 C	-10.12582196 22.01073066 3.40000000
 C	1.98721650 24.14658615 3.40000000
 C	-12.54849748 21.58354760 3.40000000
 C	4.40989203 24.57376922 3.40000000
 C	-15.21769657 22.55496499 3.40000000
 C	6.58581787 26.39951286 3.40000000
 C	-5.52733364 24.26363743 3.40000000
 C	-3.10465812 24.69082049 3.40000000
 C	-17.64037210 22.12778193 3.40000000
 C	9.00838034 26.82667599 3.40000000
 C	11.43105587 27.25385905 3.40000000
 C	13.85373139 27.68104211 3.40000000
 C	16.27623733 28.10819527 3.40000000
 C	18.69891286 28.53537833 3.40000000
 C	21.12153185 28.96255142 3.40000000
 C	23.54409432 29.38971455 3.40000000
 C	25.96676985 29.81689761 3.40000000
 C	28.38944537 30.24408067 3.40000000
 C	30.81195131 30.67123383 3.40000000
 C	-7.94989611 23.83647430 3.40000000
 C	-0.68198259 25.11800355 3.40000000
 C	33.23462684 31.09841689 3.40000000
 C	35.65724584 31.52558998 3.40000000
 C	38.07980830 31.95275311 3.40000000
 C	40.50248383 32.37993617 3.40000000
 C	42.92515935 32.80711923 3.40000000
 C	45.34766530 33.23427238 3.40000000
 C	47.77034082 33.66145545 3.40000000
 C	50.19295982 34.08862854 3.40000000
 C	52.61552229 34.51579166 3.40000000
 C	-10.37251511 23.40930121 3.40000000
 C	1.74052335 25.54515671 3.40000000
 C	-12.79519063 22.98211815 3.40000000
 C	4.16319888 25.97233977 3.40000000
 C	-4.43931301 25.17659514 3.40000000
 C	-16.55235146 23.04073964 3.40000000
 C	7.67389504 27.31248054 3.40000000
 C	10.09640098 27.73963370 3.40000000
 C	12.51907650 28.16681676 3.40000000
 C	14.94158244 28.59396992 3.40000000
 C	17.36425797 29.02115298 3.40000000
 C	-6.86181895 24.74944198 3.40000000
 C	19.78693349 29.44833604 3.40000000
 C	-2.01663748 25.60377820 3.40000000
 C	22.20960902 29.87551910 3.40000000
 C	24.63211496 30.30267226 3.40000000
 C	27.05479048 30.72985532 3.40000000
 C	29.47729642 31.15700847 3.40000000
 C	31.89997195 31.58419154 3.40000000
 C	34.32264747 32.01137460 3.40000000
 C	36.74532300 32.43855766 3.40000000
 C	39.16782894 32.86571081 3.40000000
 C	41.59050447 33.29289388 3.40000000
 C	-9.28449447 24.32225892 3.40000000
 C	0.40586846 26.03093136 3.40000000
 C	44.01301041 33.72004703 3.40000000
 C	46.43568593 34.14723009 3.40000000
 C	48.85836146 34.57441315 3.40000000
 C	51.28103698 35.00159622 3.40000000
 C	53.70354292 35.42874937 3.40000000
 C	-11.70717000 23.89507586 3.40000000
 C	2.82854399 26.45811442 3.40000000
 C	-14.12984552 23.46789280 3.40000000
 C	5.25121951 26.88529748 3.40000000
 C	-4.68594726 26.57532751 3.40000000
 C	-16.79898572 24.43947201 3.40000000
 C	7.42720425 28.71120294 3.40000000
 C	9.84976672 29.13836607 3.40000000
 C	12.27244225 29.56554913 3.40000000
 C	14.69511777 29.99273219 3.40000000
 C	17.11762371 30.41988535 3.40000000
 C	-7.10850973 26.14816438 3.40000000
 C	19.54029924 30.84706841 3.40000000
 C	-2.26327174 27.00251057 3.40000000
 C	21.96291823 31.27424150 3.40000000
 C	24.38548070 31.70140462 3.40000000
 C	26.80815623 32.12858769 3.40000000
 C	29.23083175 32.55577075 3.40000000
 C	31.65333769 32.98292390 3.40000000
 C	34.07601322 33.41010696 3.40000000
 C	36.49863222 33.83728006 3.40000000
 C	38.92119469 34.26444318 3.40000000
 C	41.34387021 34.69162624 3.40000000
 C	-9.53112873 25.72099129 3.40000000
 C	43.76654574 35.11880930 3.40000000
 C	0.15940379 27.42969363 3.40000000
 C	46.18905168 35.54596246 3.40000000
 C	48.61172720 35.97314552 3.40000000
 C	51.03434620 36.40031862 3.40000000
 C	53.45690867 36.82748174 3.40000000
 C	-11.95380425 25.29380823 3.40000000
 C	2.58190973 27.85684679 3.40000000
 C	-14.37631019 24.86665507 3.40000000
 C	5.00458526 28.28402985 3.40000000
 C	-15.71096508 25.35242972 3.40000000
 C	6.09260589 29.19698756 3.40000000
 C	-6.02043257 27.06113206 3.40000000
 C	-3.59792662 27.48828522 3.40000000
 C	8.51528142 29.62417062 3.40000000
 C	10.93778736 30.05132378 3.40000000
 C	13.36046288 30.47850684 3.40000000
 C	15.78296882 30.90565999 3.40000000
 C	18.20564435 31.33284305 3.40000000
 C	20.62831987 31.76002612 3.40000000
 C	23.05099540 32.18720918 3.40000000
 C	25.47350134 32.61436233 3.40000000
 C	27.89617686 33.04154539 3.40000000
 C	30.31868280 33.46869855 3.40000000
 C	-8.44310809 26.63394900 3.40000000
 C	-1.17525110 27.91546828 3.40000000
 C	32.74135833 33.89588161 3.40000000
 C	35.16403385 34.32306467 3.40000000
 C	37.58670938 34.75024773 3.40000000
 C	40.00921532 35.17740089 3.40000000
 C	42.43189085 35.60458395 3.40000000
 C	44.85439679 36.03173711 3.40000000
 C	47.27707231 36.45892017 3.40000000
 C	49.69974784 36.88610323 3.40000000
 C	52.12242336 37.31328629 3.40000000
 C	54.54492930 37.74043945 3.40000000
 C	-10.86578362 26.20676594 3.40000000
 C	1.24725484 28.34262144 3.40000000
 C	-13.28845914 25.77958288 3.40000000
 C	3.66993037 28.76980450 3.40000000
 C	-15.95759934 26.75116209 3.40000000
 C	5.84597164 30.59571993 3.40000000
 C	-6.26712335 28.45985446 3.40000000
 C	-3.84456088 28.88701759 3.40000000
 C	8.26859063 31.02289302 3.40000000
 C	10.69115310 31.45005614 3.40000000
 C	13.11382863 31.87723920 3.40000000
 C	15.53650415 32.30442227 3.40000000
 C	17.95901009 32.73157542 3.40000000
 C	20.38168562 33.15875848 3.40000000
 C	22.80430461 33.58593158 3.40000000
 C	25.22686708 34.01309470 3.40000000
 C	27.64954261 34.44027776 3.40000000
 C	30.07221813 34.86746082 3.40000000
 C	-8.68974235 28.03268137 3.40000000
 C	-1.42188536 29.31420065 3.40000000
 C	32.49472407 35.29461398 3.40000000
 C	34.91739960 35.72179704 3.40000000
 C	37.34001860 36.14897014 3.40000000
 C	39.76258107 36.57613326 3.40000000
 C	42.18525659 37.00331632 3.40000000
 C	44.60793212 37.43049938 3.40000000
 C	47.03043806 37.85765254 3.40000000
 C	49.45311358 38.28483560 3.40000000
 C	51.87573258 38.71200869 3.40000000
 C	54.29829505 39.13917182 3.40000000
 C	-11.11241787 27.60549831 3.40000000
 C	1.00079017 29.74138371 3.40000000
 C	-13.53492381 27.17834515 3.40000000
 C	3.42329611 30.16853686 3.40000000
 C	-5.17910508 29.37266032 3.40000000
 C	6.93393338 31.50851582 3.40000000
 C	9.35660890 31.93569888 3.40000000
 C	11.77911484 32.36285204 3.40000000
 C	14.20179037 32.79003510 3.40000000
 C	16.62429631 33.21718826 3.40000000
 C	-7.60178061 28.94547726 3.40000000
 C	-2.75659914 29.79981348 3.40000000
 C	19.04697183 33.64437132 3.40000000
 C	21.46964736 34.07155438 3.40000000
 C	23.89232288 34.49873744 3.40000000
 C	26.31482882 34.92589060 3.40000000
 C	28.73750435 35.35307366 3.40000000
 C	31.16001029 35.78022682 3.40000000
 C	33.58268581 36.20740988 3.40000000
 C	36.00536134 36.63459294 3.40000000
 C	38.42803686 37.06177600 3.40000000
 C	40.85054281 37.48892916 3.40000000
 C	43.27321833 37.91611222 3.40000000
 C	-10.02445613 28.51829420 3.40000000
 C	-0.33392362 30.22699654 3.40000000
 C	45.69572427 38.34326537 3.40000000
 C	48.11839980 38.77044844 3.40000000
 C	50.54107532 39.19763150 3.40000000
 C	52.96375085 39.62481456 3.40000000
 C	55.38625679 40.05196771 3.40000000
 C	2.08858233 30.65414970 3.40000000
 C	-12.44713166 28.09111114 3.40000000
 C	-14.86963760 27.66395798 3.40000000
 C	4.51125785 31.08133276 3.40000000
 C	-5.42579586 30.77138272 3.40000000
 C	6.68729912 32.90724819 3.40000000
 C	9.10991812 33.33442128 3.40000000
 C	11.53248059 33.76158441 3.40000000
 C	13.95515611 34.18876747 3.40000000
 C	16.37783164 34.61595053 3.40000000
 C	-7.84841486 30.34420963 3.40000000
 C	-3.00323340 31.19854585 3.40000000
 C	18.80033758 35.04310369 3.40000000
 C	21.22301310 35.47028675 3.40000000
 C	23.64563210 35.89745984 3.40000000
 C	26.06819457 36.32462297 3.40000000
 C	28.49087009 36.75180603 3.40000000
 C	30.91354562 37.17898909 3.40000000
 C	33.33605156 37.60614225 3.40000000
 C	35.75872708 38.03332531 3.40000000
 C	38.18134608 38.46049840 3.40000000
 C	40.60390855 38.88766152 3.40000000
 C	43.02658407 39.31484459 3.40000000
 C	-10.27109039 29.91702657 3.40000000
 C	-0.58055787 31.62572891 3.40000000
 C	45.44925960 39.74202765 3.40000000
 C	47.87176554 40.16918080 3.40000000
 C	50.29444107 40.59636386 3.40000000
 C	52.71706006 41.02353696 3.40000000
 C	55.13962253 41.45070008 3.40000000
 C	-12.69359633 29.48987341 3.40000000
 C	1.84211765 32.05291197 3.40000000
 C	-15.11627185 29.06269035 3.40000000
 C	4.26462360 32.48006513 3.40000000
 C	5.35264423 33.39302285 3.40000000
 C	-6.76039423 31.25716735 3.40000000
 C	-4.33771870 31.68435041 3.40000000
 C	7.77531975 33.82020591 3.40000000
 C	10.19799528 34.24738897 3.40000000
 C	12.62050122 34.67454213 3.40000000
 C	15.04317674 35.10172519 3.40000000
 C	17.46568269 35.52887835 3.40000000
 C	19.88835821 35.95606141 3.40000000
 C	22.31103374 36.38324447 3.40000000
 C	24.73370926 36.81042753 3.40000000
 C	27.15621520 37.23758069 3.40000000
 C	29.57889073 37.66476375 3.40000000
 C	-9.18306975 30.82998429 3.40000000
 C	-1.91521276 32.11150357 3.40000000
 C	32.00139667 38.09191690 3.40000000
 C	34.42407219 38.51909996 3.40000000
 C	36.84674772 38.94628303 3.40000000
 C	39.26942324 39.37346609 3.40000000
 C	41.69192918 39.80061924 3.40000000
 C	44.11460471 40.22780230 3.40000000
 C	46.53711065 40.65495546 3.40000000
 C	48.95978617 41.08213852 3.40000000
 C	51.38246170 41.50932158 3.40000000
 C	53.80513722 41.93650464 3.40000000
 C	-11.60574528 30.40280123 3.40000000
 C	0.50746276 32.53868663 3.40000000
 C	56.22764317 42.36365780 3.40000000
 C	-14.02825122 29.97564807 3.40000000
 C	2.92996870 32.96583979 3.40000000
 C	5.10600998 34.79175521 3.40000000
 C	-7.00702848 32.65589971 3.40000000
 C	-4.58440948 33.08307280 3.40000000
 C	7.52868550 35.21893827 3.40000000
 C	9.95130450 35.64611136 3.40000000
 C	12.37386697 36.07327449 3.40000000
 C	14.79654249 36.50045755 3.40000000
 C	17.21921802 36.92764061 3.40000000
 C	19.64172396 37.35479376 3.40000000
 C	22.06439948 37.78197683 3.40000000
 C	24.48701848 38.20914992 3.40000000
 C	26.90958095 38.63631304 3.40000000
 C	29.33225647 39.06349610 3.40000000
 C	-9.42970401 32.22871665 3.40000000
 C	-2.16184702 33.51023593 3.40000000
 C	31.75493200 39.49067917 3.40000000
 C	34.17743794 39.91783232 3.40000000
 C	36.60011346 40.34501538 3.40000000
 C	39.02273246 40.77218848 3.40000000
 C	41.44529493 41.19935160 3.40000000
 C	43.86797046 41.62653466 3.40000000
 C	46.29064598 42.05371772 3.40000000
 C	48.71315192 42.48087088 3.40000000
 C	51.13582745 42.90805394 3.40000000
 C	53.55844644 43.33522704 3.40000000
 C	-11.85220995 31.80156349 3.40000000
 C	0.26082851 33.93741899 3.40000000
 C	55.98100891 43.76239016 3.40000000
 C	-14.27488547 31.37438043 3.40000000
 C	2.68350403 34.36460205 3.40000000
 C	-5.91900785 33.56885743 3.40000000
 C	6.19403061 35.70471293 3.40000000
 C	8.61670613 36.13189599 3.40000000
 C	11.03938166 36.55907905 3.40000000
 C	13.46188760 36.98623220 3.40000000
 C	15.88456313 37.41341527 3.40000000
 C	-8.34168337 33.14167437 3.40000000
 C	18.30706907 37.84056842 3.40000000
 C	-3.49633232 33.99604049 3.40000000
 C	20.72974459 38.26775148 3.40000000
 C	23.15242012 38.69493454 3.40000000
 C	25.57509564 39.12211761 3.40000000
 C	27.99760158 39.54927076 3.40000000
 C	30.42027711 39.97645382 3.40000000
 C	32.84278305 40.40360698 3.40000000
 C	35.26545857 40.83079004 3.40000000
 C	37.68813410 41.25797310 3.40000000
 C	40.11080962 41.68515616 3.40000000
 C	42.53331556 42.11230932 3.40000000
 C	-10.76435890 32.71449131 3.40000000
 C	-1.07382638 34.42319365 3.40000000
 C	44.95599109 42.53949238 3.40000000
 C	47.37849703 42.96664554 3.40000000
 C	49.80117256 43.39382860 3.40000000
 C	52.22384808 43.82101166 3.40000000
 C	54.64652360 44.24819472 3.40000000
 C	57.06902955 44.67534788 3.40000000
 C	-13.18686484 32.28733815 3.40000000
 C	1.34884914 34.85037671 3.40000000
 C	3.77135508 35.27752986 3.40000000
 C	-6.16566173 34.96753586 3.40000000
 C	5.94737672 37.10339136 3.40000000
 C	8.37005225 37.53057442 3.40000000
 C	10.79267124 37.95774751 3.40000000
 C	13.21523371 38.38491063 3.40000000
 C	15.63790924 38.81209370 3.40000000
 C	-8.58833726 34.54035280 3.40000000
 C	18.06058476 39.23927676 3.40000000
 C	-3.74304274 35.39470895 3.40000000
 C	20.48309070 39.66642991 3.40000000
 C	22.90576623 40.09361297 3.40000000
 C	25.32838523 40.52078607 3.40000000
 C	27.75094769 40.94794919 3.40000000
 C	30.17362322 41.37513225 3.40000000
 C	32.59629874 41.80231531 3.40000000
 C	35.01880469 42.22946847 3.40000000
 C	37.44148021 42.65665153 3.40000000
 C	39.86409921 43.08382463 3.40000000
 C	-11.01084320 34.11319964 3.40000000
 C	42.28666168 43.51098775 3.40000000
 C	-1.32048027 35.82187208 3.40000000
 C	44.70933720 43.93817081 3.40000000
 C	47.13201273 44.36535387 3.40000000
 C	49.55451867 44.79250703 3.40000000
 C	51.97719419 45.21969009 3.40000000
 C	54.39981319 45.64686319 3.40000000
 C	56.82237566 46.07402631 3.40000000
 C	-13.43351873 33.68601658 3.40000000
 C	1.10219526 36.24905514 3.40000000
 C	3.52487078 36.67623820 3.40000000
 C	4.61274146 37.58921994 3.40000000
 C	-7.50029699 35.45336444 3.40000000
 C	-5.07762147 35.88054751 3.40000000
 C	7.03541699 38.01640300 3.40000000
 C	9.45809251 38.44358606 3.40000000
 C	11.88076804 38.87076912 3.40000000
 C	14.30327398 39.29792228 3.40000000
 C	16.72594951 39.72510534 3.40000000
 C	19.14845545 40.15225850 3.40000000
 C	21.57113097 40.57944156 3.40000000
 C	23.99380650 41.00662462 3.40000000
 C	26.41648202 41.43380768 3.40000000
 C	28.83898796 41.86096084 3.40000000
 C	-9.92297252 35.02618138 3.40000000
 C	-2.65494594 36.30773057 3.40000000
 C	31.26166349 42.28814390 3.40000000
 C	33.68416943 42.71529706 3.40000000
 C	36.10684495 43.14248012 3.40000000
 C	38.52952048 43.56966318 3.40000000
 C	40.95219600 43.99684624 3.40000000
 C	43.37470194 44.42399940 3.40000000
 C	45.79737747 44.85118246 3.40000000
 C	48.21988341 45.27833562 3.40000000
 C	50.64255894 45.70551868 3.40000000
 C	53.06523446 46.13270174 3.40000000
 C	-12.34547846 34.59902823 3.40000000
 C	-0.23244000 36.73488372 3.40000000
 C	55.48790999 46.55988480 3.40000000
 C	57.91041593 46.98703796 3.40000000
 C	2.19023552 37.16206678 3.40000000
 C	4.36621790 38.98782040 3.40000000
 C	-7.74699014 36.85193500 3.40000000
 C	-5.32431462 37.27911806 3.40000000
 C	6.78872384 39.41497356 3.40000000
 C	9.21139936 39.84215662 3.40000000
 C	11.63401836 40.26932971 3.40000000
 C	14.05658083 40.69649284 3.40000000
 C	16.47925635 41.12367590 3.40000000
 C	18.90193188 41.55085896 3.40000000
 C	21.32443782 41.97801212 3.40000000
 C	23.74711335 42.40519518 3.40000000
 C	26.16973234 42.83236827 3.40000000
 C	28.59229481 43.25953139 3.40000000
 C	-10.16949608 36.42478184 3.40000000
 C	-2.90169562 37.70629115 3.40000000
 C	31.01497034 43.68671446 3.40000000
 C	33.43764586 44.11389752 3.40000000
 C	35.86015180 44.54105067 3.40000000
 C	38.28282733 44.96823373 3.40000000
 C	40.70544632 45.39540683 3.40000000
 C	43.12800879 45.82256995 3.40000000
 C	45.55068432 46.24975301 3.40000000
 C	47.97335984 46.67693607 3.40000000
 C	50.39586578 47.10408923 3.40000000
 C	52.81854131 47.53127229 3.40000000
 C	-12.59217161 35.99759878 3.40000000
 C	-0.47913315 38.13345428 3.40000000
 C	55.24116031 47.95844539 3.40000000
 C	57.66372278 48.38560851 3.40000000
 C	1.94354237 38.56063734 3.40000000
 C	-6.65896951 37.76489271 3.40000000
 C	5.45406895 39.90074821 3.40000000
 C	7.87674447 40.32793127 3.40000000
 C	10.29942000 40.75511433 3.40000000
 C	12.72209552 41.18229739 3.40000000
 C	15.14460147 41.60945055 3.40000000
 C	17.56727699 42.03663361 3.40000000
 C	-9.08164503 37.33770965 3.40000000
 C	-4.23629398 38.19207577 3.40000000
 C	19.98978293 42.46378676 3.40000000
 C	22.41245846 42.89096983 3.40000000
 C	24.83513398 43.31815289 3.40000000
 C	27.25780951 43.74533595 3.40000000
 C	29.68031545 44.17248910 3.40000000
 C	32.10299097 44.59967217 3.40000000
 C	34.52549691 45.02682532 3.40000000
 C	36.94817244 45.45400838 3.40000000
 C	39.37084796 45.88119144 3.40000000
 C	-11.50415097 36.91055649 3.40000000
 C	41.79352349 46.30837451 3.40000000
 C	-1.81361846 38.61925883 3.40000000
 C	44.21602943 46.73552766 3.40000000
 C	46.63870495 47.16271072 3.40000000
 C	49.06121089 47.58986388 3.40000000
 C	51.48388642 48.01704694 3.40000000
 C	53.90656194 48.44423000 3.40000000
 C	56.32923747 48.87141306 3.40000000
 C	0.60888748 39.04641199 3.40000000
 C	3.03156301 39.47359505 3.40000000
 H	-34.40014717 -31.57154012 3.40000000
 H	-31.97752497 -31.14436648 3.40000000
 H	-29.55484945 -30.71718342 3.40000000
 H	-27.13219170 -30.29000349 3.40000000
 H	-24.70966798 -29.86284720 3.40000000
 H	-22.28699246 -29.43566414 3.40000000
 H	-19.86443319 -29.00850156 3.40000000
 H	-17.44181099 -28.58132792 3.40000000
 H	-15.01913547 -28.15414486 3.40000000
 H	-12.59647772 -27.72696493 3.40000000
 H	-10.17395400 -27.29980864 3.40000000
 H	-7.75127848 -26.87262558 3.40000000
 H	-5.32871921 -26.44546301 3.40000000
 H	-2.90609701 -26.01828936 3.40000000
 H	-0.48342149 -25.59110630 3.40000000
 H	1.93923626 -25.16392637 3.40000000
 H	4.36175998 -24.73677008 3.40000000
 H	6.78443551 -24.30958702 3.40000000
 H	9.20699477 -23.88242445 3.40000000
 H	11.62961697 -23.45525080 3.40000000
 H	14.05229250 -23.02806774 3.40000000
 H	16.47495025 -22.60088781 3.40000000
 H	18.89747396 -22.17373152 3.40000000
 H	21.32014949 -21.74654846 3.40000000
 H	23.74270875 -21.31938589 3.40000000
 H	26.16533095 -20.89221224 3.40000000
 H	28.58800648 -20.46502918 3.40000000
 H	31.01066423 -20.03784925 3.40000000
 H	33.43318794 -19.61069296 3.40000000
 H	35.26710606 -18.07185295 3.40000000
 H	36.10847391 -15.76021376 3.40000000
 H	36.94981991 -13.44863461 3.40000000
 H	37.79120629 -11.13694453 3.40000000
 H	38.63257922 -8.82529143 3.40000000
 H	39.47392017 -6.51372618 3.40000000
 H	40.31530655 -4.20203611 3.40000000
 H	41.15667440 -1.89039691 3.40000000
 H	41.99802040 0.42118224 3.40000000
 H	42.83940678 2.73287232 3.40000000
 H	43.68077971 5.04452542 3.40000000
 H	44.52212065 7.35609066 3.40000000
 H	45.36350704 9.66778074 3.40000000
 H	46.20487489 11.97941994 3.40000000
 H	47.04622089 14.29099909 3.40000000
 H	47.88760727 16.60268917 3.40000000
 H	48.72898020 18.91434227 3.40000000
 H	49.57032114 21.22590751 3.40000000
 H	50.41170752 23.53759759 3.40000000
 H	51.25307538 25.84923679 3.40000000
 H	52.09442138 28.16081594 3.40000000
 H	52.93580776 30.47250602 3.40000000
 H	53.77718068 32.78415912 3.40000000
 H	54.61852163 35.09572436 3.40000000
 H	55.45990801 37.40741444 3.40000000
 H	56.30127587 39.71905364 3.40000000
 H	57.14262187 42.03063279 3.40000000
 H	57.98400825 44.34232287 3.40000000
 H	58.82538117 46.65397597 3.40000000
 H	58.40962025 49.01149081 3.40000000
 H	56.16011749 49.83031354 3.40000000
 H	53.73748071 49.40313731 3.40000000
 H	51.31480519 48.97595425 3.40000000
 H	48.89224592 48.54879168 3.40000000
 H	46.46962372 48.12161803 3.40000000
 H	44.04694820 47.69443497 3.40000000
 H	41.62440351 47.26727498 3.40000000
 H	39.20176673 46.84009875 3.40000000
 H	36.77909121 46.41291569 3.40000000
 H	34.35653194 45.98575312 3.40000000
 H	31.93390974 45.55857947 3.40000000
 H	29.51123422 45.13139641 3.40000000
 H	27.08868952 44.70423642 3.40000000
 H	24.66605275 44.27706019 3.40000000
 H	22.24337723 43.84987713 3.40000000
 H	19.82081796 43.42271456 3.40000000
 H	17.39819576 42.99554092 3.40000000
 H	14.97552023 42.56835785 3.40000000
 H	12.55297554 42.14119786 3.40000000
 H	10.13033877 41.71402164 3.40000000
 H	7.70766324 41.28683858 3.40000000
 H	5.28510398 40.85967600 3.40000000
 H	2.86248178 40.43250236 3.40000000
 H	0.43980625 40.00531930 3.40000000
 H	-1.98273844 39.57815930 3.40000000
 H	-4.40537521 39.15098308 3.40000000
 H	-6.82805074 38.72380002 3.40000000
 H	-9.25061001 38.29663745 3.40000000
 H	-11.67323220 37.86946380 3.40000000
 H	-13.50715032 36.33062379 3.40000000
 H	-14.34848397 34.01907857 3.40000000
 H	-15.18986417 31.70740544 3.40000000
 H	-16.03125055 29.39571536 3.40000000
 H	-16.87261842 27.08407616 3.40000000
 H	-17.71396443 24.77249702 3.40000000
 H	-18.55535081 22.46080694 3.40000000
 H	-19.39668446 20.14926172 3.40000000
 H	-20.23806466 17.83758859 3.40000000
 H	-21.07945104 15.52589852 3.40000000
 H	-21.92081890 13.21425932 3.40000000
 H	-22.76216492 10.90268017 3.40000000
 H	-23.60355130 8.59099009 3.40000000
 H	-24.44488495 6.27944487 3.40000000
 H	-25.28626515 3.96777175 3.40000000
 H	-26.12765153 1.65608167 3.40000000
 H	-26.96901939 -0.65555753 3.40000000
 H	-27.81036540 -2.96713668 3.40000000
 H	-28.65175178 -5.27882675 3.40000000
 H	-29.49308544 -7.59037198 3.40000000
 H	-30.33446564 -9.90204510 3.40000000
 H	-31.17585202 -12.21373518 3.40000000
 H	-32.01721988 -14.52537438 3.40000000
 H	-32.85856589 -16.83695352 3.40000000
 H	-33.69995227 -19.14864360 3.40000000
 H	-34.54128593 -21.46018882 3.40000000
 H	-35.38266613 -23.77186195 3.40000000
 H	-36.22405251 -26.08355203 3.40000000
 H	-37.06542037 -28.39519123 3.40000000
 H	-36.64966451 -30.75271997 3.40000000
