 C	0.84263699 -24.12996635 3.40000000
 C	-11.44977184 -24.55922672 3.40000000
 C	13.13516055 -23.70070196 3.40000000
 C	-13.90832244 -24.64508120 3.40000000
 C	15.59359643 -23.61485149 3.40000000
 C	-16.36675832 -24.73093167 3.40000000
 C	18.05214703 -23.52899701 3.40000000
 C	-18.82525156 -24.81678415 3.40000000
 C	20.51069764 -23.44314253 3.40000000
 C	-21.28380216 -24.90263863 3.40000000
 C	22.96907615 -23.35729407 3.40000000
 C	-1.61579888 -24.21581682 3.40000000
 C	-23.74218067 -24.98848710 3.40000000
 C	25.42762675 -23.27143959 3.40000000
 C	3.30118760 -24.04411187 3.40000000
 C	-26.20073128 -25.07434158 3.40000000
 C	27.88611999 -23.18558711 3.40000000
 C	-28.65928188 -25.16019606 3.40000000
 C	30.34455587 -23.09973664 3.40000000
 C	-31.11771776 -25.24604653 3.40000000
 C	-33.57621099 -25.33189900 3.40000000
 C	-36.03476160 -25.41775348 3.40000000
 C	-38.49314011 -25.50360195 3.40000000
 C	-4.07429212 -24.30166929 3.40000000
 C	5.75973820 -23.95825739 3.40000000
 C	-6.53284273 -24.38752377 3.40000000
 C	8.21811671 -23.87240892 3.40000000
 C	-8.99122124 -24.47337224 3.40000000
 C	10.67666732 -23.78655444 3.40000000
 C	-10.24528059 -23.80657706 3.40000000
 C	11.88115856 -23.03390478 3.40000000
 C	-0.41125027 -23.46316515 3.40000000
 C	2.04712824 -23.37731668 3.40000000
 C	-12.70383120 -23.89243154 3.40000000
 C	14.33970917 -22.94805030 3.40000000
 C	-15.16220970 -23.97828001 3.40000000
 C	16.79808768 -22.86220183 3.40000000
 C	-17.62076031 -24.06413449 3.40000000
 C	19.25663828 -22.77634735 3.40000000
 C	-20.07931091 -24.14998897 3.40000000
 C	21.71501679 -22.69049888 3.40000000
 C	-22.53786152 -24.23584344 3.40000000
 C	24.17356740 -22.60464440 3.40000000
 C	-24.99624003 -24.32169191 3.40000000
 C	26.63211800 -22.51878992 3.40000000
 C	-27.45479063 -24.40754639 3.40000000
 C	29.09066861 -22.43293545 3.40000000
 C	-29.91316914 -24.49339486 3.40000000
 C	31.54904712 -22.34708698 3.40000000
 C	-32.37171975 -24.57924934 3.40000000
 C	-34.83027035 -24.66510382 3.40000000
 C	-2.86980087 -23.54901963 3.40000000
 C	4.50567885 -23.29146221 3.40000000
 C	-37.28882095 -24.75095830 3.40000000
 C	-39.74719946 -24.83680677 3.40000000
 C	-5.32835148 -23.63487411 3.40000000
 C	6.96405736 -23.20561374 3.40000000
 C	-7.78690208 -23.72072859 3.40000000
 C	9.42260796 -23.11975926 3.40000000
 C	-10.29484870 -22.38713220 3.40000000
 C	11.83159046 -21.61445992 3.40000000
 C	-0.46087574 -22.04372230 3.40000000
 C	1.99756014 -21.95787183 3.40000000
 C	-12.75339930 -22.47298668 3.40000000
 C	14.29008370 -21.52860745 3.40000000
 C	-15.21183518 -22.55883716 3.40000000
 C	16.74851957 -21.44275697 3.40000000
 C	-17.67032842 -22.64468963 3.40000000
 C	19.20707018 -21.35690250 3.40000000
 C	-20.12887902 -22.73054411 3.40000000
 C	21.66562078 -21.27104802 3.40000000
 C	-22.58725753 -22.81639258 3.40000000
 C	24.12399929 -21.18519955 3.40000000
 C	-25.04580813 -22.90224706 3.40000000
 C	26.58254989 -21.09934507 3.40000000
 C	-27.50435874 -22.98810154 3.40000000
 C	29.04104313 -21.01349259 3.40000000
 C	-29.96279461 -23.07395201 3.40000000
 C	31.49947901 -20.92764212 3.40000000
 C	-32.42128785 -23.15980449 3.40000000
 C	-34.87983846 -23.24565896 3.40000000
 C	-2.91936898 -22.12957478 3.40000000
 C	4.45611074 -21.87201735 3.40000000
 C	-37.33821697 -23.33150743 3.40000000
 C	-39.79676757 -23.41736191 3.40000000
 C	-5.37791958 -22.21542926 3.40000000
 C	6.91466134 -21.78616287 3.40000000
 C	-7.83629809 -22.30127773 3.40000000
 C	9.37303985 -21.70031440 3.40000000
 C	0.74359203 -21.29122268 3.40000000
 C	-11.54898890 -21.72048906 3.40000000
 C	13.03600086 -20.86196230 3.40000000
 C	-14.00736740 -21.80633753 3.40000000
 C	15.49455147 -20.77610783 3.40000000
 C	-16.46591801 -21.89219201 3.40000000
 C	17.95292998 -20.69025936 3.40000000
 C	-18.92446861 -21.97804649 3.40000000
 C	20.41148058 -20.60440488 3.40000000
 C	22.86985909 -20.51855641 3.40000000
 C	-21.38301922 -22.06390097 3.40000000
 C	-1.71495857 -21.37707716 3.40000000
 C	3.20197054 -21.20537421 3.40000000
 C	-23.84139773 -22.14974944 3.40000000
 C	25.32840970 -20.43270193 3.40000000
 C	-26.29994833 -22.23560392 3.40000000
 C	27.78696030 -20.34684745 3.40000000
 C	-28.75832684 -22.32145239 3.40000000
 C	30.24551091 -20.26099297 3.40000000
 C	-31.21687745 -22.40730687 3.40000000
 C	32.70388941 -20.17514450 3.40000000
 C	-33.67542805 -22.49316135 3.40000000
 C	-36.13397866 -22.57901583 3.40000000
 C	-38.59235716 -22.66486429 3.40000000
 C	-4.17350918 -21.46293164 3.40000000
 C	5.66052115 -21.11951973 3.40000000
 C	8.11889966 -21.03367126 3.40000000
 C	-6.63205978 -21.54878612 3.40000000
 C	-9.09043829 -21.63463459 3.40000000
 C	10.57745026 -20.94781678 3.40000000
 C	0.69396656 -19.87177983 3.40000000
 C	-11.59855700 -20.30104421 3.40000000
 C	12.98643276 -19.44251745 3.40000000
 C	-14.05699288 -20.38689468 3.40000000
 C	15.44492600 -19.35666497 3.40000000
 C	-16.51548612 -20.47274716 3.40000000
 C	17.90336187 -19.27081450 3.40000000
 C	-18.97403672 -20.55860164 3.40000000
 C	20.36191248 -19.18496002 3.40000000
 C	-21.43241523 -20.64445011 3.40000000
 C	22.82046308 -19.09910554 3.40000000
 C	-1.76452668 -19.95763230 3.40000000
 C	3.15240243 -19.78592936 3.40000000
 C	-23.89096583 -20.73030458 3.40000000
 C	25.27884159 -19.01325707 3.40000000
 C	-26.34951644 -20.81615906 3.40000000
 C	27.73739219 -18.92740259 3.40000000
 C	-28.80795231 -20.90200954 3.40000000
 C	30.19588543 -18.84155012 3.40000000
 C	-31.26644555 -20.98786201 3.40000000
 C	32.65432131 -18.75569965 3.40000000
 C	-33.72499616 -21.07371649 3.40000000
 C	-36.18337467 -21.15956496 3.40000000
 C	-38.64192527 -21.24541944 3.40000000
 C	-4.22307728 -20.04348678 3.40000000
 C	5.61095304 -19.70007488 3.40000000
 C	-6.68145579 -20.12933525 3.40000000
 C	8.06950364 -19.61422040 3.40000000
 C	-9.14000640 -20.21518973 3.40000000
 C	10.52788215 -19.52837193 3.40000000
 C	-10.39406575 -19.54839454 3.40000000
 C	11.73237340 -18.77572226 3.40000000
 C	-0.56003543 -19.20498263 3.40000000
 C	1.89851517 -19.11912815 3.40000000
 C	-12.85244426 -19.63424301 3.40000000
 C	14.19092401 -18.68986778 3.40000000
 C	-15.31099487 -19.72009749 3.40000000
 C	16.64947461 -18.60401330 3.40000000
 C	-17.76954547 -19.80595196 3.40000000
 C	19.10785312 -18.51816483 3.40000000
 C	-20.22809608 -19.89180644 3.40000000
 C	21.56640372 -18.43231035 3.40000000
 C	-22.68647459 -19.97765491 3.40000000
 C	24.02478223 -18.34646188 3.40000000
 C	-25.14502519 -20.06350939 3.40000000
 C	26.48333284 -18.26060740 3.40000000
 C	-27.60340370 -20.14935786 3.40000000
 C	28.94188344 -18.17475292 3.40000000
 C	-30.06195430 -20.23521234 3.40000000
 C	31.40043405 -18.08889844 3.40000000
 C	-32.52050491 -20.32106682 3.40000000
 C	33.85881256 -18.00304997 3.40000000
 C	-34.97905551 -20.40692130 3.40000000
 C	-3.01858603 -19.29083711 3.40000000
 C	4.35689368 -19.03327968 3.40000000
 C	-37.43743402 -20.49276977 3.40000000
 C	-5.47713664 -19.37669159 3.40000000
 C	6.81544429 -18.94742520 3.40000000
 C	-7.93551515 -19.46254006 3.40000000
 C	9.27382280 -18.86157673 3.40000000
 C	-10.44363386 -18.12894969 3.40000000
 C	11.68280530 -17.35627741 3.40000000
 C	-0.60960354 -17.78553779 3.40000000
 C	1.84888970 -17.69968531 3.40000000
 C	-12.90206973 -18.21480016 3.40000000
 C	14.14135590 -17.27042293 3.40000000
 C	-15.36056297 -18.30065264 3.40000000
 C	16.59984914 -17.18457046 3.40000000
 C	-17.81911358 -18.38650712 3.40000000
 C	19.05828501 -17.09871998 3.40000000
 C	-20.27749209 -18.47235559 3.40000000
 C	21.51683562 -17.01286550 3.40000000
 C	-22.73604269 -18.55821007 3.40000000
 C	23.97538622 -16.92701103 3.40000000
 C	-25.19459330 -18.64406455 3.40000000
 C	26.43376473 -16.84116256 3.40000000
 C	-27.65302917 -18.72991502 3.40000000
 C	28.89231534 -16.75530808 3.40000000
 C	-30.11152241 -18.81576749 3.40000000
 C	31.35080858 -16.66945560 3.40000000
 C	-32.57007301 -18.90162197 3.40000000
 C	33.80924445 -16.58360513 3.40000000
 C	-35.02845152 -18.98747044 3.40000000
 C	-3.06815414 -17.87139226 3.40000000
 C	4.30732558 -17.61383484 3.40000000
 C	-37.48700213 -19.07332492 3.40000000
 C	-5.52653265 -17.95724073 3.40000000
 C	6.76587618 -17.52798036 3.40000000
 C	-7.98508326 -18.04309521 3.40000000
 C	9.22442679 -17.44212588 3.40000000
 C	0.59488771 -17.03288811 3.40000000
 C	-11.69752112 -17.46214849 3.40000000
 C	12.88729654 -16.60362774 3.40000000
 C	-14.15607172 -17.54800297 3.40000000
 C	15.34584715 -16.51777326 3.40000000
 C	-16.61462233 -17.63385745 3.40000000
 C	17.80439775 -16.43191878 3.40000000
 C	-19.07317293 -17.71971193 3.40000000
 C	20.26277626 -16.34607031 3.40000000
 C	-21.53155144 -17.80556039 3.40000000
 C	22.72132687 -16.26021583 3.40000000
 C	-1.86366289 -17.11874259 3.40000000
 C	-23.99010205 -17.89141487 3.40000000
 C	25.17970538 -16.17436736 3.40000000
 C	3.05343832 -16.94703363 3.40000000
 C	-26.44848056 -17.97726334 3.40000000
 C	27.63825598 -16.08851288 3.40000000
 C	-28.90703116 -18.06311782 3.40000000
 C	30.09680659 -16.00265840 3.40000000
 C	-31.36558177 -18.14897230 3.40000000
 C	32.55535719 -15.91680393 3.40000000
 C	-33.82413237 -18.23482678 3.40000000
 C	35.01373570 -15.83095546 3.40000000
 C	-36.28251088 -18.32067525 3.40000000
 C	-4.32221350 -17.20459707 3.40000000
 C	5.51181683 -16.86118517 3.40000000
 C	-6.78059201 -17.29044554 3.40000000
 C	7.97036743 -16.77533069 3.40000000
 C	-9.23914261 -17.37630002 3.40000000
 C	10.42874594 -16.68948222 3.40000000
 C	0.54529266 -15.61349394 3.40000000
 C	-11.74717354 -16.04275632 3.40000000
 C	12.83770149 -15.18423356 3.40000000
 C	-14.20566678 -16.12860879 3.40000000
 C	15.29625209 -15.09837909 3.40000000
 C	-16.66421738 -16.21446327 3.40000000
 C	17.75474533 -15.01252661 3.40000000
 C	-19.12259589 -16.30031174 3.40000000
 C	20.21318121 -14.92667614 3.40000000
 C	-21.58114650 -16.38616622 3.40000000
 C	22.67173181 -14.84082166 3.40000000
 C	-24.03969710 -16.47202070 3.40000000
 C	-1.91325795 -15.69934842 3.40000000
 C	25.13028242 -14.75496718 3.40000000
 C	3.00378590 -15.52764146 3.40000000
 C	-26.49813298 -16.55787117 3.40000000
 C	27.58866093 -14.66911871 3.40000000
 C	-28.95662622 -16.64372365 3.40000000
 C	30.04721153 -14.58326423 3.40000000
 C	-31.41517682 -16.72957813 3.40000000
 C	32.50570477 -14.49741176 3.40000000
 C	-33.87355533 -16.81542660 3.40000000
 C	34.96414065 -14.41156128 3.40000000
 C	-36.33210593 -16.90128108 3.40000000
 C	-4.37163646 -15.78519689 3.40000000
 C	5.46222177 -15.44179099 3.40000000
 C	-6.83018706 -15.87105137 3.40000000
 C	7.92077238 -15.35593651 3.40000000
 C	-9.28873767 -15.95690585 3.40000000
 C	10.37932298 -15.27008203 3.40000000
 C	-10.54259798 -15.29005397 3.40000000
 C	11.58366908 -14.51738770 3.40000000
 C	-0.70873975 -14.94664807 3.40000000
 C	1.74981085 -14.86079360 3.40000000
 C	-13.00114858 -15.37590845 3.40000000
 C	14.04221969 -14.43153322 3.40000000
 C	-15.45969919 -15.46176293 3.40000000
 C	16.50077029 -14.34567874 3.40000000
 C	-17.91824979 -15.54761741 3.40000000
 C	18.95932090 -14.25982426 3.40000000
 C	-20.37662830 -15.63346588 3.40000000
 C	21.41769941 -14.17397579 3.40000000
 C	-22.83517891 -15.71932036 3.40000000
 C	23.87625001 -14.08812131 3.40000000
 C	-25.29355741 -15.80516883 3.40000000
 C	26.33462852 -14.00227285 3.40000000
 C	-27.75210802 -15.89102330 3.40000000
 C	28.79317912 -13.91641837 3.40000000
 C	-30.21065862 -15.97687778 3.40000000
 C	31.25172973 -13.83056389 3.40000000
 C	-32.66920923 -16.06273226 3.40000000
 C	33.71028033 -13.74470941 3.40000000
 C	-35.12758774 -16.14858073 3.40000000
 C	36.16865884 -13.65886094 3.40000000
 C	-3.16729035 -15.03250255 3.40000000
 C	4.20836146 -14.77493912 3.40000000
 C	-5.62566886 -15.11835102 3.40000000
 C	6.66673997 -14.68909065 3.40000000
 C	-8.08421947 -15.20420550 3.40000000
 C	9.12529057 -14.60323617 3.40000000
 C	-10.59230429 -13.87076316 3.40000000
 C	11.53419223 -13.09808888 3.40000000
 C	-0.75838870 -13.52735526 3.40000000
 C	1.70016190 -13.44150078 3.40000000
 C	-13.05079753 -13.95661564 3.40000000
 C	13.99257074 -13.01224041 3.40000000
 C	-15.50934814 -14.04247012 3.40000000
 C	16.45112134 -12.92638593 3.40000000
 C	-17.96772665 -14.12831859 3.40000000
 C	18.90961458 -12.84053345 3.40000000
 C	-20.42627725 -14.21417307 3.40000000
 C	21.36805046 -12.75468298 3.40000000
 C	-22.88482785 -14.30002754 3.40000000
 C	23.82660106 -12.66882850 3.40000000
 C	-25.34326373 -14.38587802 3.40000000
 C	26.28515166 -12.58297402 3.40000000
 C	-27.80175697 -14.47173049 3.40000000
 C	28.74353017 -12.49712555 3.40000000
 C	-30.26030757 -14.55758497 3.40000000
 C	31.20208078 -12.41127108 3.40000000
 C	-32.71868608 -14.64343344 3.40000000
 C	33.66057402 -12.32541860 3.40000000
 C	-35.17723669 -14.72928792 3.40000000
 C	36.11900989 -12.23956813 3.40000000
 C	-3.21676721 -13.61320373 3.40000000
 C	4.15865514 -13.35564831 3.40000000
 C	-5.67531781 -13.69905821 3.40000000
 C	6.61709102 -13.26979784 3.40000000
 C	-8.13386842 -13.78491269 3.40000000
 C	9.07564162 -13.18394336 3.40000000
 C	0.44610255 -12.77470560 3.40000000
 C	-11.84630628 -13.20396598 3.40000000
 C	12.73851138 -12.34544523 3.40000000
 C	-14.30485689 -13.28982046 3.40000000
 C	15.19706199 -12.25959075 3.40000000
 C	-16.76340749 -13.37567493 3.40000000
 C	17.65561259 -12.17373627 3.40000000
 C	-19.22178600 -13.46152340 3.40000000
 C	20.11416320 -12.08788179 3.40000000
 C	-21.68033661 -13.54737788 3.40000000
 C	22.57254170 -12.00203332 3.40000000
 C	-24.13871511 -13.63322635 3.40000000
 C	25.03109231 -11.91617884 3.40000000
 C	-2.01244805 -12.86056008 3.40000000
 C	2.90465315 -12.68885112 3.40000000
 C	-26.59726572 -13.71908083 3.40000000
 C	27.48947082 -11.83033037 3.40000000
 C	-29.05581632 -13.80493531 3.40000000
 C	29.94802142 -11.74447589 3.40000000
 C	-31.51436693 -13.89078979 3.40000000
 C	32.40657203 -11.65862141 3.40000000
 C	-33.97274544 -13.97663826 3.40000000
 C	34.86512263 -11.57276693 3.40000000
 C	37.32350114 -11.48691847 3.40000000
 C	-4.47082656 -12.94640855 3.40000000
 C	5.36320376 -12.60299664 3.40000000
 C	-6.92937717 -13.03226303 3.40000000
 C	7.82158227 -12.51714817 3.40000000
 C	-9.38775568 -13.11811150 3.40000000
 C	10.28013287 -12.43129369 3.40000000
 C	0.39653444 -11.35526075 3.40000000
 C	-11.89587439 -11.78452112 3.40000000
 C	12.68911537 -10.92599436 3.40000000
 C	-14.35442499 -11.87037560 3.40000000
 C	15.14749388 -10.84014589 3.40000000
 C	-16.81280350 -11.95622407 3.40000000
 C	17.60604448 -10.75429141 3.40000000
 C	-19.27135411 -12.04207855 3.40000000
 C	20.06453772 -10.66843894 3.40000000
 C	-21.72990471 -12.12793303 3.40000000
 C	22.52297360 -10.58258846 3.40000000
 C	-2.06184407 -11.44110921 3.40000000
 C	-24.18834059 -12.21378350 3.40000000
 C	24.98152420 -10.49673399 3.40000000
 C	2.85508505 -11.26940627 3.40000000
 C	-26.64683383 -12.29963598 3.40000000
 C	27.44007481 -10.41087951 3.40000000
 C	-29.10538443 -12.38549045 3.40000000
 C	29.89845332 -10.32503104 3.40000000
 C	-31.56376294 -12.47133892 3.40000000
 C	32.35700392 -10.23917656 3.40000000
 C	-34.02231354 -12.55719340 3.40000000
 C	34.81549716 -10.15332408 3.40000000
 C	37.27393303 -10.06747361 3.40000000
 C	-4.52039467 -11.52696369 3.40000000
 C	5.31357829 -11.18355379 3.40000000
 C	-6.97894528 -11.61281817 3.40000000
 C	7.77201416 -11.09770332 3.40000000
 C	-9.43738115 -11.69866865 3.40000000
 C	10.23056477 -11.01184884 3.40000000
 C	-10.69138314 -11.03187146 3.40000000
 C	11.43505602 -10.25919918 3.40000000
 C	-0.85752491 -10.68846556 3.40000000
 C	1.60102569 -10.60261108 3.40000000
 C	-13.14993374 -11.11772594 3.40000000
 C	13.89343452 -10.17335071 3.40000000
 C	-15.60848435 -11.20358042 3.40000000
 C	16.35198513 -10.08749623 3.40000000
 C	-18.06686286 -11.28942889 3.40000000
 C	18.81053573 -10.00164175 3.40000000
 C	-20.52541346 -11.37528336 3.40000000
 C	21.26908634 -9.91578727 3.40000000
 C	-22.98379197 -11.46113183 3.40000000
 C	23.72746485 -9.82993880 3.40000000
 C	-25.44234258 -11.54698631 3.40000000
 C	26.18601545 -9.74408432 3.40000000
 C	-27.90089318 -11.63284079 3.40000000
 C	28.64439396 -9.65823585 3.40000000
 C	-30.35944379 -11.71869527 3.40000000
 C	31.10294457 -9.57238137 3.40000000
 C	-32.81782230 -11.80454374 3.40000000
 C	33.56149517 -9.48652690 3.40000000
 C	36.02004577 -9.40067242 3.40000000
 C	-3.31590342 -10.77431403 3.40000000
 C	4.05957630 -10.51675660 3.40000000
 C	38.47842428 -9.31482395 3.40000000
 C	-5.77445403 -10.86016851 3.40000000
 C	6.51812690 -10.43090213 3.40000000
 C	-8.23283254 -10.94601698 3.40000000
 C	8.97650541 -10.34505366 3.40000000
 C	-10.74095125 -9.61242660 3.40000000
 C	11.38548791 -8.83975432 3.40000000
 C	-0.90692092 -9.26901470 3.40000000
 C	1.55145759 -9.18316623 3.40000000
 C	-13.19950185 -9.69828108 3.40000000
 C	13.84403851 -8.75389984 3.40000000
 C	-15.65788036 -9.78412955 3.40000000
 C	16.30241702 -8.66805137 3.40000000
 C	-18.11643097 -9.86998403 3.40000000
 C	18.76096763 -8.58219689 3.40000000
 C	-20.57498157 -9.95583851 3.40000000
 C	21.21946087 -8.49634442 3.40000000
 C	-23.03341744 -10.04168898 3.40000000
 C	23.67789674 -8.41049395 3.40000000
 C	-25.49191068 -10.12754146 3.40000000
 C	26.13644735 -8.32463947 3.40000000
 C	-27.95046129 -10.21339594 3.40000000
 C	28.59499795 -8.23878499 3.40000000
 C	-30.40883980 -10.29924441 3.40000000
 C	31.05337646 -8.15293652 3.40000000
 C	-32.86739040 -10.38509888 3.40000000
 C	33.51192706 -8.06708204 3.40000000
 C	35.97042030 -7.98122956 3.40000000
 C	-3.36547153 -9.35486918 3.40000000
 C	4.01000819 -9.09731175 3.40000000
 C	38.42885618 -7.89537909 3.40000000
 C	-5.82402213 -9.44072365 3.40000000
 C	6.46850143 -9.01145927 3.40000000
 C	-8.28245801 -9.52657413 3.40000000
 C	8.92693730 -8.92560880 3.40000000
 C	0.29731739 -8.51652309 3.40000000
 C	-11.99509145 -8.94578346 3.40000000
 C	12.58989831 -8.08725670 3.40000000
 C	15.04827682 -8.00140823 3.40000000
 C	-14.45364205 -9.03163794 3.40000000
 C	-16.91202056 -9.11748641 3.40000000
 C	17.50682743 -7.91555376 3.40000000
 C	-19.37057116 -9.20334089 3.40000000
 C	19.96537803 -7.82969928 3.40000000
 C	-21.82894967 -9.28918936 3.40000000
 C	22.42392864 -7.74384480 3.40000000
 C	-2.16106112 -8.60237156 3.40000000
 C	2.75586799 -8.43066861 3.40000000
 C	-24.28750028 -9.37504384 3.40000000
 C	24.88230715 -7.65799633 3.40000000
 C	-26.74605088 -9.46089832 3.40000000
 C	27.34085775 -7.57214185 3.40000000
 C	29.79923626 -7.48629338 3.40000000
 C	-29.20460149 -9.54675280 3.40000000
 C	-31.66298000 -9.63260127 3.40000000
 C	32.25778687 -7.40043890 3.40000000
 C	34.71633747 -7.31458442 3.40000000
 C	37.17488807 -7.22872994 3.40000000
 C	39.63326658 -7.14288147 3.40000000
 C	-4.61961173 -8.68822604 3.40000000
 C	5.21441860 -8.34481413 3.40000000
 C	-7.07799024 -8.77407451 3.40000000
 C	7.67296920 -8.25895965 3.40000000
 C	-9.53654084 -8.85992898 3.40000000
 C	10.13134771 -8.17311118 3.40000000
 C	0.24792138 -7.09707222 3.40000000
 C	-12.04465955 -7.52633861 3.40000000
 C	12.54033021 -6.66781185 3.40000000
 C	-14.50303806 -7.61218708 3.40000000
 C	14.99888081 -6.58195737 3.40000000
 C	-16.96158867 -7.69804156 3.40000000
 C	17.45725932 -6.49610890 3.40000000
 C	-19.42013927 -7.78389604 3.40000000
 C	19.91580993 -6.41025442 3.40000000
 C	-21.87857514 -7.86974651 3.40000000
 C	22.37430317 -6.32440195 3.40000000
 C	-2.21062923 -7.18292670 3.40000000
 C	2.70629989 -7.01122375 3.40000000
 C	-24.33706838 -7.95559898 3.40000000
 C	24.83273904 -6.23855147 3.40000000
 C	-26.79561899 -8.04145346 3.40000000
 C	27.29128964 -6.15269699 3.40000000
 C	-29.25399750 -8.12730193 3.40000000
 C	29.74984025 -6.06684251 3.40000000
 C	-31.71254810 -8.21315641 3.40000000
 C	32.20821876 -5.98099405 3.40000000
 C	34.66676936 -5.89513957 3.40000000
 C	37.12526260 -5.80928709 3.40000000
 C	39.58369848 -5.72343662 3.40000000
 C	-4.66917983 -7.26878118 3.40000000
 C	5.16485049 -6.92536928 3.40000000
 C	-7.12761571 -7.35463165 3.40000000
 C	7.62334373 -6.83951680 3.40000000
 C	-9.58610895 -7.44048413 3.40000000
 C	10.08177960 -6.75366633 3.40000000
 C	-10.84016830 -6.77368894 3.40000000
 C	11.28627085 -6.00101665 3.40000000
 C	-1.00613798 -6.43027703 3.40000000
 C	1.45224053 -6.34442856 3.40000000
 C	-13.29871891 -6.85954342 3.40000000
 C	13.74482146 -5.91516218 3.40000000
 C	-15.75709742 -6.94539188 3.40000000
 C	16.20319997 -5.82931371 3.40000000
 C	-18.21564802 -7.03124636 3.40000000
 C	18.66175057 -5.74345923 3.40000000
 C	-20.67402653 -7.11709483 3.40000000
 C	21.12030118 -5.65760475 3.40000000
 C	-23.13257714 -7.20294931 3.40000000
 C	23.57885178 -5.57175027 3.40000000
 C	-25.59112774 -7.28880379 3.40000000
 C	26.03723029 -5.48590180 3.40000000
 C	-28.04967834 -7.37465827 3.40000000
 C	28.49578089 -5.40004732 3.40000000
 C	-30.50805685 -7.46050674 3.40000000
 C	30.95415940 -5.31419885 3.40000000
 C	33.41271001 -5.22834437 3.40000000
 C	35.87126061 -5.14248989 3.40000000
 C	-3.46468858 -6.51613151 3.40000000
 C	3.91079113 -6.25857408 3.40000000
 C	38.32981122 -5.05663542 3.40000000
 C	40.78818973 -4.97078695 3.40000000
 C	-5.92306709 -6.60197998 3.40000000
 C	6.36934174 -6.17271960 3.40000000
 C	-8.38161770 -6.68783446 3.40000000
 C	8.82789234 -6.08686512 3.40000000
 C	-10.88973641 -5.35424409 3.40000000
 C	11.23670275 -4.58157181 3.40000000
 C	-1.05570609 -5.01083218 3.40000000
 C	1.40284452 -4.92497771 3.40000000
 C	-13.34811492 -5.44009256 3.40000000
 C	13.69525335 -4.49571733 3.40000000
 C	-15.80666552 -5.52594704 3.40000000
 C	16.15380395 -4.40986285 3.40000000
 C	-18.26521613 -5.61180152 3.40000000
 C	18.61218246 -4.32401438 3.40000000
 C	-20.72365200 -5.69765199 3.40000000
 C	21.07073307 -4.23815990 3.40000000
 C	-23.18214524 -5.78350447 3.40000000
 C	23.52922631 -4.15230743 3.40000000
 C	-25.64069585 -5.86935895 3.40000000
 C	25.98766218 -4.06645696 3.40000000
 C	-28.09907436 -5.95520741 3.40000000
 C	28.44621279 -3.98060248 3.40000000
 C	-30.55762496 -6.04106189 3.40000000
 C	30.90476339 -3.89474800 3.40000000
 C	33.36314190 -3.80889953 3.40000000
 C	35.82169251 -3.72304505 3.40000000
 C	-3.51425669 -5.09668666 3.40000000
 C	3.86122303 -4.83912924 3.40000000
 C	38.28018575 -3.63719257 3.40000000
 C	40.73862162 -3.55134210 3.40000000
 C	-5.97269257 -5.18253714 3.40000000
 C	6.31977363 -4.75327476 3.40000000
 C	-8.43118580 -5.26838961 3.40000000
 C	8.77826687 -4.66742228 3.40000000
 C	0.14878516 -4.25818251 3.40000000
 C	-12.14379576 -4.68744890 3.40000000
 C	12.44119399 -3.82892214 3.40000000
 C	-14.60217427 -4.77329737 3.40000000
 C	14.89974460 -3.74306766 3.40000000
 C	-17.06072488 -4.85915185 3.40000000
 C	17.35812311 -3.65721919 3.40000000
 C	-19.51910339 -4.94500031 3.40000000
 C	19.81667371 -3.57136471 3.40000000
 C	-21.97765399 -5.03085479 3.40000000
 C	22.27522432 -3.48551023 3.40000000
 C	-2.30976544 -4.34403699 3.40000000
 C	2.60716367 -4.17233404 3.40000000
 C	-24.43620460 -5.11670927 3.40000000
 C	24.73377492 -3.39965575 3.40000000
 C	-26.89475520 -5.20256375 3.40000000
 C	27.19215343 -3.31380728 3.40000000
 C	-29.35313371 -5.28841222 3.40000000
 C	29.65070404 -3.22795280 3.40000000
 C	32.10908255 -3.14210433 3.40000000
 C	34.56763315 -3.05624986 3.40000000
 C	37.02618375 -2.97039538 3.40000000
 C	39.48473436 -2.88454090 3.40000000
 C	41.94311287 -2.79869243 3.40000000
 C	-4.76814395 -4.42988546 3.40000000
 C	5.06571428 -4.08647956 3.40000000
 C	-7.22669456 -4.51573994 3.40000000
 C	7.52426488 -4.00062509 3.40000000
 C	-9.68524516 -4.60159442 3.40000000
 C	9.98281549 -3.91477061 3.40000000
 C	0.09919011 -2.83878834 3.40000000
 C	-12.19321872 -3.26804871 3.40000000
 C	12.39159894 -2.40952796 3.40000000
 C	-14.65176933 -3.35390319 3.40000000
 C	14.85014954 -2.32367348 3.40000000
 C	-17.11031993 -3.43975767 3.40000000
 C	17.30870015 -2.23781901 3.40000000
 C	-19.56875581 -3.52560814 3.40000000
 C	19.76707866 -2.15197054 3.40000000
 C	-22.02724905 -3.61146062 3.40000000
 C	22.22562926 -2.06611606 3.40000000
 C	-24.48579965 -3.69731510 3.40000000
 C	-2.35936050 -2.92464282 3.40000000
 C	24.68412250 -1.98026358 3.40000000
 C	2.55774071 -2.75293386 3.40000000
 C	-26.94417816 -3.78316357 3.40000000
 C	27.14255838 -1.89441311 3.40000000
 C	-29.40272877 -3.86901805 3.40000000
 C	29.60110898 -1.80855863 3.40000000
 C	32.05965959 -1.72270415 3.40000000
 C	34.51803810 -1.63685568 3.40000000
 C	36.97658870 -1.55100120 3.40000000
 C	39.43508194 -1.46514873 3.40000000
 C	41.89351781 -1.37929825 3.40000000
 C	-4.81779637 -3.01049329 3.40000000
 C	5.01611922 -2.66708539 3.40000000
 C	-7.27628961 -3.09634577 3.40000000
 C	7.47466983 -2.58123091 3.40000000
 C	-9.73484021 -3.18220024 3.40000000
 C	9.93316307 -2.49537844 3.40000000
 C	-10.98887262 -2.51535438 3.40000000
 C	11.13773863 -1.74267609 3.40000000
 C	-1.15484230 -2.17194247 3.40000000
 C	1.30370830 -2.08608799 3.40000000
 C	-13.44725113 -2.60120285 3.40000000
 C	13.59611714 -1.65682762 3.40000000
 C	-15.90580174 -2.68705733 3.40000000
 C	16.05466774 -1.57097314 3.40000000
 C	-18.36418025 -2.77290580 3.40000000
 C	18.51304625 -1.48512467 3.40000000
 C	-20.82273085 -2.85876028 3.40000000
 C	20.97159686 -1.39927019 3.40000000
 C	-23.28128145 -2.94461476 3.40000000
 C	23.43014746 -1.31341571 3.40000000
 C	-25.73983206 -3.03046923 3.40000000
 C	25.88869806 -1.22756123 3.40000000
 C	-28.19821057 -3.11631770 3.40000000
 C	28.34707657 -1.14171277 3.40000000
 C	30.80562718 -1.05585829 3.40000000
 C	33.26400569 -0.97000982 3.40000000
 C	35.72255629 -0.88415534 3.40000000
 C	-3.61322081 -2.25779094 3.40000000
 C	3.76208681 -2.00023953 3.40000000
 C	38.18110690 -0.79830086 3.40000000
 C	40.63965750 -0.71244638 3.40000000
 C	43.09803601 -0.62659791 3.40000000
 C	-6.07177141 -2.34364542 3.40000000
 C	6.22063742 -1.91438505 3.40000000
 C	-8.53032202 -2.42949990 3.40000000
 C	8.67918802 -1.82853057 3.40000000
 C	-11.03834948 -1.09605556 3.40000000
 C	11.08803231 -0.32338528 3.40000000
 C	-1.20449125 -0.75264966 3.40000000
 C	1.25405936 -0.66679518 3.40000000
 C	-13.49690008 -1.18191004 3.40000000
 C	13.54646819 -0.23753481 3.40000000
 C	-15.95545069 -1.26776452 3.40000000
 C	16.00501879 -0.15168033 3.40000000
 C	-18.41388656 -1.35361499 3.40000000
 C	18.46356940 -0.06582585 3.40000000
 C	-20.87237980 -1.43946746 3.40000000
 C	20.92194791 0.02002262 3.40000000
 C	-23.33093040 -1.52532194 3.40000000
 C	23.38049851 0.10587710 3.40000000
 C	-25.78930891 -1.61117041 3.40000000
 C	25.83899175 0.19172957 3.40000000
 C	-28.24785952 -1.69702489 3.40000000
 C	28.29742762 0.27758005 3.40000000
 C	30.75597823 0.36343453 3.40000000
 C	33.21452883 0.44928900 3.40000000
 C	35.67290734 0.53513747 3.40000000
 C	-3.66292712 -0.83850013 3.40000000
 C	3.71260996 -0.58094070 3.40000000
 C	38.13145795 0.62099195 3.40000000
 C	40.58995119 0.70684443 3.40000000
 C	43.04838706 0.79269490 3.40000000
 C	-6.12142036 -0.92435261 3.40000000
 C	6.17098847 -0.49509224 3.40000000
 C	-8.57997097 -1.01020709 3.40000000
 C	8.62953907 -0.40923776 3.40000000
 C	0.00000000 0.00000000 3.40000000
 C	-12.29240883 -0.42926038 3.40000000
 C	12.29258093 0.42926639 3.40000000
 C	-14.75095944 -0.51511485 3.40000000
 C	14.75095944 0.51511485 3.40000000
 C	-17.20933795 -0.60096332 3.40000000
 C	17.20951004 0.60096933 3.40000000
 C	-19.66788855 -0.68681780 3.40000000
 C	19.66788855 0.68681780 3.40000000
 C	-22.12643916 -0.77267228 3.40000000
 C	22.12643916 0.77267228 3.40000000
 C	-2.45837851 -0.08584847 3.40000000
 C	-24.58498976 -0.85852676 3.40000000
 C	24.58498976 0.85852676 3.40000000
 C	2.45855060 0.08585448 3.40000000
 C	-27.04336827 -0.94437523 3.40000000
 C	27.04354036 0.94438124 3.40000000
 C	29.50191887 1.03022971 3.40000000
 C	31.96046948 1.11608419 3.40000000
 C	34.41884799 1.20193266 3.40000000
 C	36.87739859 1.28778714 3.40000000
 C	39.33594920 1.37364161 3.40000000
 C	41.79449980 1.45949609 3.40000000
 C	44.25287831 1.54534456 3.40000000
 C	-4.91692911 -0.17170295 3.40000000
 C	4.91692911 0.17170295 3.40000000
 C	-7.37547972 -0.25755743 3.40000000
 C	7.37547972 0.25755743 3.40000000
 C	-9.83403032 -0.34341191 3.40000000
 C	9.83403032 0.34341191 3.40000000
 C	-0.04956811 1.41944486 3.40000000
 C	-12.34197694 0.99018448 3.40000000
 C	12.24295546 1.84870924 3.40000000
 C	-14.80052754 0.90433000 3.40000000
 C	14.70139133 1.93455971 3.40000000
 C	-17.25896342 0.81847953 3.40000000
 C	17.15994193 2.02041419 3.40000000
 C	-19.71745666 0.73262705 3.40000000
 C	19.61849254 2.10626867 3.40000000
 C	-22.17600726 0.64677257 3.40000000
 C	22.07687105 2.19211714 3.40000000
 C	-2.50800398 1.33359438 3.40000000
 C	-24.63438577 0.56092410 3.40000000
 C	24.53542165 2.27797162 3.40000000
 C	2.40898250 1.50529933 3.40000000
 C	-27.09293638 0.47506963 3.40000000
 C	26.99391489 2.36382409 3.40000000
 C	29.45235077 2.44967456 3.40000000
 C	31.91090137 2.53552904 3.40000000
 C	34.36945198 2.62138352 3.40000000
 C	36.82783049 2.70723199 3.40000000
 C	39.28638109 2.79308647 3.40000000
 C	41.74487433 2.87893895 3.40000000
 C	44.20331020 2.96478942 3.40000000
 C	-4.96649722 1.24774191 3.40000000
 C	4.86753310 1.59115381 3.40000000
 C	-7.42504782 1.16188743 3.40000000
 C	7.32591161 1.67700228 3.40000000
 C	-9.88342633 1.07603896 3.40000000
 C	9.78446222 1.76285676 3.40000000
 C	-11.13748569 1.74283414 3.40000000
 C	10.98895347 2.51550642 3.40000000
 C	-1.30345537 2.08624605 3.40000000
 C	1.15492314 2.17209452 3.40000000
 C	-13.59603629 1.65697966 3.40000000
 C	13.44750407 2.60136090 3.40000000
 C	-16.05441480 1.57113119 3.40000000
 C	15.90588258 2.68720937 3.40000000
 C	-18.51296541 1.48527672 3.40000000
 C	18.36443318 2.77306385 3.40000000
 C	-20.97151601 1.39942224 3.40000000
 C	20.82281169 2.85891232 3.40000000
 C	-23.43006662 1.31356776 3.40000000
 C	23.28136230 2.94476680 3.40000000
 C	-25.88844513 1.22771929 3.40000000
 C	25.73991290 3.03062128 3.40000000
 C	28.19846351 3.11647576 3.40000000
 C	30.65684202 3.20232423 3.40000000
 C	33.11539262 3.28817871 3.40000000
 C	35.57377113 3.37402717 3.40000000
 C	-3.76200597 2.00039157 3.40000000
 C	3.61347375 2.25794900 3.40000000
 C	38.03232173 3.45988165 3.40000000
 C	40.49087234 3.54573613 3.40000000
 C	42.94942294 3.63159061 3.40000000
 C	45.40780145 3.71743908 3.40000000
 C	-6.22055658 1.91453709 3.40000000
 C	6.07185226 2.34379747 3.40000000
 C	-8.67910718 1.82868261 3.40000000
 C	8.53040286 2.42965194 3.40000000
 C	-11.18705380 3.16227900 3.40000000
 C	10.93938536 3.93495128 3.40000000
 C	-1.35308084 3.50568890 3.40000000
 C	1.10535504 3.59153937 3.40000000
 C	-13.64560440 3.07642452 3.40000000
 C	13.39787860 4.02080375 3.40000000
 C	-16.10404028 2.99057405 3.40000000
 C	15.85631447 4.10665423 3.40000000
 C	-18.56253351 2.90472157 3.40000000
 C	18.31486508 4.19250871 3.40000000
 C	-21.02108412 2.81886709 3.40000000
 C	20.77341568 4.27836319 3.40000000
 C	-23.47946263 2.73301862 3.40000000
 C	23.23179419 4.36421165 3.40000000
 C	-25.93801323 2.64716414 3.40000000
 C	25.69034480 4.45006613 3.40000000
 C	28.14883804 4.53591861 3.40000000
 C	30.60727391 4.62176908 3.40000000
 C	33.06582451 4.70762356 3.40000000
 C	35.52437512 4.79347804 3.40000000
 C	-3.81157408 3.41983642 3.40000000
 C	3.56390564 3.67739385 3.40000000
 C	37.98275363 4.87932651 3.40000000
 C	40.44130423 4.96518099 3.40000000
 C	42.89979747 5.05103346 3.40000000
 C	45.35823335 5.13688394 3.40000000
 C	-6.27012468 3.33398195 3.40000000
 C	6.02245624 3.76324833 3.40000000
 C	-8.72850319 3.24813348 3.40000000
 C	8.48083475 3.84909680 3.40000000
 C	-0.14861307 4.25818852 3.40000000
 C	-12.44119399 3.82892214 3.40000000
 C	12.14379576 4.68744890 3.40000000
 C	-14.89957250 3.74307367 3.40000000
 C	14.60234637 4.77330338 3.40000000
 C	-17.35812311 3.65721919 3.40000000
 C	17.06072488 4.85915185 3.40000000
 C	-19.81667371 3.57136471 3.40000000
 C	19.51927548 4.94500632 3.40000000
 C	21.97765399 5.03085479 3.40000000
 C	-22.27522432 3.48551023 3.40000000
 C	-2.60716367 4.17233404 3.40000000
 C	2.30976544 4.34403699 3.40000000
 C	-24.73360283 3.39966176 3.40000000
 C	24.43620460 5.11670927 3.40000000
 C	26.89475520 5.20256375 3.40000000
 C	29.35330581 5.28841823 3.40000000
 C	31.81168432 5.37426670 3.40000000
 C	34.27023492 5.46012118 3.40000000
 C	36.72861343 5.54596965 3.40000000
 C	39.18716403 5.63182413 3.40000000
 C	41.64571464 5.71767861 3.40000000
 C	44.10426524 5.80353308 3.40000000
 C	46.56264375 5.88938155 3.40000000
 C	-5.06571428 4.08647956 3.40000000
 C	4.76831605 4.42989147 3.40000000
 C	7.22669456 4.51573994 3.40000000
 C	-7.52426488 4.00062509 3.40000000
 C	-9.98264339 3.91477662 3.40000000
 C	9.68524516 4.60159442 3.40000000
 C	-0.19823854 5.67763137 3.40000000
 C	-12.49076210 5.24836699 3.40000000
 C	12.09422766 6.10689375 3.40000000
 C	-14.94919798 5.16251652 3.40000000
 C	14.55272090 6.19274623 3.40000000
 C	-17.40769122 5.07666404 3.40000000
 C	17.01115677 6.27859670 3.40000000
 C	-19.86624182 4.99080957 3.40000000
 C	19.46970738 6.36445118 3.40000000
 C	-22.32462033 4.90496110 3.40000000
 C	21.92825798 6.45030566 3.40000000
 C	-2.65673178 5.59177890 3.40000000
 C	2.26019734 5.76348185 3.40000000
 C	-24.78317093 4.81910662 3.40000000
 C	24.38663649 6.53615413 3.40000000
 C	26.84518710 6.62200861 3.40000000
 C	29.30368033 6.70786108 3.40000000
 C	31.76211621 6.79371156 3.40000000
 C	34.22066681 6.87956603 3.40000000
 C	36.67921742 6.96542051 3.40000000
 C	39.13759593 7.05126898 3.40000000
 C	41.59614653 7.13712346 3.40000000
 C	44.05463977 7.22297594 3.40000000
 C	46.51307565 7.30882641 3.40000000
 C	-5.11528238 5.50592442 3.40000000
 C	4.71874794 5.84933633 3.40000000
 C	-7.57366089 5.42007595 3.40000000
 C	7.17729854 5.93519080 3.40000000
 C	-10.03221150 5.33422147 3.40000000
 C	9.63567705 6.02103927 3.40000000
 C	-11.28627085 6.00101666 3.40000000
 C	10.84016830 6.77368895 3.40000000
 C	-1.45224053 6.34442857 3.40000000
 C	1.00631007 6.43028305 3.40000000
 C	-13.74464936 5.91516820 3.40000000
 C	13.29871891 6.85954343 3.40000000
 C	-16.20319997 5.82931372 3.40000000
 C	15.75726951 6.94539790 3.40000000
 C	-18.66175057 5.74345924 3.40000000
 C	18.21564802 7.03124637 3.40000000
 C	-21.12030118 5.65760476 3.40000000
 C	20.67419863 7.11710085 3.40000000
 C	-23.57867968 5.57175629 3.40000000
 C	23.13257713 7.20294932 3.40000000
 C	25.59112774 7.28880380 3.40000000
 C	28.04967834 7.37465828 3.40000000
 C	30.50822895 7.46051276 3.40000000
 C	32.96660746 7.54636123 3.40000000
 C	35.42515806 7.63221571 3.40000000
 C	-3.91079113 6.25857409 3.40000000
 C	3.46468858 6.51613152 3.40000000
 C	37.88353657 7.71806418 3.40000000
 C	40.34208718 7.80391865 3.40000000
 C	42.80063778 7.88977313 3.40000000
 C	45.25918839 7.97562761 3.40000000
 C	47.71756689 8.06147608 3.40000000
 C	-6.36934174 6.17271961 3.40000000
 C	5.92323919 6.60198600 3.40000000
 C	-8.82772025 6.08687114 3.40000000
 C	8.38161770 6.68783447 3.40000000
 C	-11.33583896 7.42046151 3.40000000
 C	10.79060020 8.19313379 3.40000000
 C	-1.50180864 7.76387342 3.40000000
 C	0.95668460 7.84972589 3.40000000
 C	-13.79427483 7.33461104 3.40000000
 C	13.24915080 8.27898827 3.40000000
 C	-16.25276807 7.24875856 3.40000000
 C	15.70764404 8.36484075 3.40000000
 C	-18.71131868 7.16290408 3.40000000
 C	18.16607991 8.45069122 3.40000000
 C	-21.16969719 7.07705561 3.40000000
 C	20.62463052 8.53654570 3.40000000
 C	-23.62824779 6.99120113 3.40000000
 C	23.08318112 8.62240018 3.40000000
 C	25.54155963 8.70824865 3.40000000
 C	28.00011024 8.79410312 3.40000000
 C	30.45860348 8.87995560 3.40000000
 C	32.91703935 8.96580607 3.40000000
 C	35.37558996 9.05166055 3.40000000
 C	-3.96035924 7.67801894 3.40000000
 C	3.41512048 7.93557636 3.40000000
 C	37.83414056 9.13751503 3.40000000
 C	40.29251907 9.22336350 3.40000000
 C	42.75106967 9.30921798 3.40000000
 C	45.20956291 9.39507045 3.40000000
 C	47.66799879 9.48092093 3.40000000
 C	-6.41873775 7.59217047 3.40000000
 C	5.87367108 8.02143084 3.40000000
 C	-8.87728835 7.50631599 3.40000000
 C	8.33222169 8.10728532 3.40000000
 C	-0.29731739 8.51652309 3.40000000
 C	-12.58972622 8.08726271 3.40000000
 C	11.99509145 8.94578346 3.40000000
 C	-15.04827682 8.00140823 3.40000000
 C	14.45364205 9.03163794 3.40000000
 C	-17.50682743 7.91555376 3.40000000
 C	16.91219265 9.11749242 3.40000000
 C	-19.96537803 7.82969928 3.40000000
 C	19.37057116 9.20334089 3.40000000
 C	-22.42375654 7.74385081 3.40000000
 C	21.82912177 9.28919537 3.40000000
 C	-2.75586799 8.43066861 3.40000000
 C	24.28750028 9.37504384 3.40000000
 C	2.16123322 8.60237757 3.40000000
 C	26.74605088 9.46089832 3.40000000
 C	29.20460149 9.54675280 3.40000000
 C	31.66315209 9.63260728 3.40000000
 C	34.12153060 9.71845575 3.40000000
 C	36.58008120 9.80431022 3.40000000
 C	39.03845971 9.89015869 3.40000000
 C	41.49701032 9.97601317 3.40000000
 C	43.95556092 10.06186765 3.40000000
 C	46.41411153 10.14772213 3.40000000
 C	48.87249004 10.23357060 3.40000000
 C	-5.21441860 8.34481413 3.40000000
 C	4.61961173 8.68822604 3.40000000
 C	-7.67279711 8.25896566 3.40000000
 C	7.07816233 8.77408052 3.40000000
 C	-10.13134771 8.17311118 3.40000000
 C	9.53654084 8.85992898 3.40000000
 C	-0.34691244 9.93591726 3.40000000
 C	-12.63937864 9.50665488 3.40000000
 C	11.94549639 10.36517764 3.40000000
 C	-15.09787188 9.42080241 3.40000000
 C	14.40404700 10.45103212 3.40000000
 C	-17.55642248 9.33494793 3.40000000
 C	16.86254023 10.53688459 3.40000000
 C	-20.01480099 9.24909946 3.40000000
 C	19.32097611 10.62273507 3.40000000
 C	-22.47335160 9.16324498 3.40000000
 C	21.77952671 10.70858954 3.40000000
 C	-2.80546305 9.85006278 3.40000000
 C	24.23807732 10.79444402 3.40000000
 C	2.11158080 10.02176974 3.40000000
 C	26.69645583 10.88029249 3.40000000
 C	29.15500643 10.96614697 3.40000000
 C	31.61349967 11.05199945 3.40000000
 C	34.07193555 11.13784992 3.40000000
 C	36.53048615 11.22370440 3.40000000
 C	38.98903675 11.30955888 3.40000000
 C	41.44741526 11.39540735 3.40000000
 C	43.90596587 11.48126183 3.40000000
 C	46.36445911 11.56711430 3.40000000
 C	-5.26384156 9.76421431 3.40000000
 C	48.82289498 11.65296477 3.40000000
 C	4.57001667 10.10762021 3.40000000
 C	-7.72239216 9.67835984 3.40000000
 C	7.02856728 10.19347469 3.40000000
 C	-10.18094276 9.59250536 3.40000000
 C	9.48711788 10.27932917 3.40000000
 C	-11.43480308 10.25935723 3.40000000
 C	10.69146398 11.03202350 3.40000000
 C	-1.60094485 10.60276313 3.40000000
 C	0.85760576 10.68861761 3.40000000
 C	-13.89335368 10.17350275 3.40000000
 C	13.15001459 11.11787798 3.40000000
 C	-16.35190429 10.08764827 3.40000000
 C	15.60856519 11.20373246 3.40000000
 C	-18.81045489 10.00179379 3.40000000
 C	18.06711580 11.28958694 3.40000000
 C	-21.26883340 9.91594532 3.40000000
 C	20.52549431 11.37543541 3.40000000
 C	22.98404491 11.46128989 3.40000000
 C	25.44242342 11.54713836 3.40000000
 C	27.90097402 11.63299284 3.40000000
 C	30.35952463 11.71884731 3.40000000
 C	32.81807523 11.80470179 3.40000000
 C	35.27645374 11.89055026 3.40000000
 C	-4.05949545 10.51690865 3.40000000
 C	3.31615636 10.77447209 3.40000000
 C	37.73500435 11.97640474 3.40000000
 C	40.19338286 12.06225321 3.40000000
 C	42.65193346 12.14810769 3.40000000
 C	45.11048407 12.23396217 3.40000000
 C	47.56903467 12.31981665 3.40000000
 C	50.02741318 12.40566512 3.40000000
 C	-6.51787396 10.43106018 3.40000000
 C	5.77453487 10.86032055 3.40000000
 C	-8.97642457 10.34520570 3.40000000
 C	8.23308547 10.94617503 3.40000000
 C	-11.48450939 11.67864804 3.40000000
 C	10.64198713 12.45132232 3.40000000
 C	-1.65059380 12.02205594 3.40000000
 C	0.80795681 12.10791042 3.40000000
 C	-13.94300263 11.59279556 3.40000000
 C	13.10036564 12.53717079 3.40000000
 C	-16.40155324 11.50694108 3.40000000
 C	15.55891624 12.62302527 3.40000000
 C	-18.85993174 11.42109262 3.40000000
 C	18.01740948 12.70887775 3.40000000
 C	-21.31848235 11.33523814 3.40000000
 C	20.47584536 12.79472822 3.40000000
 C	22.93439596 12.88058270 3.40000000
 C	25.39294657 12.96643718 3.40000000
 C	27.85132507 13.05228565 3.40000000
 C	30.30987568 13.13814013 3.40000000
 C	32.76836892 13.22399260 3.40000000
 C	35.22680479 13.30984307 3.40000000
 C	-4.10897231 11.93620747 3.40000000
 C	3.26645005 12.19376289 3.40000000
 C	37.68535540 13.39569755 3.40000000
 C	40.14390600 13.48155203 3.40000000
 C	42.60228451 13.56740050 3.40000000
 C	45.06083512 13.65325498 3.40000000
 C	47.51932836 13.73910746 3.40000000
 C	49.97776423 13.82495793 3.40000000
 C	-6.56752291 11.85035299 3.40000000
 C	5.72488592 12.27961337 3.40000000
 C	-9.02607352 11.76449851 3.40000000
 C	8.18343652 12.36546784 3.40000000
 C	-0.44610255 12.77470560 3.40000000
 C	-12.73851138 12.34544523 3.40000000
 C	11.84630628 13.20396598 3.40000000
 C	-15.19706199 12.25959075 3.40000000
 C	14.30485689 13.28982046 3.40000000
 C	-17.65561259 12.17373627 3.40000000
 C	16.76340749 13.37567493 3.40000000
 C	-20.11399110 12.08788780 3.40000000
 C	19.22195810 13.46152941 3.40000000
 C	21.68033661 13.54737788 3.40000000
 C	24.13888721 13.63323236 3.40000000
 C	-2.90465315 12.68885112 3.40000000
 C	2.01244805 12.86056008 3.40000000
 C	26.59726572 13.71908083 3.40000000
 C	29.05581632 13.80493531 3.40000000
 C	31.51436693 13.89078979 3.40000000
 C	33.97291753 13.97664427 3.40000000
 C	36.43129604 14.06249274 3.40000000
 C	38.88984665 14.14834722 3.40000000
 C	41.34822516 14.23419568 3.40000000
 C	43.80677576 14.32005016 3.40000000
 C	46.26532637 14.40590464 3.40000000
 C	-5.36303166 12.60300265 3.40000000
 C	48.72387697 14.49175912 3.40000000
 C	4.47099866 12.94641456 3.40000000
 C	51.18225548 14.57760759 3.40000000
 C	-7.82158227 12.51714817 3.40000000
 C	6.92937717 13.03226303 3.40000000
 C	-10.27996078 12.43129970 3.40000000
 C	9.38792777 13.11811751 3.40000000
 C	-0.49567066 14.19415046 3.40000000
 C	-12.78807949 13.76489008 3.40000000
 C	11.79691027 14.62341684 3.40000000
 C	-15.24663009 13.67903560 3.40000000
 C	14.25528878 14.70926531 3.40000000
 C	-17.70500860 13.59318713 3.40000000
 C	16.71383939 14.79511979 3.40000000
 C	-20.16355921 13.50733265 3.40000000
 C	19.17233262 14.88097227 3.40000000
 C	21.63076850 14.96682274 3.40000000
 C	-2.95404917 14.10830199 3.40000000
 C	24.08931910 15.05267722 3.40000000
 C	1.96287995 14.28000494 3.40000000
 C	26.54786971 15.13853170 3.40000000
 C	29.00624822 15.22438017 3.40000000
 C	31.46479882 15.31023464 3.40000000
 C	33.92329206 15.39608712 3.40000000
 C	36.38172794 15.48193759 3.40000000
 C	38.84027854 15.56779207 3.40000000
 C	41.29882914 15.65364655 3.40000000
 C	43.75720765 15.73949502 3.40000000
 C	46.21575826 15.82534950 3.40000000
 C	-5.41259977 14.02244751 3.40000000
 C	48.67425150 15.91120197 3.40000000
 C	4.42137319 14.36585741 3.40000000
 C	51.13268737 15.99705245 3.40000000
 C	-7.87115037 13.93659303 3.40000000
 C	6.87980906 14.45170788 3.40000000
 C	-10.32958625 13.85074256 3.40000000
 C	9.33835967 14.53756236 3.40000000
 C	-11.58358824 14.51753974 3.40000000
 C	10.54285092 15.29021202 3.40000000
 C	-1.74973001 14.86094564 3.40000000
 C	0.70882059 14.94680012 3.40000000
 C	-14.04213884 14.43168526 3.40000000
 C	13.00122943 15.37606049 3.40000000
 C	-16.50068945 14.34583079 3.40000000
 C	15.45978003 15.46191497 3.40000000
 C	-18.95906796 14.25998232 3.40000000
 C	17.91833063 15.54776945 3.40000000
 C	20.37688124 15.63362393 3.40000000
 C	22.83525975 15.71947240 3.40000000
 C	25.29381035 15.80532688 3.40000000
 C	27.75218886 15.89117535 3.40000000
 C	30.21073947 15.97702983 3.40000000
 C	32.66929007 16.06288431 3.40000000
 C	35.12784068 16.14873879 3.40000000
 C	-4.20810852 14.77509717 3.40000000
 C	3.16737120 15.03265460 3.40000000
 C	37.58621918 16.23458725 3.40000000
 C	40.04476979 16.32044173 3.40000000
 C	42.50314830 16.40629020 3.40000000
 C	44.96169890 16.49214468 3.40000000
 C	47.42024951 16.57799916 3.40000000
 C	49.87880011 16.66385364 3.40000000
 C	52.33717862 16.74970211 3.40000000
 C	-6.66665913 14.68924269 3.40000000
 C	5.62592180 15.11850908 3.40000000
 C	-9.12503763 14.60339422 3.40000000
 C	8.08430031 15.20435755 3.40000000
 C	-11.63315635 15.93698460 3.40000000
 C	10.49328281 16.70965688 3.40000000
 C	-1.79912602 16.28039650 3.40000000
 C	0.65925249 16.36624497 3.40000000
 C	-14.09170695 15.85113012 3.40000000
 C	12.95183341 16.79551136 3.40000000
 C	-16.55008546 15.76528165 3.40000000
 C	15.41021192 16.88135983 3.40000000
 C	-19.00863606 15.67942717 3.40000000
 C	17.86876253 16.96721431 3.40000000
 C	20.32725577 17.05306678 3.40000000
 C	22.78569164 17.13891726 3.40000000
 C	25.24424225 17.22477173 3.40000000
 C	27.70279285 17.31062621 3.40000000
 C	30.16117136 17.39647468 3.40000000
 C	32.61972196 17.48232916 3.40000000
 C	35.07821520 17.56818164 3.40000000
 C	-4.25767663 16.19454203 3.40000000
 C	3.11780309 16.45209945 3.40000000
 C	37.53665108 17.65403211 3.40000000
 C	39.99520168 17.73988659 3.40000000
 C	42.45375229 17.82574107 3.40000000
 C	44.91213080 17.91158954 3.40000000
 C	47.37068140 17.99744402 3.40000000
 C	49.82917464 18.08329649 3.40000000
 C	52.28761051 18.16914696 3.40000000
 C	-6.71622723 16.10868755 3.40000000
 C	5.57629633 16.53795193 3.40000000
 C	-9.17466311 16.02283707 3.40000000
 C	8.03473220 16.62380240 3.40000000
 C	-0.59488771 17.03288811 3.40000000
 C	-12.88729654 16.60362774 3.40000000
 C	11.69769322 17.46215450 3.40000000
 C	14.15607172 17.54800297 3.40000000
 C	-15.34584715 16.51777326 3.40000000
 C	-17.80422566 16.43192479 3.40000000
 C	16.61462233 17.63385745 3.40000000
 C	19.07317293 17.71971193 3.40000000
 C	21.53172354 17.80556640 3.40000000
 C	-3.05326622 16.94703964 3.40000000
 C	1.86366289 17.11874259 3.40000000
 C	23.99010205 17.89141487 3.40000000
 C	26.44865265 17.97726935 3.40000000
 C	28.90703116 18.06311782 3.40000000
 C	31.36558177 18.14897230 3.40000000
 C	33.82413237 18.23482678 3.40000000
 C	36.28268297 18.32068126 3.40000000
 C	38.74106148 18.40652973 3.40000000
 C	41.19961209 18.49238421 3.40000000
 C	43.65799060 18.57823268 3.40000000
 C	46.11654120 18.66408716 3.40000000
 C	48.57509181 18.74994163 3.40000000
 C	-5.51181683 16.86118517 3.40000000
 C	4.32221350 17.20459707 3.40000000
 C	51.03364241 18.83579611 3.40000000
 C	53.49202092 18.92164458 3.40000000
 C	-7.97019534 16.77533670 3.40000000
 C	6.78076410 17.29045155 3.40000000
 C	-10.42874594 16.68948222 3.40000000
 C	9.23914261 17.37630002 3.40000000
 C	-0.64428372 18.45233898 3.40000000
 C	-12.93686465 18.02307259 3.40000000
 C	11.64812511 18.88159935 3.40000000
 C	-15.39524316 17.93722412 3.40000000
 C	14.10667571 18.96745383 3.40000000
 C	-17.85379376 17.85136965 3.40000000
 C	16.56505422 19.05330230 3.40000000
 C	19.02360483 19.13915678 3.40000000
 C	21.48209807 19.22500926 3.40000000
 C	-3.10283433 18.36648450 3.40000000
 C	1.81409479 18.53818745 3.40000000
 C	23.94053394 19.31085973 3.40000000
 C	26.39908455 19.39671421 3.40000000
 C	28.85763515 19.48256869 3.40000000
 C	31.31601366 19.56841716 3.40000000
 C	33.77456426 19.65427164 3.40000000
 C	36.23305750 19.74012411 3.40000000
 C	38.69149338 19.82597458 3.40000000
 C	41.15004398 19.91182906 3.40000000
 C	43.60859459 19.99768354 3.40000000
 C	46.06697310 20.08353201 3.40000000
 C	48.52552370 20.16938649 3.40000000
 C	-5.56138493 18.28063002 3.40000000
 C	4.27264539 18.62404193 3.40000000
 C	50.98401694 20.25523897 3.40000000
 C	53.44245281 20.34108944 3.40000000
 C	-8.01982081 18.19477955 3.40000000
 C	6.73113863 18.70989440 3.40000000
 C	-10.47831405 18.10892707 3.40000000
 C	9.18957450 18.79574488 3.40000000
 C	-11.73237340 18.77572227 3.40000000
 C	10.39406575 19.54839455 3.40000000
 C	-1.89834308 19.11913417 3.40000000
 C	0.56003543 19.20498264 3.40000000
 C	-14.19092401 18.68986779 3.40000000
 C	12.85261636 19.63424903 3.40000000
 C	-16.64930252 18.60401932 3.40000000
 C	15.31099487 19.72009750 3.40000000
 C	17.76954547 19.80595197 3.40000000
 C	20.22809608 19.89180645 3.40000000
 C	22.68664668 19.97766093 3.40000000
 C	25.14502519 20.06350940 3.40000000
 C	27.60357579 20.14936388 3.40000000
 C	30.06195430 20.23521235 3.40000000
 C	32.52050491 20.32106683 3.40000000
 C	34.97905551 20.40692131 3.40000000
 C	-4.35689368 19.03327969 3.40000000
 C	3.01858603 19.29083712 3.40000000
 C	37.43760612 20.49277579 3.40000000
 C	39.89598463 20.57862426 3.40000000
 C	42.35453523 20.66447873 3.40000000
 C	44.81291374 20.75032720 3.40000000
 C	47.27146434 20.83618168 3.40000000
 C	49.73001495 20.92203616 3.40000000
 C	52.18856555 21.00789064 3.40000000
 C	54.64694406 21.09373911 3.40000000
 C	-6.81527219 18.94743122 3.40000000
 C	5.47713664 19.37669160 3.40000000
 C	-9.27382280 18.86157674 3.40000000
 C	7.93568724 19.46254608 3.40000000
 C	-11.78194151 20.19516711 3.40000000
 C	10.34449765 20.96783939 3.40000000
 C	-1.94791119 20.53857902 3.40000000
 C	0.51063942 20.62443350 3.40000000
 C	-14.24032002 20.10931864 3.40000000
 C	12.80304825 21.05369387 3.40000000
 C	-16.69887062 20.02346416 3.40000000
 C	15.26159886 21.13954835 3.40000000
 C	17.71997737 21.22539682 3.40000000
 C	20.17852797 21.31125130 3.40000000
 C	22.63702121 21.39710377 3.40000000
 C	25.09545708 21.48295425 3.40000000
 C	27.55400769 21.56880873 3.40000000
 C	30.01255829 21.65466320 3.40000000
 C	32.47093680 21.74051167 3.40000000
 C	34.92948741 21.82636615 3.40000000
 C	-4.40646179 20.45272454 3.40000000
 C	2.96901793 20.71028197 3.40000000
 C	37.38798065 21.91221863 3.40000000
 C	39.84641652 21.99806910 3.40000000
 C	42.30496712 22.08392358 3.40000000
 C	44.76351773 22.16977806 3.40000000
 C	47.22189624 22.25562653 3.40000000
 C	49.68044684 22.34148101 3.40000000
 C	52.13894008 22.42733348 3.40000000
 C	54.59737596 22.51318396 3.40000000
 C	-6.86489766 20.36687407 3.40000000
 C	5.42756853 20.79613644 3.40000000
 C	-9.32339090 20.28102159 3.40000000
 C	7.88606177 20.88198892 3.40000000
 C	-0.74341994 21.29122869 3.40000000
 C	-13.03600086 20.86196230 3.40000000
 C	11.54898890 21.72048906 3.40000000
 C	-15.49437937 20.77611384 3.40000000
 C	14.00753950 21.80634354 3.40000000
 C	16.46591801 21.89219201 3.40000000
 C	18.92446861 21.97804649 3.40000000
 C	21.38301922 22.06390097 3.40000000
 C	-3.20197054 21.20537421 3.40000000
 C	1.71495857 21.37707716 3.40000000
 C	23.84156982 22.14975545 3.40000000
 C	26.29994833 22.23560392 3.40000000
 C	28.75849894 22.32145840 3.40000000
 C	31.21687745 22.40730687 3.40000000
 C	33.67542805 22.49316135 3.40000000
 C	36.13397866 22.57901583 3.40000000
 C	38.59252926 22.66487030 3.40000000
 C	41.05090777 22.75071877 3.40000000
 C	43.50945837 22.83657325 3.40000000
 C	45.96783688 22.92242172 3.40000000
 C	-5.66034905 21.11952574 3.40000000
 C	48.42638749 23.00827620 3.40000000
 C	4.17350918 21.46293164 3.40000000
 C	50.88493809 23.09413068 3.40000000
 C	53.34348870 23.17998516 3.40000000
 C	55.80186721 23.26583363 3.40000000
 C	-8.11889966 21.03367126 3.40000000
 C	6.63205978 21.54878612 3.40000000
 C	-10.57745026 20.94781678 3.40000000
 C	9.09061039 21.63464060 3.40000000
 C	-0.79301499 22.71062286 3.40000000
 C	-13.08542382 22.28136249 3.40000000
 C	11.49939384 23.13988324 3.40000000
 C	-15.54397443 22.19550801 3.40000000
 C	13.95794445 23.22573772 3.40000000
 C	16.41649505 23.31159220 3.40000000
 C	18.87487356 23.39744067 3.40000000
 C	21.33342416 23.48329515 3.40000000
 C	-3.25156560 22.62476838 3.40000000
 C	23.79191740 23.56914762 3.40000000
 C	1.66553561 22.79647734 3.40000000
 C	26.25035328 23.65499809 3.40000000
 C	28.70890388 23.74085257 3.40000000
 C	31.16745449 23.82670705 3.40000000
 C	33.62583300 23.91255552 3.40000000
 C	36.08438360 23.99841000 3.40000000
 C	38.54287684 24.08426248 3.40000000
 C	41.00131271 24.17011295 3.40000000
 C	43.45986332 24.25596743 3.40000000
 C	45.91841392 24.34182191 3.40000000
 C	-5.71000147 22.53891791 3.40000000
 C	48.37679243 24.42767037 3.40000000
 C	4.12391412 22.88232581 3.40000000
 C	50.83534304 24.51352485 3.40000000
 C	53.29383628 24.59937733 3.40000000
 C	55.75227215 24.68522780 3.40000000
 C	-8.16849471 22.45306544 3.40000000
 C	6.58246473 22.96818029 3.40000000
 C	-10.62704531 22.36721096 3.40000000
 C	9.04095797 23.05403277 3.40000000
 C	-11.88107772 23.03405682 3.40000000
 C	10.24553353 23.80673511 3.40000000
 C	-2.04704740 23.37746873 3.40000000
 C	0.41150321 23.46332321 3.40000000
 C	-14.33945623 22.94820835 3.40000000
 C	12.70391204 23.89258358 3.40000000
 C	15.16246264 23.97843806 3.40000000
 C	17.62084115 24.06428653 3.40000000
 C	20.07939176 24.15014101 3.40000000
 C	22.53794236 24.23599549 3.40000000
 C	24.99649297 24.32184997 3.40000000
 C	27.45487147 24.40769844 3.40000000
 C	29.91342208 24.49355292 3.40000000
 C	32.37180059 24.57940139 3.40000000
 C	34.83035119 24.66525586 3.40000000
 C	-4.50542591 23.29162026 3.40000000
 C	2.86988172 23.54917168 3.40000000
 C	37.28890180 24.75111034 3.40000000
 C	39.74745240 24.83696482 3.40000000
 C	42.20583091 24.92281329 3.40000000
 C	44.66438152 25.00866777 3.40000000
 C	47.12276003 25.09451624 3.40000000
 C	49.58131063 25.18037072 3.40000000
 C	52.03986123 25.26622520 3.40000000
 C	54.49841184 25.35207968 3.40000000
 C	56.95679035 25.43792815 3.40000000
 C	-6.96397651 23.20576578 3.40000000
 C	5.32843232 23.63502616 3.40000000
 C	-9.42252712 23.11991130 3.40000000
 C	7.78698292 23.72088063 3.40000000
 C	-11.93055458 24.45335564 3.40000000
 C	10.19582721 25.22602592 3.40000000
 C	-2.09669635 24.79676154 3.40000000
 C	0.36185426 24.88261602 3.40000000
 C	-14.38910518 24.36750116 3.40000000
 C	12.65426309 25.31187639 3.40000000
 C	15.11281369 25.39773087 3.40000000
 C	17.57136430 25.48358535 3.40000000
 C	20.02974281 25.56943382 3.40000000
 C	22.48829341 25.65528830 3.40000000
 C	24.94678665 25.74114078 3.40000000
 C	27.40522253 25.82699125 3.40000000
 C	29.86377313 25.91284573 3.40000000
 C	32.32232373 25.99870021 3.40000000
 C	34.78070224 26.08454868 3.40000000
 C	-4.55513222 24.71091107 3.40000000
 C	2.82040486 24.96847050 3.40000000
 C	37.23925285 26.17040315 3.40000000
 C	39.69774609 26.25625563 3.40000000
 C	42.15618196 26.34210610 3.40000000
 C	44.61473257 26.42796058 3.40000000
 C	47.07328317 26.51381506 3.40000000
 C	49.53166168 26.59966353 3.40000000
 C	51.99021228 26.68551801 3.40000000
 C	54.44870552 26.77137048 3.40000000
 C	56.90714140 26.85722096 3.40000000
 C	-7.01362546 24.62505859 3.40000000
 C	5.27878337 25.05431897 3.40000000
 C	-9.47217607 24.53920411 3.40000000
 C	7.73733397 25.14017345 3.40000000
 C	-0.89220510 25.54941120 3.40000000
 C	-13.18461393 25.12015083 3.40000000
 C	11.40037583 25.97867759 3.40000000
 C	13.85875434 26.06452606 3.40000000
 C	16.31730494 26.15038054 3.40000000
 C	18.77568345 26.23622900 3.40000000
 C	21.23423406 26.32208348 3.40000000
 C	-3.35058361 25.46356273 3.40000000
 C	23.69278466 26.40793796 3.40000000
 C	1.56634551 25.63526568 3.40000000
 C	26.15133526 26.49379244 3.40000000
 C	28.60971377 26.57964091 3.40000000
 C	31.06826438 26.66549539 3.40000000
 C	33.52664289 26.75134386 3.40000000
 C	35.98519349 26.83719834 3.40000000
 C	38.44374410 26.92305282 3.40000000
 C	40.90229470 27.00890730 3.40000000
 C	43.36067321 27.09475576 3.40000000
 C	45.81922382 27.18061024 3.40000000
 C	-5.80913421 25.37770825 3.40000000
 C	4.02472401 25.72111415 3.40000000
 C	48.27760232 27.26645871 3.40000000
 C	50.73615293 27.35231319 3.40000000
 C	53.19470353 27.43816767 3.40000000
 C	55.65325414 27.52402215 3.40000000
 C	58.11163265 27.60987062 3.40000000
 C	-8.26768482 25.29185377 3.40000000
 C	6.48327462 25.80696863 3.40000000
 C	-10.72623542 25.20599930 3.40000000
 C	8.94182522 25.89282311 3.40000000
 C	-0.94177321 26.96885606 3.40000000
 C	-13.23418204 26.53959568 3.40000000
 C	11.35075036 27.39812044 3.40000000
 C	13.80918623 27.48397091 3.40000000
 C	16.26773684 27.56982539 3.40000000
 C	18.72628744 27.65567987 3.40000000
 C	21.18466595 27.74152834 3.40000000
 C	-3.40020908 26.88300559 3.40000000
 C	23.64321655 27.82738282 3.40000000
 C	1.51677740 27.05471054 3.40000000
 C	26.10170979 27.91323529 3.40000000
 C	28.56014567 27.99908577 3.40000000
 C	31.01869627 28.08494025 3.40000000
 C	33.47724688 28.17079472 3.40000000
 C	35.93562539 28.25664319 3.40000000
 C	38.39417599 28.34249767 3.40000000
 C	40.85266923 28.42835015 3.40000000
 C	43.31110510 28.51420062 3.40000000
 C	45.76965571 28.60005510 3.40000000
 C	-5.85870232 26.79715311 3.40000000
 C	48.22820631 28.68590958 3.40000000
 C	3.97532800 27.14056502 3.40000000
 C	50.68658482 28.77175805 3.40000000
 C	53.14513543 28.85761253 3.40000000
 C	55.60362867 28.94346500 3.40000000
 C	58.06206454 29.02931547 3.40000000
 C	-8.31725292 26.71129863 3.40000000
 C	6.43370651 27.22641348 3.40000000
 C	-10.77563143 26.62545016 3.40000000
 C	8.89225712 27.31226796 3.40000000
 C	-12.02969079 27.29224534 3.40000000
 C	10.09674837 28.06491763 3.40000000
 C	-2.19566047 27.63565725 3.40000000
 C	0.26271804 27.72150572 3.40000000
 C	12.55529897 28.15077210 3.40000000
 C	15.01367748 28.23662057 3.40000000
 C	17.47222808 28.32247505 3.40000000
 C	19.93060659 28.40832352 3.40000000
 C	22.38915720 28.49417800 3.40000000
 C	24.84770780 28.58003248 3.40000000
 C	27.30625841 28.66588696 3.40000000
 C	29.76463692 28.75173543 3.40000000
 C	32.22318752 28.83758991 3.40000000
 C	34.68156603 28.92343838 3.40000000
 C	-4.65421107 27.54980277 3.40000000
 C	2.72126865 27.80736020 3.40000000
 C	37.14011664 29.00929286 3.40000000
 C	39.59866724 29.09514733 3.40000000
 C	42.05721784 29.18100181 3.40000000
 C	44.51559635 29.26685028 3.40000000
 C	46.97414696 29.35270476 3.40000000
 C	49.43252547 29.43855323 3.40000000
 C	51.89107607 29.52440771 3.40000000
 C	54.34962668 29.61026219 3.40000000
 C	56.80817728 29.69611667 3.40000000
 C	59.26655579 29.78196514 3.40000000
 C	-7.11276168 27.46394829 3.40000000
 C	5.17964716 27.89320867 3.40000000
 C	-9.57131228 27.37809381 3.40000000
 C	7.63819776 27.97906315 3.40000000
 C	-12.07925890 28.71169020 3.40000000
 C	10.04718026 29.48436248 3.40000000
 C	-2.24528594 29.05510010 3.40000000
 C	0.21314994 29.14095058 3.40000000
 C	12.50567350 29.57021496 3.40000000
 C	14.96410937 29.65606543 3.40000000
 C	17.42265998 29.74191991 3.40000000
 C	19.88121058 29.82777439 3.40000000
 C	22.33958909 29.91362286 3.40000000
 C	24.79813970 29.99947734 3.40000000
 C	27.25663294 30.08532981 3.40000000
 C	29.71506881 30.17118028 3.40000000
 C	32.17361941 30.25703476 3.40000000
 C	34.63217002 30.34288924 3.40000000
 C	-4.70377918 28.96924763 3.40000000
 C	2.67170054 29.22680505 3.40000000
 C	37.09054853 30.42873771 3.40000000
 C	39.54909913 30.51459219 3.40000000
 C	42.00759237 30.60044467 3.40000000
 C	44.46602825 30.68629514 3.40000000
 C	46.92457885 30.77214962 3.40000000
 C	49.38312946 30.85800410 3.40000000
 C	51.84150797 30.94385257 3.40000000
 C	54.30005857 31.02970704 3.40000000
 C	56.75855181 31.11555952 3.40000000
 C	59.21698768 31.20140999 3.40000000
 C	-7.16232978 28.88339315 3.40000000
 C	5.13025115 29.31265953 3.40000000
 C	-9.62070829 28.79754468 3.40000000
 C	7.58862966 29.39850800 3.40000000
 C	-1.04081817 29.80759972 3.40000000
 C	11.25159067 30.23686010 3.40000000
 C	13.71014127 30.32271458 3.40000000
 C	16.16851978 30.40856305 3.40000000
 C	18.62707038 30.49441753 3.40000000
 C	21.08544889 30.58026600 3.40000000
 C	-3.49936877 29.72174525 3.40000000
 C	1.41756034 29.89344819 3.40000000
 C	23.54399950 30.66612047 3.40000000
 C	26.00255010 30.75197495 3.40000000
 C	28.46110071 30.83782943 3.40000000
 C	30.91947922 30.92367790 3.40000000
 C	33.37802982 31.00953238 3.40000000
 C	35.83640833 31.09538085 3.40000000
 C	38.29495893 31.18123533 3.40000000
 C	40.75350954 31.26708981 3.40000000
 C	43.21206014 31.35294429 3.40000000
 C	45.67043865 31.43879276 3.40000000
 C	48.12898926 31.52464724 3.40000000
 C	-5.95791938 29.63589077 3.40000000
 C	3.87611095 29.97930267 3.40000000
 C	50.58736777 31.61049570 3.40000000
 C	53.04591837 31.69635018 3.40000000
 C	55.50446898 31.78220466 3.40000000
 C	57.96301958 31.86805914 3.40000000
 C	60.42139809 31.95390761 3.40000000
 C	6.33448946 30.06515114 3.40000000
 C	-8.41646998 29.55003629 3.40000000
 C	-10.87484849 29.46418782 3.40000000
 C	8.79304006 30.15100562 3.40000000
 C	-1.09044364 31.22704258 3.40000000
 C	11.20202256 31.65630496 3.40000000
 C	13.66051580 31.74215743 3.40000000
 C	16.11895167 31.82800790 3.40000000
 C	18.57750228 31.91386238 3.40000000
 C	21.03605288 31.99971686 3.40000000
 C	-3.54893688 31.14119010 3.40000000
 C	1.36799224 31.31289305 3.40000000
 C	23.49443139 32.08556533 3.40000000
 C	25.95298200 32.17141981 3.40000000
 C	28.41147524 32.25727229 3.40000000
 C	30.86991111 32.34312276 3.40000000
 C	33.32846171 32.42897724 3.40000000
 C	35.78701232 32.51483172 3.40000000
 C	38.24539083 32.60068018 3.40000000
 C	40.70394143 32.68653466 3.40000000
 C	43.16243467 32.77238714 3.40000000
 C	45.62087055 32.85823761 3.40000000
 C	48.07942115 32.94409209 3.40000000
 C	-6.00748748 31.05533562 3.40000000
 C	3.82654284 31.39874753 3.40000000
 C	50.53797176 33.02994657 3.40000000
 C	52.99635026 33.11579504 3.40000000
 C	55.45490087 33.20164952 3.40000000
 C	57.91339411 33.28750199 3.40000000
 C	60.37182998 33.37335247 3.40000000
 C	-8.46586599 30.96948715 3.40000000
 C	6.28509345 31.48460201 3.40000000
 C	-10.92441660 30.88363267 3.40000000
 C	8.74347195 31.57045048 3.40000000
 C	9.94796320 32.32310015 3.40000000
 C	-2.34444563 31.89383977 3.40000000
 C	0.11410498 31.97969425 3.40000000
 C	12.40651381 32.40895463 3.40000000
 C	14.86506441 32.49480911 3.40000000
 C	17.32344292 32.58065758 3.40000000
 C	19.78199353 32.66651205 3.40000000
 C	22.24037204 32.75236052 3.40000000
 C	24.69892264 32.83821500 3.40000000
 C	27.15747324 32.92406948 3.40000000
 C	29.61602385 33.00992396 3.40000000
 C	32.07440236 33.09577243 3.40000000
 C	34.53295296 33.18162691 3.40000000
 C	-4.80299623 31.80798529 3.40000000
 C	2.57248348 32.06554272 3.40000000
 C	36.99133147 33.26747538 3.40000000
 C	39.44988208 33.35332986 3.40000000
 C	41.90843268 33.43918434 3.40000000
 C	44.36698329 33.52503881 3.40000000
 C	46.82536180 33.61088728 3.40000000
 C	49.28391240 33.69674176 3.40000000
 C	51.74229091 33.78259023 3.40000000
 C	54.20084151 33.86844471 3.40000000
 C	56.65939212 33.95429919 3.40000000
 C	59.11794272 34.04015367 3.40000000
 C	-7.26154684 31.72213082 3.40000000
 C	5.03103409 32.15139720 3.40000000
 C	61.57632123 34.12600214 3.40000000
 C	-9.71992535 31.63628235 3.40000000
 C	7.48941260 32.23724567 3.40000000
 C	9.89839510 33.74254499 3.40000000
 C	-2.39401374 33.31328462 3.40000000
 C	0.06447950 33.39913709 3.40000000
 C	12.35694570 33.82839947 3.40000000
 C	14.81543894 33.91425195 3.40000000
 C	17.27387482 34.00010242 3.40000000
 C	19.73242542 34.08595690 3.40000000
 C	22.19097602 34.17181138 3.40000000
 C	24.64935453 34.25765985 3.40000000
 C	27.10790514 34.34351433 3.40000000
 C	29.56639838 34.42936680 3.40000000
 C	32.02483425 34.51521728 3.40000000
 C	34.48338486 34.60107175 3.40000000
 C	-4.85256434 33.22743014 3.40000000
 C	2.52291538 33.48498757 3.40000000
 C	36.94193546 34.68692623 3.40000000
 C	39.40031397 34.77277470 3.40000000
 C	41.85886458 34.85862918 3.40000000
 C	44.31735781 34.94448166 3.40000000
 C	46.77579369 35.03033213 3.40000000
 C	49.23434429 35.11618661 3.40000000
 C	51.69289490 35.20204109 3.40000000
 C	54.15127341 35.28788956 3.40000000
 C	56.60982401 35.37374404 3.40000000
 C	59.06831725 35.45959651 3.40000000
 C	-7.31094285 33.14158167 3.40000000
 C	4.98146598 33.57084205 3.40000000
 C	61.52675313 35.54544698 3.40000000
 C	-9.76949345 33.05572719 3.40000000
 C	7.44001659 33.65669652 3.40000000
 C	-1.18952249 34.06593429 3.40000000
 C	11.10288635 34.49519467 3.40000000
 C	13.56143695 34.58104914 3.40000000
 C	16.01998755 34.66690362 3.40000000
 C	18.47836606 34.75275209 3.40000000
 C	20.93691667 34.83860657 3.40000000
 C	-3.64807309 33.98007981 3.40000000
 C	23.39529518 34.92445504 3.40000000
 C	1.26902812 34.15178877 3.40000000
 C	25.85384578 35.01030952 3.40000000
 C	28.31239639 35.09616400 3.40000000
 C	30.77094699 35.18201848 3.40000000
 C	33.22932550 35.26786695 3.40000000
 C	35.68787611 35.35372143 3.40000000
 C	38.14625461 35.43956990 3.40000000
 C	40.60480522 35.52542437 3.40000000
 C	43.06335582 35.61127885 3.40000000
 C	45.52190643 35.69713333 3.40000000
 C	47.98028494 35.78298180 3.40000000
 C	-6.10662370 33.89422533 3.40000000
 C	3.72740663 34.23763724 3.40000000
 C	50.43883554 35.86883628 3.40000000
 C	52.89721405 35.95468475 3.40000000
 C	55.35576466 36.04053923 3.40000000
 C	57.81431526 36.12639371 3.40000000
 C	60.27286587 36.21224819 3.40000000
 C	62.73124437 36.29809666 3.40000000
 C	-8.56500220 33.80837686 3.40000000
 C	6.18595723 34.32349172 3.40000000
 C	8.64433574 34.40934019 3.40000000
 C	-1.23911754 35.48532846 3.40000000
 C	11.05329129 35.91458884 3.40000000
 C	13.51184190 36.00044332 3.40000000
 C	15.97033514 36.08629579 3.40000000
 C	18.42877101 36.17214627 3.40000000
 C	20.88732161 36.25800075 3.40000000
 C	-3.69766815 35.39947399 3.40000000
 C	23.34587222 36.34385523 3.40000000
 C	1.21937570 35.57118094 3.40000000
 C	25.80425073 36.42970369 3.40000000
 C	28.26280133 36.51555817 3.40000000
 C	30.72129457 36.60141065 3.40000000
 C	33.17973045 36.68726112 3.40000000
 C	35.63828105 36.77311560 3.40000000
 C	38.09683166 36.85897008 3.40000000
 C	40.55521017 36.94481855 3.40000000
 C	43.01376077 37.03067303 3.40000000
 C	45.47225401 37.11652550 3.40000000
 C	-6.15604665 35.31362552 3.40000000
 C	47.93068988 37.20237598 3.40000000
 C	3.67781157 35.65703141 3.40000000
 C	50.38924049 37.28823045 3.40000000
 C	52.84779109 37.37408493 3.40000000
 C	55.30616960 37.45993340 3.40000000
 C	57.76472021 37.54578788 3.40000000
 C	60.22321345 37.63164036 3.40000000
 C	62.68164932 37.71749083 3.40000000
 C	-8.61459726 35.22777104 3.40000000
 C	6.13636218 35.74288589 3.40000000
 C	8.59491278 35.82874037 3.40000000
 C	9.79925888 36.58143470 3.40000000
 C	-2.49314995 36.15217433 3.40000000
 C	-0.03459934 36.23802881 3.40000000
 C	12.25780949 36.66728918 3.40000000
 C	14.71636009 36.75314366 3.40000000
 C	17.17491070 36.83899814 3.40000000
 C	19.63328921 36.92484661 3.40000000
 C	22.09183981 37.01070109 3.40000000
 C	24.55021832 37.09654956 3.40000000
 C	27.00876893 37.18240404 3.40000000
 C	29.46731953 37.26825852 3.40000000
 C	31.92587013 37.35411300 3.40000000
 C	34.38424864 37.43996147 3.40000000
 C	-4.95170055 36.06631985 3.40000000
 C	2.42395126 36.32388329 3.40000000
 C	36.84279925 37.52581594 3.40000000
 C	39.30117776 37.61166441 3.40000000
 C	41.75972836 37.69751889 3.40000000
 C	44.21827897 37.78337337 3.40000000
 C	46.67682957 37.86922785 3.40000000
 C	49.13520808 37.95507632 3.40000000
 C	51.59375868 38.04093080 3.40000000
 C	54.05213719 38.12677927 3.40000000
 C	56.51068780 38.21263375 3.40000000
 C	58.96923840 38.29848823 3.40000000
 C	-7.41007906 35.98047138 3.40000000
 C	4.88232977 36.40973176 3.40000000
 C	61.42778901 38.38434270 3.40000000
 C	63.88616752 38.47019117 3.40000000
 C	7.34088037 36.49558624 3.40000000
 C	9.74978203 38.00073353 3.40000000
 C	-2.54279890 37.57146714 3.40000000
 C	-0.08424829 37.65732162 3.40000000
 C	12.20816054 38.08658200 3.40000000
 C	14.66671114 38.17243647 3.40000000
 C	17.12520438 38.25828895 3.40000000
 C	19.58364026 38.34413942 3.40000000
 C	22.04219086 38.42999390 3.40000000
 C	24.50074147 38.51584838 3.40000000
 C	26.95911998 38.60169685 3.40000000
 C	29.41767058 38.68755133 3.40000000
 C	31.87616382 38.77340380 3.40000000
 C	34.33459969 38.85925428 3.40000000
 C	-5.00117741 37.48561867 3.40000000
 C	2.37424495 37.74317410 3.40000000
 C	36.79315030 38.94510876 3.40000000
 C	39.25170090 39.03096323 3.40000000
 C	41.71007941 39.11681170 3.40000000
 C	44.16863002 39.20266618 3.40000000
 C	46.62712326 39.28851866 3.40000000
 C	49.08555913 39.37436913 3.40000000
 C	51.54410974 39.46022361 3.40000000
 C	54.00266034 39.54607809 3.40000000
 C	56.46103885 39.63192656 3.40000000
 C	58.91958945 39.71778104 3.40000000
 C	-7.45972801 37.39976419 3.40000000
 C	4.83268082 37.82902457 3.40000000
 C	61.37808269 39.80363351 3.40000000
 C	63.83651857 39.88948399 3.40000000
 C	7.29123142 37.91487905 3.40000000
 C	-1.33830765 38.32411680 3.40000000
 C	10.95410118 38.75337718 3.40000000
 C	13.41265179 38.83923166 3.40000000
 C	15.87120239 38.92508614 3.40000000
 C	18.32975300 39.01094062 3.40000000
 C	20.78813151 39.09678908 3.40000000
 C	23.24668211 39.18264356 3.40000000
 C	-3.79685825 38.23826232 3.40000000
 C	1.12024296 38.40997128 3.40000000
 C	25.70506062 39.26849203 3.40000000
 C	28.16361122 39.35434651 3.40000000
 C	30.62216183 39.44020099 3.40000000
 C	33.08071243 39.52605547 3.40000000
 C	35.53909094 39.61190394 3.40000000
 C	37.99764155 39.69775842 3.40000000
 C	40.45602006 39.78360689 3.40000000
 C	42.91457066 39.86946137 3.40000000
 C	45.37312127 39.95531584 3.40000000
 C	-6.25523676 38.15241385 3.40000000
 C	47.83167187 40.04117032 3.40000000
 C	3.57879356 38.49582576 3.40000000
 C	50.29005038 40.12701879 3.40000000
 C	52.74860098 40.21287327 3.40000000
 C	55.20697949 40.29872174 3.40000000
 C	57.66553010 40.38457622 3.40000000
 C	60.12408070 40.47043070 3.40000000
 C	62.58263131 40.55628518 3.40000000
 C	6.03717207 38.58167423 3.40000000
 C	8.49572267 38.66752871 3.40000000
 H	-38.45927645 -26.47671291 3.40000000
 H	-36.00077996 -26.39086033 3.40000000
 H	-33.54222935 -26.30500585 3.40000000
 H	-31.08369679 -26.21915200 3.40000000
 H	-28.62530024 -26.13330290 3.40000000
 H	-26.16674964 -26.04744842 3.40000000
 H	-23.70831701 -25.96159806 3.40000000
 H	-21.24982052 -25.87574548 3.40000000
 H	-18.79126992 -25.78989100 3.40000000
 H	-16.33273735 -25.70403715 3.40000000
 H	-13.87434080 -25.61818805 3.40000000
 H	-11.41579020 -25.53233357 3.40000000
 H	-8.95735757 -25.44648320 3.40000000
 H	-6.49886109 -25.36063062 3.40000000
 H	-4.04031048 -25.27477614 3.40000000
 H	-1.58177792 -25.18892229 3.40000000
 H	0.87661863 -25.10307319 3.40000000
 H	3.33516924 -25.01721872 3.40000000
 H	5.79360186 -24.93136835 3.40000000
 H	8.25209835 -24.84551577 3.40000000
 H	10.71064896 -24.75966129 3.40000000
 H	13.16918152 -24.67380744 3.40000000
 H	15.62757807 -24.58795834 3.40000000
 H	18.08612867 -24.50210386 3.40000000
 H	20.54456130 -24.41625349 3.40000000
 H	23.00305779 -24.33040091 3.40000000
 H	25.46160839 -24.24454643 3.40000000
 H	27.92014096 -24.15869259 3.40000000
 H	30.37853751 -24.07284349 3.40000000
 H	32.40877319 -22.80421144 3.40000000
 H	33.56367091 -20.63216473 3.40000000
 H	34.71853862 -18.46017444 3.40000000
 H	35.87346177 -16.28807992 3.40000000
 H	37.02836644 -14.11602015 3.40000000
 H	38.18322722 -11.94404293 3.40000000
 H	39.33815036 -9.77194841 3.40000000
 H	40.49304808 -7.59990170 3.40000000
 H	41.64791579 -5.42791141 3.40000000
 H	42.80283893 -3.25581689 3.40000000
 H	43.95774361 -1.08375712 3.40000000
 H	45.11260439 1.08822010 3.40000000
 H	46.26752753 3.26031462 3.40000000
 H	47.42242524 5.43236133 3.40000000
 H	48.57729296 7.60435162 3.40000000
 H	49.73221610 9.77644614 3.40000000
 H	50.88712078 11.94850591 3.40000000
 H	52.04198155 14.12048313 3.40000000
 H	53.19690470 16.29257765 3.40000000
 H	54.35180241 18.46462436 3.40000000
 H	55.50667013 20.63661465 3.40000000
 H	56.66159327 22.80870917 3.40000000
 H	57.81649795 24.98076894 3.40000000
 H	58.97135872 27.15274616 3.40000000
 H	60.12628187 29.32484068 3.40000000
 H	61.28117958 31.49688739 3.40000000
 H	62.43604730 33.66887768 3.40000000
 H	63.59097044 35.84097220 3.40000000
 H	64.74587511 38.01303197 3.40000000
 H	64.66226300 40.40546637 3.40000000
 H	62.54861034 41.52939065 3.40000000
 H	60.09009906 41.44353755 3.40000000
 H	57.63154846 41.35768307 3.40000000
 H	55.17311583 41.27183270 3.40000000
 H	52.71461934 41.18598012 3.40000000
 H	50.25606874 41.10012564 3.40000000
 H	47.79765090 41.01427580 3.40000000
 H	45.33913963 40.92842269 3.40000000
 H	42.88058902 40.84256821 3.40000000
 H	40.42215640 40.75671785 3.40000000
 H	37.96365991 40.67086527 3.40000000
 H	35.50510930 40.58501079 3.40000000
 H	33.04669147 40.49916094 3.40000000
 H	30.58818019 40.41330784 3.40000000
 H	28.12962958 40.32745336 3.40000000
 H	25.67119696 40.24160299 3.40000000
 H	23.21270047 40.15575041 3.40000000
 H	20.75414987 40.06989593 3.40000000
 H	18.29573203 39.98404609 3.40000000
 H	15.83722075 39.89819298 3.40000000
 H	13.37867015 39.81233851 3.40000000
 H	10.92023752 39.72648814 3.40000000
 H	8.46174103 39.64063556 3.40000000
 H	6.00319043 39.55478108 3.40000000
 H	3.54477259 39.46893124 3.40000000
 H	1.08626132 39.38307813 3.40000000
 H	-1.37228929 39.29722365 3.40000000
 H	-3.83072191 39.21137328 3.40000000
 H	-6.28921840 39.12552070 3.40000000
 H	-8.31945409 37.85688865 3.40000000
 H	-9.47430486 35.68493024 3.40000000
 H	-10.62921952 33.51285165 3.40000000
 H	-11.78414266 31.34075713 3.40000000
 H	-12.93904039 29.16871042 3.40000000
 H	-14.09390811 26.99672014 3.40000000
 H	-15.24883126 24.82462563 3.40000000
 H	-16.40368202 22.65266722 3.40000000
 H	-17.55859669 20.48058862 3.40000000
 H	-18.71351983 18.30849411 3.40000000
 H	-19.86841756 16.13644739 3.40000000
 H	-21.02328528 13.96445711 3.40000000
 H	-22.17820842 11.79236260 3.40000000
 H	-23.33305919 9.62040419 3.40000000
 H	-24.48797386 7.44832560 3.40000000
 H	-25.64289700 5.27623108 3.40000000
 H	-26.79779472 3.10418437 3.40000000
 H	-27.95266245 0.93219409 3.40000000
 H	-29.10758559 -1.23990043 3.40000000
 H	-30.26243636 -3.41185884 3.40000000
 H	-31.41735103 -5.58393743 3.40000000
 H	-32.57227417 -7.75603195 3.40000000
 H	-33.72717189 -9.92807866 3.40000000
 H	-34.88203962 -12.10006894 3.40000000
 H	-36.03696276 -14.27216346 3.40000000
 H	-37.19181353 -16.44412187 3.40000000
 H	-38.34672819 -18.61620046 3.40000000
 H	-39.50165134 -20.78829498 3.40000000
 H	-40.65654906 -22.96034169 3.40000000
 H	-40.57294390 -25.35278916 3.40000000
