 C	7.86073716 -22.82923836 3.40000000
 C	-3.76904828 -26.83369463 3.40000000
 C	19.49063115 -18.82474473 3.40000000
 C	-6.09507050 -27.63460831 3.40000000
 C	21.81654482 -18.02386842 3.40000000
 C	-8.42098417 -28.43548461 3.40000000
 C	24.14256703 -17.22295474 3.40000000
 C	-10.74695211 -29.23637960 3.40000000
 C	26.46858925 -16.42204107 3.40000000
 C	-13.07297433 -30.03729328 3.40000000
 C	28.79444864 -15.62118345 3.40000000
 C	5.53482349 -23.63011467 3.40000000
 C	-15.39883372 -30.83815089 3.40000000
 C	31.12047086 -14.82026977 3.40000000
 C	10.18675937 -22.02832469 3.40000000
 C	-17.72485594 -31.63906457 3.40000000
 C	33.44643880 -14.01937478 3.40000000
 C	-20.05087815 -32.43997825 3.40000000
 C	35.77235247 -13.21849848 3.40000000
 C	-22.37679182 -33.24085455 3.40000000
 C	-24.70275977 -34.04174954 3.40000000
 C	-27.02878198 -34.84266322 3.40000000
 C	-29.35464138 -35.64352083 3.40000000
 C	3.20885555 -24.43100966 3.40000000
 C	12.51278159 -21.22741101 3.40000000
 C	0.88283333 -25.23192334 3.40000000
 C	14.83864099 -20.42655339 3.40000000
 C	-1.44302607 -26.03278095 3.40000000
 C	17.16466320 -19.62563972 3.40000000
 C	-2.83724104 -25.76177302 3.40000000
 C	18.09647045 -18.55371810 3.40000000
 C	6.46668501 -22.55817437 3.40000000
 C	8.79254440 -21.75731675 3.40000000
 C	-5.16326325 -26.56268669 3.40000000
 C	20.42249266 -17.75280443 3.40000000
 C	-7.48912265 -27.36354431 3.40000000
 C	22.74835206 -16.95194681 3.40000000
 C	-9.81514486 -28.16445799 3.40000000
 C	25.07437428 -16.15103313 3.40000000
 C	-12.14116708 -28.96537167 3.40000000
 C	27.40023367 -15.35017552 3.40000000
 C	-14.46718930 -29.76628534 3.40000000
 C	29.72625589 -14.54926184 3.40000000
 C	-16.79304869 -30.56714296 3.40000000
 C	32.05227810 -13.74834816 3.40000000
 C	-19.11907091 -31.36805664 3.40000000
 C	34.37830032 -12.94743448 3.40000000
 C	-21.44493031 -32.16891425 3.40000000
 C	36.70415972 -12.14657687 3.40000000
 C	-23.77095252 -32.96982793 3.40000000
 C	-26.09697474 -33.77074161 3.40000000
 C	4.14066279 -23.35908805 3.40000000
 C	11.11856662 -20.95640308 3.40000000
 C	-28.42299695 -34.57165529 3.40000000
 C	-30.74885635 -35.37251290 3.40000000
 C	1.81464058 -24.16000172 3.40000000
 C	13.44442602 -20.15554546 3.40000000
 C	-0.51138164 -24.96091540 3.40000000
 C	15.77044823 -19.35463178 3.40000000
 C	-3.29964876 -24.41884346 3.40000000
 C	17.63406272 -17.21078855 3.40000000
 C	6.00422301 -21.21526350 3.40000000
 C	8.33013668 -20.41438720 3.40000000
 C	-5.62567098 -25.21975714 3.40000000
 C	19.96003066 -16.40989356 3.40000000
 C	-7.95158465 -26.02063344 3.40000000
 C	22.28594433 -15.60901726 3.40000000
 C	-10.27755259 -26.82152843 3.40000000
 C	24.61196655 -14.80810358 3.40000000
 C	-12.60357481 -27.62244211 3.40000000
 C	26.93798876 -14.00718990 3.40000000
 C	-14.92943421 -28.42329973 3.40000000
 C	29.26384816 -13.20633229 3.40000000
 C	-17.25545642 -29.22421340 3.40000000
 C	31.58987038 -12.40541861 3.40000000
 C	-19.58147864 -30.02512708 3.40000000
 C	33.91583832 -11.60452362 3.40000000
 C	-21.90739231 -30.82600339 3.40000000
 C	36.24175199 -10.80364732 3.40000000
 C	-24.23336025 -31.62689838 3.40000000
 C	-26.55938246 -32.42781205 3.40000000
 C	3.67825506 -22.01615849 3.40000000
 C	10.65615889 -19.61347352 3.40000000
 C	-28.88524186 -33.22866967 3.40000000
 C	-31.21126408 -34.02958335 3.40000000
 C	1.35223285 -22.81707217 3.40000000
 C	12.98218111 -18.81255984 3.40000000
 C	-0.97362655 -23.61792978 3.40000000
 C	15.30804050 -18.01170223 3.40000000
 C	6.93605167 -20.14349224 3.40000000
 C	-4.69389659 -24.14800457 3.40000000
 C	18.56583711 -16.13903598 3.40000000
 C	-7.01975599 -24.94886218 3.40000000
 C	20.89185932 -15.33812230 3.40000000
 C	-9.34577820 -25.74977586 3.40000000
 C	23.21771872 -14.53726468 3.40000000
 C	-11.67180042 -26.55068954 3.40000000
 C	25.54374094 -13.73635100 3.40000000
 C	27.86960033 -12.93549339 3.40000000
 C	-13.99782264 -27.35160321 3.40000000
 C	4.61002945 -20.94440592 3.40000000
 C	9.26191106 -19.34263462 3.40000000
 C	-16.32368203 -28.15246083 3.40000000
 C	30.19562255 -12.13457971 3.40000000
 C	-18.64970425 -28.95337451 3.40000000
 C	32.52164476 -11.33366603 3.40000000
 C	-20.97556365 -29.75423212 3.40000000
 C	34.84766698 -10.53275236 3.40000000
 C	-23.30158586 -30.55514580 3.40000000
 C	37.17352638 -9.73189474 3.40000000
 C	-25.62760808 -31.35605948 3.40000000
 C	-27.95363029 -32.15697316 3.40000000
 C	-30.27948969 -32.95783077 3.40000000
 C	2.28400724 -21.74531959 3.40000000
 C	11.58793328 -18.54172095 3.40000000
 C	13.91379268 -17.74086333 3.40000000
 C	-0.04201498 -22.54623327 3.40000000
 C	-2.36787438 -23.34709089 3.40000000
 C	16.23981489 -16.93994965 3.40000000
 C	6.47358967 -18.80058137 3.40000000
 C	-5.15630432 -22.80507501 3.40000000
 C	18.10342938 -14.79610642 3.40000000
 C	-7.48221799 -23.60595131 3.40000000
 C	20.42939732 -13.99521143 3.40000000
 C	-9.80818593 -24.40684630 3.40000000
 C	22.75531099 -13.19433513 3.40000000
 C	-12.13420815 -25.20775998 3.40000000
 C	25.08133321 -12.39342145 3.40000000
 C	-14.46006755 -26.00861760 3.40000000
 C	27.40735542 -11.59250777 3.40000000
 C	4.14762172 -19.60147636 3.40000000
 C	8.79950334 -17.99970507 3.40000000
 C	-16.78608976 -26.80953128 3.40000000
 C	29.73321482 -10.79165016 3.40000000
 C	-19.11211198 -27.61044495 3.40000000
 C	32.05923704 -9.99073648 3.40000000
 C	-21.43802565 -28.41132126 3.40000000
 C	34.38520498 -9.18984149 3.40000000
 C	-23.76399359 -29.21221625 3.40000000
 C	36.71111865 -8.38896519 3.40000000
 C	-26.09001580 -30.01312992 3.40000000
 C	-28.41587520 -30.81398754 3.40000000
 C	-30.74189742 -31.61490122 3.40000000
 C	1.82159951 -20.40239004 3.40000000
 C	11.12552555 -17.19879139 3.40000000
 C	-0.50425989 -21.20324766 3.40000000
 C	13.45154777 -16.39787771 3.40000000
 C	-2.83028210 -22.00416133 3.40000000
 C	15.77740716 -15.59702010 3.40000000
 C	-4.22449708 -21.73315339 3.40000000
 C	16.70921441 -14.52509848 3.40000000
 C	5.07942897 -18.52955474 3.40000000
 C	7.40545118 -17.72864106 3.40000000
 C	-6.55035648 -22.53401101 3.40000000
 C	19.03523662 -13.72418480 3.40000000
 C	-8.87637869 -23.33492468 3.40000000
 C	21.36125884 -12.92327112 3.40000000
 C	-11.20240091 -24.13583836 3.40000000
 C	23.68711823 -12.12241351 3.40000000
 C	-13.52842312 -24.93675204 3.40000000
 C	26.01314045 -11.32149983 3.40000000
 C	-15.85428252 -25.73760965 3.40000000
 C	28.33899985 -10.52064221 3.40000000
 C	-18.18030473 -26.53852333 3.40000000
 C	30.66502206 -9.71972854 3.40000000
 C	-20.50616413 -27.33938095 3.40000000
 C	32.99104428 -8.91881486 3.40000000
 C	-22.83218635 -28.14029463 3.40000000
 C	35.31706649 -8.11790118 3.40000000
 C	-25.15820856 -28.94120830 3.40000000
 C	37.64292589 -7.31704357 3.40000000
 C	-27.48423078 -29.74212198 3.40000000
 C	2.75340675 -19.33046842 3.40000000
 C	9.73131058 -16.92778345 3.40000000
 C	-29.81009018 -30.54297960 3.40000000
 C	0.42738453 -20.13138210 3.40000000
 C	12.05733279 -16.12686977 3.40000000
 C	-1.89847486 -20.93223971 3.40000000
 C	14.38319219 -15.32601216 3.40000000
 C	-4.68690480 -20.39022385 3.40000000
 C	16.24680668 -13.18216893 3.40000000
 C	4.61702124 -17.18662520 3.40000000
 C	6.94298918 -16.38573021 3.40000000
 C	-7.01281847 -21.19110015 3.40000000
 C	18.57282890 -12.38125526 3.40000000
 C	-9.33878642 -21.99199514 3.40000000
 C	20.89879684 -11.58036026 3.40000000
 C	-11.66480863 -22.79290882 3.40000000
 C	23.22471051 -10.77948396 3.40000000
 C	-13.99066803 -23.59376643 3.40000000
 C	25.55073272 -9.97857028 3.40000000
 C	-16.31669024 -24.39468011 3.40000000
 C	27.87675494 -9.17765661 3.40000000
 C	-18.64271246 -25.19559379 3.40000000
 C	30.20261434 -8.37679899 3.40000000
 C	-20.96862613 -25.99647009 3.40000000
 C	32.52863655 -7.57588531 3.40000000
 C	-23.29459407 -26.79736508 3.40000000
 C	34.85460450 -6.77499032 3.40000000
 C	-25.62061629 -27.59827876 3.40000000
 C	37.18051817 -5.97411402 3.40000000
 C	-27.94647568 -28.39913637 3.40000000
 C	2.29099902 -17.98753887 3.40000000
 C	9.26890285 -15.58485390 3.40000000
 C	-30.27249790 -29.20005005 3.40000000
 C	-0.03486037 -18.78839649 3.40000000
 C	11.59492507 -14.78394023 3.40000000
 C	-2.36088259 -19.58931017 3.40000000
 C	13.92094728 -13.98302655 3.40000000
 C	5.54882848 -16.11470358 3.40000000
 C	-6.08095696 -20.11915984 3.40000000
 C	17.17861392 -12.11024731 3.40000000
 C	-8.40697917 -20.92007352 3.40000000
 C	19.50463614 -11.30933363 3.40000000
 C	-10.73300139 -21.72098720 3.40000000
 C	21.83065835 -10.50841996 3.40000000
 C	-13.05902360 -22.52190087 3.40000000
 C	24.15651775 -9.70756234 3.40000000
 C	-15.38488300 -23.32275849 3.40000000
 C	26.48253997 -8.90664866 3.40000000
 C	3.22280627 -16.91561725 3.40000000
 C	-17.71090522 -24.12367217 3.40000000
 C	28.80839936 -8.10579105 3.40000000
 C	7.87485070 -15.31378990 3.40000000
 C	-20.03676461 -24.92452978 3.40000000
 C	31.13442158 -7.30487737 3.40000000
 C	-22.36278683 -25.72544346 3.40000000
 C	33.46044380 -6.50396369 3.40000000
 C	-24.68880905 -26.52635714 3.40000000
 C	35.78646601 -5.70305001 3.40000000
 C	-27.01483126 -27.32727082 3.40000000
 C	38.11232541 -4.90219240 3.40000000
 C	-29.34069066 -28.12812843 3.40000000
 C	0.89678405 -17.71653093 3.40000000
 C	10.20071010 -14.51293228 3.40000000
 C	-1.42907535 -18.51738855 3.40000000
 C	12.52673231 -13.71201861 3.40000000
 C	-3.75509756 -19.31830223 3.40000000
 C	14.85259171 -12.91116099 3.40000000
 C	5.08640980 -14.77183037 3.40000000
 C	-6.54342991 -18.77630532 3.40000000
 C	16.71619524 -10.76737410 3.40000000
 C	-8.86939785 -19.57720031 3.40000000
 C	19.04221746 -9.96646043 3.40000000
 C	-11.19542007 -20.37811399 3.40000000
 C	21.36818540 -9.16556544 3.40000000
 C	-13.52127947 -21.17897160 3.40000000
 C	23.69409907 -8.36468913 3.40000000
 C	-15.84730168 -21.97988528 3.40000000
 C	26.02012129 -7.56377545 3.40000000
 C	-18.17332390 -22.78079896 3.40000000
 C	2.76038759 -15.57274405 3.40000000
 C	28.34614350 -6.76286178 3.40000000
 C	7.41237774 -13.97093538 3.40000000
 C	-20.49923757 -23.58167526 3.40000000
 C	30.67200290 -5.96200416 3.40000000
 C	-22.82520551 -24.38257025 3.40000000
 C	32.99802511 -5.16109048 3.40000000
 C	-25.15122773 -25.18348393 3.40000000
 C	35.32399306 -4.36019549 3.40000000
 C	-27.47708712 -25.98434154 3.40000000
 C	37.64990673 -3.55931919 3.40000000
 C	-29.80310934 -26.78525522 3.40000000
 C	0.43452819 -16.37360166 3.40000000
 C	9.73829141 -13.17005907 3.40000000
 C	-1.89149403 -17.17451534 3.40000000
 C	12.06431363 -12.36914540 3.40000000
 C	-4.21751624 -17.97542902 3.40000000
 C	14.39033585 -11.56823172 3.40000000
 C	-5.61155744 -17.70430867 3.40000000
 C	15.32199122 -10.49630982 3.40000000
 C	3.69220578 -14.50076609 3.40000000
 C	6.01822800 -13.69985241 3.40000000
 C	-7.93757966 -18.50522235 3.40000000
 C	17.64801344 -9.69539615 3.40000000
 C	-10.26360187 -19.30613603 3.40000000
 C	19.97403566 -8.89448247 3.40000000
 C	-12.58962409 -20.10704971 3.40000000
 C	22.30005787 -8.09356879 3.40000000
 C	-14.91548349 -20.90790732 3.40000000
 C	24.62591727 -7.29271118 3.40000000
 C	-17.24150570 -21.70882100 3.40000000
 C	26.95193948 -6.49179750 3.40000000
 C	-19.56736510 -22.50967862 3.40000000
 C	29.27779888 -5.69093988 3.40000000
 C	-21.89338731 -23.31059229 3.40000000
 C	31.60382110 -4.89002620 3.40000000
 C	-24.21940953 -24.11150597 3.40000000
 C	33.92984331 -4.08911253 3.40000000
 C	-26.54543174 -24.91241965 3.40000000
 C	36.25586553 -3.28819885 3.40000000
 C	-28.87129114 -25.71327727 3.40000000
 C	38.58172492 -2.48734123 3.40000000
 C	1.36618357 -15.30167977 3.40000000
 C	8.34425021 -12.89893873 3.40000000
 C	-0.95967583 -16.10253738 3.40000000
 C	10.67010961 -12.09808112 3.40000000
 C	-3.28569804 -16.90345106 3.40000000
 C	12.99613183 -11.29716744 3.40000000
 C	-6.07405230 -16.36156684 3.40000000
 C	14.85971346 -9.15349324 3.40000000
 C	3.22976520 -13.15800557 3.40000000
 C	5.55578741 -12.35709189 3.40000000
 C	-8.40002024 -17.16246183 3.40000000
 C	17.18557285 -8.35263563 3.40000000
 C	-10.72604246 -17.96337551 3.40000000
 C	19.51159507 -7.55172195 3.40000000
 C	-13.05190186 -18.76423313 3.40000000
 C	21.83756301 -6.75082696 3.40000000
 C	-15.37792407 -19.56514681 3.40000000
 C	24.16347668 -5.94995066 3.40000000
 C	-17.70394629 -20.36606048 3.40000000
 C	26.48949890 -5.14903698 3.40000000
 C	-20.02985996 -21.16693679 3.40000000
 C	28.81552111 -4.34812330 3.40000000
 C	-22.35582790 -21.96783178 3.40000000
 C	31.14138051 -3.54726569 3.40000000
 C	-24.68185011 -22.76874545 3.40000000
 C	33.46740273 -2.74635201 3.40000000
 C	-27.00770951 -23.56960307 3.40000000
 C	35.79337067 -1.94545702 3.40000000
 C	-29.33373173 -24.37051675 3.40000000
 C	38.11928434 -1.14458072 3.40000000
 C	0.90390580 -13.95886319 3.40000000
 C	7.88175536 -11.55619690 3.40000000
 C	-1.42211641 -14.75977686 3.40000000
 C	10.20766903 -10.75532060 3.40000000
 C	-3.74813863 -15.56069054 3.40000000
 C	12.53369124 -9.95440692 3.40000000
 C	4.16157244 -12.08608396 3.40000000
 C	-7.46821300 -16.09054022 3.40000000
 C	15.79135788 -8.08162770 3.40000000
 C	-9.79423521 -16.89145390 3.40000000
 C	18.11738010 -7.28071402 3.40000000
 C	-12.12025743 -17.69236758 3.40000000
 C	20.44340232 -6.47980034 3.40000000
 C	-14.44611683 -18.49322519 3.40000000
 C	22.76942453 -5.67888666 3.40000000
 C	-16.77213904 -19.29413887 3.40000000
 C	25.09528393 -4.87802905 3.40000000
 C	-19.09799844 -20.09499649 3.40000000
 C	27.42130614 -4.07711537 3.40000000
 C	1.83555023 -12.88699764 3.40000000
 C	6.48759466 -11.28517028 3.40000000
 C	-21.42402065 -20.89591017 3.40000000
 C	29.74716554 -3.27625775 3.40000000
 C	-23.75004287 -21.69682384 3.40000000
 C	32.07318776 -2.47534408 3.40000000
 C	-26.07606508 -22.49773752 3.40000000
 C	34.39920997 -1.67443040 3.40000000
 C	-28.40192448 -23.29859514 3.40000000
 C	36.72523219 -0.87351672 3.40000000
 C	39.05109158 -0.07265910 3.40000000
 C	-0.49030917 -13.68785525 3.40000000
 C	8.81361687 -10.48425660 3.40000000
 C	-2.81633138 -14.48876893 3.40000000
 C	11.13947627 -9.68339899 3.40000000
 C	-5.14219078 -15.28962655 3.40000000
 C	13.46549849 -8.88248531 3.40000000
 C	3.69916472 -10.74315441 3.40000000
 C	-7.93062073 -14.74761067 3.40000000
 C	15.32911297 -6.73864208 3.40000000
 C	-10.25664294 -15.54852435 3.40000000
 C	17.65497237 -5.93778446 3.40000000
 C	-12.58250234 -16.34938196 3.40000000
 C	19.98099459 -5.13687079 3.40000000
 C	-14.90852455 -17.15029564 3.40000000
 C	22.30696253 -4.33597580 3.40000000
 C	-17.23454677 -17.95120932 3.40000000
 C	24.63287620 -3.53509949 3.40000000
 C	1.37330532 -11.54401202 3.40000000
 C	-19.56046044 -18.75208562 3.40000000
 C	26.95889842 -2.73418581 3.40000000
 C	6.02518693 -9.94224073 3.40000000
 C	-21.88642838 -19.55298061 3.40000000
 C	29.28492063 -1.93327214 3.40000000
 C	-24.21245060 -20.35389429 3.40000000
 C	31.61078003 -1.13241452 3.40000000
 C	-26.53830999 -21.15475190 3.40000000
 C	33.93680224 -0.33150084 3.40000000
 C	-28.86433221 -21.95566558 3.40000000
 C	36.26277019 0.46939415 3.40000000
 C	38.58868386 1.27027045 3.40000000
 C	-0.95271690 -12.34492570 3.40000000
 C	8.35115487 -9.14134574 3.40000000
 C	-3.27873911 -13.14583938 3.40000000
 C	10.67706854 -8.34046943 3.40000000
 C	-5.60465278 -13.94671568 3.40000000
 C	13.00309076 -7.53955576 3.40000000
 C	-6.99881348 -13.67568906 3.40000000
 C	13.93489800 -6.46763414 3.40000000
 C	2.30494975 -10.47214647 3.40000000
 C	4.63097196 -9.67123279 3.40000000
 C	-9.32483570 -14.47660274 3.40000000
 C	16.26075740 -5.66677653 3.40000000
 C	-11.65085791 -15.27751641 3.40000000
 C	18.58677962 -4.86586285 3.40000000
 C	-13.97671731 -16.07837403 3.40000000
 C	20.91280183 -4.06494917 3.40000000
 C	-16.30273952 -16.87928771 3.40000000
 C	23.23882405 -3.26403550 3.40000000
 C	-18.62859892 -17.68014532 3.40000000
 C	25.56468345 -2.46317788 3.40000000
 C	-20.95462114 -18.48105900 3.40000000
 C	27.89070566 -1.66226420 3.40000000
 C	-23.28064335 -19.28197268 3.40000000
 C	30.21656506 -0.86140659 3.40000000
 C	-25.60666557 -20.08288636 3.40000000
 C	32.54258727 -0.06049291 3.40000000
 C	-27.93252496 -20.88374397 3.40000000
 C	34.86860949 0.74042077 3.40000000
 C	37.19463170 1.54133445 3.40000000
 C	-0.02090965 -11.27300409 3.40000000
 C	6.95699418 -8.87031912 3.40000000
 C	39.52049110 2.34219206 3.40000000
 C	-2.34693187 -12.07391776 3.40000000
 C	9.28301639 -8.06940544 3.40000000
 C	-4.67279126 -12.87477538 3.40000000
 C	11.60887579 -7.26854782 3.40000000
 C	-7.46122121 -12.33275950 3.40000000
 C	13.47249028 -5.12470459 3.40000000
 C	1.84270484 -9.12916085 3.40000000
 C	4.16856423 -8.32830324 3.40000000
 C	-9.78724342 -13.13367318 3.40000000
 C	15.79851249 -4.32379091 3.40000000
 C	-12.11310282 -13.93453080 3.40000000
 C	18.12437189 -3.52293330 3.40000000
 C	-14.43912504 -14.73544447 3.40000000
 C	20.45039410 -2.72201962 3.40000000
 C	-16.76514725 -15.53635815 3.40000000
 C	22.77636205 -1.92112463 3.40000000
 C	-19.09106092 -16.33723445 3.40000000
 C	25.10227572 -1.12024833 3.40000000
 C	-21.41702886 -17.13812945 3.40000000
 C	27.42829793 -0.31933465 3.40000000
 C	-23.74305108 -17.93904312 3.40000000
 C	29.75432015 0.48157903 3.40000000
 C	-26.06891048 -18.73990074 3.40000000
 C	32.08017955 1.28243664 3.40000000
 C	-28.39493269 -19.54081442 3.40000000
 C	34.40620176 2.08335032 3.40000000
 C	36.73216970 2.88424531 3.40000000
 C	-0.48331738 -9.93007453 3.40000000
 C	6.49458645 -7.52738956 3.40000000
 C	39.05808337 3.68512162 3.40000000
 C	-2.80933960 -10.73098821 3.40000000
 C	8.82055439 -6.72649457 3.40000000
 C	-5.13525327 -11.53186451 3.40000000
 C	11.14646806 -5.92561827 3.40000000
 C	2.77431641 -8.05746434 3.40000000
 C	-8.85546904 -12.06192061 3.40000000
 C	14.40426466 -4.05295202 3.40000000
 C	16.73012406 -3.25209440 3.40000000
 C	-11.18149125 -12.86283428 3.40000000
 C	-13.50735065 -13.66369190 3.40000000
 C	19.05614628 -2.45118072 3.40000000
 C	-15.83337286 -14.46460558 3.40000000
 C	21.38216849 -1.65026704 3.40000000
 C	-18.15923226 -15.26546319 3.40000000
 C	23.70819071 -0.84935337 3.40000000
 C	0.44845701 -8.85832196 3.40000000
 C	5.10033862 -7.25655066 3.40000000
 C	-20.48525448 -16.06637687 3.40000000
 C	26.03405011 -0.04849575 3.40000000
 C	-22.81127669 -16.86729055 3.40000000
 C	28.36007232 0.75241793 3.40000000
 C	30.68593172 1.55327554 3.40000000
 C	-25.13729891 -17.66820423 3.40000000
 C	-27.46315830 -18.46906184 3.40000000
 C	33.01195393 2.35418922 3.40000000
 C	35.33797615 3.15510290 3.40000000
 C	37.66399836 3.95601657 3.40000000
 C	39.98985776 4.75687419 3.40000000
 C	-1.87756521 -9.65923564 3.40000000
 C	7.42636084 -6.45563699 3.40000000
 C	-4.20342460 -10.46009325 3.40000000
 C	9.75238305 -5.65472331 3.40000000
 C	-6.52944682 -11.26100693 3.40000000
 C	12.07824245 -4.85386569 3.40000000
 C	2.31207150 -6.71447873 3.40000000
 C	-9.31787676 -10.71899105 3.40000000
 C	13.94185694 -2.71002246 3.40000000
 C	-11.64373616 -11.51984867 3.40000000
 C	16.26787915 -1.90910878 3.40000000
 C	-13.96975838 -12.32076235 3.40000000
 C	18.59373855 -1.10825117 3.40000000
 C	-16.29578059 -13.12167602 3.40000000
 C	20.91976076 -0.30733749 3.40000000
 C	-18.62169426 -13.92255233 3.40000000
 C	23.24572871 0.49355750 3.40000000
 C	-0.01395072 -7.51539240 3.40000000
 C	4.63793089 -5.91362111 3.40000000
 C	-20.94766220 -14.72344732 3.40000000
 C	25.57164238 1.29443380 3.40000000
 C	-23.27368442 -15.52436099 3.40000000
 C	27.89766459 2.09534748 3.40000000
 C	-25.59954382 -16.32521861 3.40000000
 C	30.22368681 2.89626116 3.40000000
 C	-27.92556603 -17.12613229 3.40000000
 C	32.54954621 3.69711877 3.40000000
 C	34.87556842 4.49803245 3.40000000
 C	37.20153636 5.29892744 3.40000000
 C	39.52745003 6.09980374 3.40000000
 C	-2.33997294 -8.31630608 3.40000000
 C	6.96395311 -5.11270743 3.40000000
 C	-4.66588661 -9.11718238 3.40000000
 C	9.28992105 -4.31181244 3.40000000
 C	-6.99185455 -9.91807737 3.40000000
 C	11.61583472 -3.51093614 3.40000000
 C	-8.38606952 -9.64706943 3.40000000
 C	12.54764196 -2.43901452 3.40000000
 C	0.91785652 -6.44347078 3.40000000
 C	3.24371592 -5.64261317 3.40000000
 C	-10.71209174 -10.44798311 3.40000000
 C	14.87366418 -1.63810084 3.40000000
 C	-13.03795113 -11.24884072 3.40000000
 C	17.19952358 -0.83724323 3.40000000
 C	-15.36397335 -12.04975440 3.40000000
 C	19.52554579 -0.03632955 3.40000000
 C	-17.68983275 -12.85061202 3.40000000
 C	21.85156801 0.76458413 3.40000000
 C	-20.01585496 -13.65152570 3.40000000
 C	24.17759022 1.56549781 3.40000000
 C	-22.34187718 -14.45243937 3.40000000
 C	26.50344962 2.36635542 3.40000000
 C	-24.66789939 -15.25335305 3.40000000
 C	28.82947183 3.16726910 3.40000000
 C	-26.99375879 -16.05421067 3.40000000
 C	31.15533123 3.96812672 3.40000000
 C	33.48135345 4.76904039 3.40000000
 C	35.80737566 5.56995407 3.40000000
 C	-1.40816569 -7.24438446 3.40000000
 C	5.56973813 -4.84169949 3.40000000
 C	38.13339788 6.37086775 3.40000000
 C	40.45925728 7.17172537 3.40000000
 C	-3.73402509 -8.04524208 3.40000000
 C	7.89576035 -4.04078581 3.40000000
 C	-6.06004731 -8.84615575 3.40000000
 C	10.22178257 -3.23987213 3.40000000
 C	-8.84847725 -8.30413989 3.40000000
 C	12.08523424 -1.09608497 3.40000000
 C	0.45544880 -5.10054124 3.40000000
 C	2.78147101 -4.29962756 3.40000000
 C	-11.17433664 -9.10499750 3.40000000
 C	14.41125645 -0.29517130 3.40000000
 C	-13.50035886 -9.90591118 3.40000000
 C	16.73727867 0.50574238 3.40000000
 C	-15.82638108 -10.70682486 3.40000000
 C	19.06313807 1.30660000 3.40000000
 C	-18.15229475 -11.50770116 3.40000000
 C	21.38916028 2.10751368 3.40000000
 C	-20.47826269 -12.30859615 3.40000000
 C	23.71512822 2.90840867 3.40000000
 C	-22.80428490 -13.10950983 3.40000000
 C	26.04104189 3.70928497 3.40000000
 C	-25.13014430 -13.91036744 3.40000000
 C	28.36706411 4.51019865 3.40000000
 C	-27.45616652 -14.71128112 3.40000000
 C	30.69308632 5.31111232 3.40000000
 C	33.01894572 6.11196994 3.40000000
 C	35.34496794 6.91288362 3.40000000
 C	-1.87057342 -5.90145492 3.40000000
 C	5.10733041 -3.49876994 3.40000000
 C	37.67093588 7.71377861 3.40000000
 C	39.99684955 8.51465491 3.40000000
 C	-4.19648709 -6.70233122 3.40000000
 C	7.43335262 -2.69785627 3.40000000
 C	-6.52245503 -7.50322621 3.40000000
 C	9.75932057 -1.89696128 3.40000000
 C	1.38725604 -4.02861962 3.40000000
 C	-10.24269222 -8.03313194 3.40000000
 C	13.01704148 -0.02416335 3.40000000
 C	-12.56855162 -8.83398956 3.40000000
 C	15.34306369 0.77675033 3.40000000
 C	-14.89457383 -9.63490324 3.40000000
 C	17.66892309 1.57760794 3.40000000
 C	-17.22043323 -10.43576085 3.40000000
 C	19.99494531 2.37852162 3.40000000
 C	-19.54645545 -11.23667453 3.40000000
 C	22.32096752 3.17943530 3.40000000
 C	-0.93876618 -4.82953329 3.40000000
 C	3.71311544 -3.22776200 3.40000000
 C	-21.87247766 -12.03758821 3.40000000
 C	24.64698974 3.98034897 3.40000000
 C	-24.19849988 -12.83850189 3.40000000
 C	26.97284914 4.78120659 3.40000000
 C	-26.52435927 -13.63935950 3.40000000
 C	29.29887135 5.58212027 3.40000000
 C	31.62473075 6.38297788 3.40000000
 C	33.95075296 7.18389156 3.40000000
 C	36.27677518 7.98480524 3.40000000
 C	38.60279739 8.78571892 3.40000000
 C	40.92865679 9.58657653 3.40000000
 C	-3.26462557 -5.63039091 3.40000000
 C	6.03913765 -2.42684832 3.40000000
 C	-5.59064779 -6.43130459 3.40000000
 C	8.36515987 -1.62593465 3.40000000
 C	-7.91667000 -7.23221827 3.40000000
 C	10.69118208 -0.82502097 3.40000000
 C	0.92483736 -2.68574641 3.40000000
 C	-10.70494808 -6.69020267 3.40000000
 C	12.55462280 1.31870986 3.40000000
 C	-13.03097030 -7.49111635 3.40000000
 C	14.88064501 2.11962353 3.40000000
 C	-15.35699251 -8.29203003 3.40000000
 C	17.20666723 2.92053721 3.40000000
 C	-17.68290618 -9.09290633 3.40000000
 C	19.53252663 3.72139483 3.40000000
 C	-20.00887413 -9.89380132 3.40000000
 C	21.85854884 4.52230850 3.40000000
 C	-22.33489634 -10.69471500 3.40000000
 C	-1.40118486 -3.48666009 3.40000000
 C	24.18451679 5.32320349 3.40000000
 C	3.25085957 -1.88483273 3.40000000
 C	-24.66075574 -11.49557261 3.40000000
 C	26.51043046 6.12407980 3.40000000
 C	-26.98677795 -12.29648629 3.40000000
 C	28.83645267 6.92499348 3.40000000
 C	31.16247489 7.72590715 3.40000000
 C	33.48833428 8.52676477 3.40000000
 C	35.81435650 9.32767845 3.40000000
 C	38.14032444 10.12857344 3.40000000
 C	40.46623811 10.92944974 3.40000000
 C	-3.72709853 -4.28753639 3.40000000
 C	5.57671897 -1.08397512 3.40000000
 C	-6.05306647 -5.08843138 3.40000000
 C	7.90274119 -0.28306144 3.40000000
 C	-8.37908869 -5.88934506 3.40000000
 C	10.22870913 0.51783355 3.40000000
 C	-9.77329270 -5.61828078 3.40000000
 C	11.16058160 1.58983020 3.40000000
 C	-0.46936666 -2.41468213 3.40000000
 C	1.85665556 -1.61376845 3.40000000
 C	-12.09915210 -6.41913839 3.40000000
 C	13.48644100 2.39068781 3.40000000
 C	-14.42517432 -7.22005207 3.40000000
 C	15.81246321 3.19160149 3.40000000
 C	-16.75103371 -8.02090969 3.40000000
 C	18.13832261 3.99245911 3.40000000
 C	-19.07705593 -8.82182336 3.40000000
 C	20.46434482 4.79337278 3.40000000
 C	-21.40307814 -9.62273704 3.40000000
 C	22.79036704 5.59428646 3.40000000
 C	-23.72910036 -10.42365072 3.40000000
 C	25.11638926 6.39520014 3.40000000
 C	-26.05495976 -11.22450833 3.40000000
 C	27.44224865 7.19605775 3.40000000
 C	29.76827087 7.99697143 3.40000000
 C	32.09413027 8.79782905 3.40000000
 C	34.42015248 9.59874273 3.40000000
 C	-2.79522606 -3.21553974 3.40000000
 C	4.18251495 -0.81291084 3.40000000
 C	36.74617470 10.39965640 3.40000000
 C	39.07219691 11.20057008 3.40000000
 C	41.39805631 12.00142770 3.40000000
 C	-5.12124827 -4.01645342 3.40000000
 C	6.50853717 -0.01199716 3.40000000
 C	-7.44727049 -4.81736710 3.40000000
 C	8.83455938 0.78891652 3.40000000
 C	-10.23557047 -4.27546420 3.40000000
 C	10.69808674 2.93257203 3.40000000
 C	-0.93180725 -1.07192161 3.40000000
 C	1.39421497 -0.27100793 3.40000000
 C	-12.56159269 -5.07637788 3.40000000
 C	13.02400041 3.73344833 3.40000000
 C	-14.88761490 -5.87729155 3.40000000
 C	15.35002263 4.53436201 3.40000000
 C	-17.21352857 -6.67816786 3.40000000
 C	17.67604484 5.33527569 3.40000000
 C	-19.53949651 -7.47906285 3.40000000
 C	20.00190424 6.13613330 3.40000000
 C	-21.86551873 -8.27997652 3.40000000
 C	22.32792645 6.93704698 3.40000000
 C	-24.19137813 -9.08083414 3.40000000
 C	24.65389440 7.73794197 3.40000000
 C	-26.51740034 -9.88174782 3.40000000
 C	26.97980807 8.53881827 3.40000000
 C	29.30583028 9.33973195 3.40000000
 C	31.63185250 10.14064563 3.40000000
 C	33.95771190 10.94150324 3.40000000
 C	-3.25772092 -1.87279791 3.40000000
 C	3.72023719 0.52990574 3.40000000
 C	36.28373411 11.74241692 3.40000000
 C	38.60970205 12.54331191 3.40000000
 C	40.93561572 13.34418821 3.40000000
 C	-5.58368886 -2.67369290 3.40000000
 C	6.04609658 1.33076336 3.40000000
 C	-7.90971107 -3.47460658 3.40000000
 C	8.37211880 2.13167704 3.40000000
 C	0.00000000 0.00000000 3.40000000
 C	-11.62978544 -4.00445626 3.40000000
 C	11.62994826 4.00451233 3.40000000
 C	-13.95580766 -4.80536994 3.40000000
 C	13.95580766 4.80536994 3.40000000
 C	-16.28166705 -5.60622756 3.40000000
 C	16.28182987 5.60628362 3.40000000
 C	-18.60768927 -6.40714123 3.40000000
 C	18.60768927 6.40714123 3.40000000
 C	-20.93371148 -7.20805491 3.40000000
 C	20.93371148 7.20805491 3.40000000
 C	-2.32585940 -0.80085762 3.40000000
 C	-23.25973370 -8.00896859 3.40000000
 C	23.25973370 8.00896859 3.40000000
 C	2.32602222 0.80091368 3.40000000
 C	-25.58559310 -8.80982621 3.40000000
 C	25.58575592 8.80988227 3.40000000
 C	27.91161531 9.61073988 3.40000000
 C	30.23763753 10.41165356 3.40000000
 C	32.56349693 11.21251118 3.40000000
 C	34.88951914 12.01342485 3.40000000
 C	37.21554136 12.81433853 3.40000000
 C	39.54156357 13.61525221 3.40000000
 C	41.86742297 14.41610983 3.40000000
 C	-4.65188161 -1.60177129 3.40000000
 C	4.65188161 1.60177129 3.40000000
 C	-6.97790383 -2.40268497 3.40000000
 C	6.97790383 2.40268497 3.40000000
 C	-9.30392604 -3.20359865 3.40000000
 C	9.30392604 3.20359865 3.40000000
 C	-0.46240773 1.34292955 3.40000000
 C	-12.09219317 -2.66152671 3.40000000
 C	11.16748626 5.34742319 3.40000000
 C	-14.41821538 -3.46244039 3.40000000
 C	13.49339993 6.14829950 3.40000000
 C	-16.74412905 -4.26331669 3.40000000
 C	15.81942214 6.94921317 3.40000000
 C	-19.07009700 -5.06421168 3.40000000
 C	18.14544436 7.75012685 3.40000000
 C	-21.39611921 -5.86512536 3.40000000
 C	20.47130376 8.55098447 3.40000000
 C	-2.78832140 0.54205325 3.40000000
 C	-23.72197861 -6.66598297 3.40000000
 C	22.79732597 9.35189814 3.40000000
 C	1.86361449 2.14384323 3.40000000
 C	-26.04800083 -7.46689665 3.40000000
 C	25.12329391 10.15279314 3.40000000
 C	27.44920758 10.95366944 3.40000000
 C	29.77522980 11.75458312 3.40000000
 C	32.10125202 12.55549679 3.40000000
 C	34.42711141 13.35635441 3.40000000
 C	36.75313363 14.15726809 3.40000000
 C	39.07910157 14.95816308 3.40000000
 C	41.40501524 15.75903938 3.40000000
 C	-5.11428934 -0.25884174 3.40000000
 C	4.18963670 2.94475691 3.40000000
 C	-7.44031156 -1.05975542 3.40000000
 C	6.51549610 3.74561453 3.40000000
 C	-9.76617095 -1.86061303 3.40000000
 C	8.84151832 4.54652820 3.40000000
 C	-11.16038592 -1.58960510 3.40000000
 C	9.77332556 5.61844981 3.40000000
 C	-1.85645988 1.61399355 3.40000000
 C	0.46939952 2.41485117 3.40000000
 C	-13.48640814 -2.39051878 3.40000000
 C	12.09934778 6.41936349 3.40000000
 C	-15.81226754 -3.19137639 3.40000000
 C	14.42520717 7.22022111 3.40000000
 C	-18.13828975 -3.99229007 3.40000000
 C	16.75122939 8.02113479 3.40000000
 C	-20.46431197 -4.79320375 3.40000000
 C	19.07708879 8.82199240 3.40000000
 C	-22.79033418 -5.59411742 3.40000000
 C	21.40311100 9.62290608 3.40000000
 C	-25.11619358 -6.39497504 3.40000000
 C	23.72913322 10.42381976 3.40000000
 C	26.05515543 11.22473343 3.40000000
 C	28.38101483 12.02559105 3.40000000
 C	30.70703705 12.82650473 3.40000000
 C	33.03289644 13.62736234 3.40000000
 C	-4.18248210 0.81307987 3.40000000
 C	2.79542173 3.21576484 3.40000000
 C	35.35891866 14.42827602 3.40000000
 C	37.68494087 15.22918970 3.40000000
 C	40.01096309 16.03010338 3.40000000
 C	42.33682249 16.83096099 3.40000000
 C	-6.50850431 0.01216619 3.40000000
 C	5.12128113 4.01662246 3.40000000
 C	-8.83452653 -0.78874748 3.40000000
 C	7.44730335 4.81753614 3.40000000
 C	-11.62279365 -0.24667554 3.40000000
 C	9.31091783 6.96137937 3.40000000
 C	-2.31892188 2.95690442 3.40000000
 C	0.00699179 3.75778072 3.40000000
 C	-13.94881587 -1.04758922 3.40000000
 C	11.63688578 7.76227436 3.40000000
 C	-16.27472954 -1.84846552 3.40000000
 C	13.96279945 8.56315066 3.40000000
 C	-18.60069748 -2.64936051 3.40000000
 C	16.28882166 9.36406434 3.40000000
 C	-20.92671970 -3.45027419 3.40000000
 C	18.61484388 10.16497802 3.40000000
 C	-23.25257909 -4.25113181 3.40000000
 C	20.94070327 10.96583563 3.40000000
 C	-25.57860131 -5.05204549 3.40000000
 C	23.26672549 11.76674931 3.40000000
 C	25.59269343 12.56764430 3.40000000
 C	27.91860710 13.36852060 3.40000000
 C	30.24462932 14.16943428 3.40000000
 C	32.57065153 14.97034796 3.40000000
 C	-4.64488982 2.15600943 3.40000000
 C	2.33301400 4.55869440 3.40000000
 C	34.89651093 15.77120557 3.40000000
 C	37.22253315 16.57211925 3.40000000
 C	39.54850109 17.37301424 3.40000000
 C	41.87441476 18.17389055 3.40000000
 C	-6.97091204 1.35509575 3.40000000
 C	4.65903622 5.35960808 3.40000000
 C	-9.29677144 0.55423813 3.40000000
 C	6.98489562 6.16046569 3.40000000
 C	-1.38709322 4.02867568 3.40000000
 C	-13.01704148 0.02416335 3.40000000
 C	10.24269222 8.03313194 3.40000000
 C	-15.34290088 -0.77669426 3.40000000
 C	12.56871444 8.83404562 3.40000000
 C	-17.66892309 -1.57760794 3.40000000
 C	14.89457383 9.63490324 3.40000000
 C	-19.99494531 -2.37852162 3.40000000
 C	17.22059605 10.43581691 3.40000000
 C	19.54645545 11.23667453 3.40000000
 C	-22.32096752 -3.17943530 3.40000000
 C	-3.71311544 3.22776200 3.40000000
 C	0.93876618 4.82953329 3.40000000
 C	-24.64682692 -3.98029291 3.40000000
 C	21.87247766 12.03758821 3.40000000
 C	24.19849988 12.83850189 3.40000000
 C	26.52452209 13.63941556 3.40000000
 C	28.85038149 14.44027318 3.40000000
 C	31.17640370 15.24118686 3.40000000
 C	33.50226310 16.04204447 3.40000000
 C	35.82828532 16.84295815 3.40000000
 C	38.15430753 17.64387183 3.40000000
 C	40.48032975 18.44478551 3.40000000
 C	42.80618915 19.24564312 3.40000000
 C	-6.03913765 2.42684832 3.40000000
 C	3.26478839 5.63044697 3.40000000
 C	5.59064779 6.43130459 3.40000000
 C	-8.36515987 1.62593465 3.40000000
 C	-10.69101926 0.82507703 3.40000000
 C	7.91667000 7.23221827 3.40000000
 C	-1.84955522 5.37158655 3.40000000
 C	-13.47944921 1.36709291 3.40000000
 C	9.78028449 9.37606150 3.40000000
 C	-15.80536288 0.56621660 3.40000000
 C	12.10625243 10.17695649 3.40000000
 C	-18.13133082 -0.23467839 3.40000000
 C	14.43216610 10.97783279 3.40000000
 C	-20.45735304 -1.03559206 3.40000000
 C	16.75818832 11.77874647 3.40000000
 C	-22.78321243 -1.83644968 3.40000000
 C	19.08421054 12.57966015 3.40000000
 C	-4.17552316 4.57069156 3.40000000
 C	0.47635845 6.17246285 3.40000000
 C	-25.10923465 -2.63736336 3.40000000
 C	21.41006993 13.38051776 3.40000000
 C	23.73609215 14.18143144 3.40000000
 C	26.06206009 14.98232643 3.40000000
 C	28.38797376 15.78320273 3.40000000
 C	30.71399598 16.58411641 3.40000000
 C	33.04001819 17.38503009 3.40000000
 C	35.36587759 18.18588770 3.40000000
 C	37.69189980 18.98680138 3.40000000
 C	40.01786775 19.78769637 3.40000000
 C	42.34378142 20.58857267 3.40000000
 C	-6.50154538 3.76977788 3.40000000
 C	2.80238066 6.97337653 3.40000000
 C	-8.82740478 2.96892026 3.40000000
 C	5.12840288 7.77429020 3.40000000
 C	-11.15342699 2.16800659 3.40000000
 C	7.45426228 8.57514782 3.40000000
 C	-12.54764197 2.43901453 3.40000000
 C	8.38606952 9.64706944 3.40000000
 C	-3.24371592 5.64261318 3.40000000
 C	-0.91769371 6.44352685 3.40000000
 C	-14.87350136 1.63815691 3.40000000
 C	10.71209173 10.44798312 3.40000000
 C	-17.19952358 0.83724324 3.40000000
 C	13.03811395 11.24889680 3.40000000
 C	-19.52554579 0.03632956 3.40000000
 C	15.36397335 12.04975441 3.40000000
 C	-21.85156801 -0.76458412 3.40000000
 C	17.68999556 12.85066809 3.40000000
 C	-24.17742741 -1.56544174 3.40000000
 C	20.01585496 13.65152570 3.40000000
 C	22.34187718 14.45243938 3.40000000
 C	24.66789939 15.25335306 3.40000000
 C	26.99392161 16.05426674 3.40000000
 C	29.31978100 16.85512435 3.40000000
 C	31.64580322 17.65603803 3.40000000
 C	-5.56973814 4.84169950 3.40000000
 C	1.40816569 7.24438447 3.40000000
 C	33.97166262 18.45689565 3.40000000
 C	36.29768483 19.25780932 3.40000000
 C	38.62370705 20.05872300 3.40000000
 C	40.94972926 20.85963668 3.40000000
 C	43.27558866 21.66049430 3.40000000
 C	-7.89576035 4.04078582 3.40000000
 C	3.73418791 8.04529815 3.40000000
 C	-10.22161975 3.23992821 3.40000000
 C	6.06004730 8.84615576 3.40000000
 C	-13.01004969 3.78194407 3.40000000
 C	7.92366179 10.98999899 3.40000000
 C	-3.70612365 6.98554272 3.40000000
 C	-1.38015570 7.78643771 3.40000000
 C	-15.33596336 2.98106777 3.40000000
 C	10.24968401 11.79091266 3.40000000
 C	-17.66193130 2.18017278 3.40000000
 C	12.57565195 12.59180765 3.40000000
 C	-19.98795352 1.37925910 3.40000000
 C	14.90156562 13.39268396 3.40000000
 C	-22.31381292 0.57840149 3.40000000
 C	17.22758784 14.19359763 3.40000000
 C	-24.63983513 -0.22251219 3.40000000
 C	19.55361005 14.99451131 3.40000000
 C	21.87946945 15.79536893 3.40000000
 C	24.20549167 16.59628261 3.40000000
 C	26.53145961 17.39717760 3.40000000
 C	28.85737328 18.19805390 3.40000000
 C	31.18339549 18.99896758 3.40000000
 C	-6.03214586 6.18462904 3.40000000
 C	0.94575797 8.58731401 3.40000000
 C	33.50941771 19.79988125 3.40000000
 C	35.83527711 20.60073887 3.40000000
 C	38.16129932 21.40165255 3.40000000
 C	40.48726726 22.20254754 3.40000000
 C	42.81318093 23.00342384 3.40000000
 C	-8.35800526 5.38377143 3.40000000
 C	3.27178018 9.38822769 3.40000000
 C	-10.68402748 4.58285775 3.40000000
 C	5.59780240 10.18914137 3.40000000
 C	-2.77431641 8.05746434 3.40000000
 C	-14.40410185 4.05300808 3.40000000
 C	8.85546904 12.06192061 3.40000000
 C	-16.73012406 3.25209440 3.40000000
 C	11.18149125 12.86283428 3.40000000
 C	-19.05614628 2.45118072 3.40000000
 C	13.50751347 13.66374796 3.40000000
 C	-21.38216849 1.65026704 3.40000000
 C	15.83337286 14.46460558 3.40000000
 C	-23.70802789 0.84940943 3.40000000
 C	18.15939508 15.26551926 3.40000000
 C	-5.10033862 7.25655066 3.40000000
 C	20.48525448 16.06637687 3.40000000
 C	-0.44829419 8.85837802 3.40000000
 C	22.81127669 16.86729055 3.40000000
 C	25.13729891 17.66820423 3.40000000
 C	27.46332112 18.46911790 3.40000000
 C	29.78918052 19.26997552 3.40000000
 C	32.11520274 20.07088920 3.40000000
 C	34.44106213 20.87174681 3.40000000
 C	36.76708435 21.67266049 3.40000000
 C	39.09310656 22.47357417 3.40000000
 C	41.41912878 23.27448785 3.40000000
 C	43.74498818 24.07534546 3.40000000
 C	-7.42636084 6.45563699 3.40000000
 C	1.87756521 9.65923564 3.40000000
 C	-9.75222023 5.65477937 3.40000000
 C	4.20358742 10.46014931 3.40000000
 C	-12.07824245 4.85386569 3.40000000
 C	6.52944682 11.26100693 3.40000000
 C	-3.23673509 9.40033755 3.40000000
 C	-14.86657480 5.39586260 3.40000000
 C	8.39305036 13.40479382 3.40000000
 C	-17.19254274 4.59496761 3.40000000
 C	10.71907257 14.20570749 3.40000000
 C	-19.51856496 3.79405393 3.40000000
 C	13.04504051 15.00660248 3.40000000
 C	-21.84442435 2.99319632 3.40000000
 C	15.37095418 15.80747879 3.40000000
 C	-24.17044657 2.19228264 3.40000000
 C	17.69697640 16.60839246 3.40000000
 C	-5.56275730 8.59942387 3.40000000
 C	20.02299861 17.40930614 3.40000000
 C	-0.91076714 10.20123254 3.40000000
 C	22.34885801 18.21016376 3.40000000
 C	24.67488023 19.01107743 3.40000000
 C	27.00084817 19.81197243 3.40000000
 C	29.32676184 20.61284873 3.40000000
 C	31.65278406 21.41376241 3.40000000
 C	33.97880627 22.21467608 3.40000000
 C	36.30466567 23.01553370 3.40000000
 C	38.63068788 23.81644738 3.40000000
 C	40.95665583 24.61734237 3.40000000
 C	-7.88861670 7.79856626 3.40000000
 C	43.28256950 25.41821867 3.40000000
 C	1.41514653 11.00210884 3.40000000
 C	-10.21463891 6.99765258 3.40000000
 C	3.74116874 11.80302252 3.40000000
 C	-12.54066113 6.19673890 3.40000000
 C	6.06719096 12.60393620 3.40000000
 C	-13.93470233 6.46785924 3.40000000
 C	6.99884634 13.67585809 3.40000000
 C	-4.63093910 9.67140183 3.40000000
 C	-2.30491689 10.47231551 3.40000000
 C	-16.26072454 5.66694557 3.40000000
 C	9.32486855 14.47677177 3.40000000
 C	-18.58674676 4.86603189 3.40000000
 C	11.65089077 15.27768545 3.40000000
 C	-20.91276898 4.06511821 3.40000000
 C	13.97691298 16.07859913 3.40000000
 C	-23.23862837 3.26426060 3.40000000
 C	16.30277238 16.87945674 3.40000000
 C	18.62879460 17.68037042 3.40000000
 C	20.95465399 18.48122804 3.40000000
 C	23.28067621 19.28214171 3.40000000
 C	25.60669842 20.08305539 3.40000000
 C	27.93272064 20.88396907 3.40000000
 C	30.25858004 21.68482668 3.40000000
 C	-6.95696132 8.87048815 3.40000000
 C	0.02110533 11.27322919 3.40000000
 C	32.58460225 22.48574036 3.40000000
 C	34.91046165 23.28659798 3.40000000
 C	37.23648387 24.08751166 3.40000000
 C	39.56250608 24.88842533 3.40000000
 C	41.88852830 25.68933901 3.40000000
 C	44.21438769 26.49019663 3.40000000
 C	-9.28282072 8.06963054 3.40000000
 C	2.34696472 12.07408680 3.40000000
 C	-11.60884293 7.26871686 3.40000000
 C	4.67298694 12.87500048 3.40000000
 C	-14.39719719 7.81060107 3.40000000
 C	6.53656857 15.01867467 3.40000000
 C	-5.09337969 11.01416235 3.40000000
 C	-2.76735747 11.81507603 3.40000000
 C	-16.72316513 7.00970608 3.40000000
 C	8.86242797 15.81953229 3.40000000
 C	-19.04918735 6.20879241 3.40000000
 C	11.18845018 16.62044597 3.40000000
 C	-21.37504674 5.40793479 3.40000000
 C	13.51441813 17.42134096 3.40000000
 C	-23.70106896 4.60702111 3.40000000
 C	15.84033180 18.22221726 3.40000000
 C	18.16635401 19.02313094 3.40000000
 C	20.49237623 19.82404462 3.40000000
 C	22.81823562 20.62490223 3.40000000
 C	25.14425784 21.42581591 3.40000000
 C	27.47022578 22.22671090 3.40000000
 C	29.79613945 23.02758720 3.40000000
 C	-7.41923909 10.21330473 3.40000000
 C	-0.44138953 12.61597102 3.40000000
 C	32.12216167 23.82850088 3.40000000
 C	34.44818388 24.62941456 3.40000000
 C	36.77404328 25.43027217 3.40000000
 C	39.10006550 26.23118585 3.40000000
 C	41.42603344 27.03208084 3.40000000
 C	43.75194711 27.83295714 3.40000000
 C	-9.74526130 9.41239106 3.40000000
 C	1.88452414 13.41684732 3.40000000
 C	-12.07128352 8.61147738 3.40000000
 C	4.21054635 14.21776100 3.40000000
 C	-4.16157244 12.08608396 3.40000000
 C	-15.79135788 8.08162770 3.40000000
 C	7.46821300 16.09054022 3.40000000
 C	-18.11738010 7.28071402 3.40000000
 C	9.79423521 16.89145390 3.40000000
 C	-20.44340232 6.47980034 3.40000000
 C	12.12025743 17.69236758 3.40000000
 C	-22.76926171 5.67894272 3.40000000
 C	14.44627964 18.49328126 3.40000000
 C	16.77213904 19.29413887 3.40000000
 C	19.09816126 20.09505255 3.40000000
 C	-6.48759466 11.28517028 3.40000000
 C	-1.83555023 12.88699764 3.40000000
 C	21.42402065 20.89591017 3.40000000
 C	23.75004287 21.69682384 3.40000000
 C	26.07606508 22.49773752 3.40000000
 C	28.40208730 23.29865120 3.40000000
 C	30.72794670 24.09950881 3.40000000
 C	33.05396891 24.90042249 3.40000000
 C	35.37982831 25.70128011 3.40000000
 C	37.70585053 26.50219378 3.40000000
 C	40.03187274 27.30310746 3.40000000
 C	-8.81345406 10.48431267 3.40000000
 C	42.35789496 28.10402114 3.40000000
 C	0.49047199 13.68791132 3.40000000
 C	44.68375435 28.90487876 3.40000000
 C	-11.13947627 9.68339899 3.40000000
 C	2.81633138 14.48876893 3.40000000
 C	-13.46533567 8.88254137 3.40000000
 C	5.14235360 15.28968261 3.40000000
 C	-4.62398017 13.42901351 3.40000000
 C	-16.25376561 9.42455725 3.40000000
 C	7.00596809 17.43352584 3.40000000
 C	-18.57978783 8.62364357 3.40000000
 C	9.33182748 18.23438346 3.40000000
 C	-20.90564723 7.82278596 3.40000000
 C	11.65784970 19.03529713 3.40000000
 C	-23.23166944 7.02187228 3.40000000
 C	13.98381764 19.83619212 3.40000000
 C	16.30973131 20.63706843 3.40000000
 C	-6.94983957 12.62815590 3.40000000
 C	18.63575353 21.43798210 3.40000000
 C	-2.29795796 14.22992719 3.40000000
 C	20.96177574 22.23889578 3.40000000
 C	23.28763514 23.03975340 3.40000000
 C	25.61365736 23.84066708 3.40000000
 C	27.93962530 24.64156207 3.40000000
 C	30.26553897 25.44243837 3.40000000
 C	32.59156118 26.24335205 3.40000000
 C	34.91758340 27.04426572 3.40000000
 C	37.24344280 27.84512334 3.40000000
 C	39.56946501 28.64603702 3.40000000
 C	-9.27586178 11.82724222 3.40000000
 C	41.89543296 29.44693201 3.40000000
 C	0.02800999 15.03082218 3.40000000
 C	44.22134663 30.24780831 3.40000000
 C	-11.60188400 11.02632854 3.40000000
 C	2.35392366 15.83169848 3.40000000
 C	-13.92779767 10.22545224 3.40000000
 C	4.67994587 16.63261216 3.40000000
 C	-15.32195837 10.49647886 3.40000000
 C	5.61175312 17.70453377 3.40000000
 C	-6.01819514 13.70002145 3.40000000
 C	-3.69217293 14.50093513 3.40000000
 C	-17.64798058 9.69556518 3.40000000
 C	7.93761251 18.50539139 3.40000000
 C	-19.97400280 8.89465151 3.40000000
 C	10.26363473 19.30630507 3.40000000
 C	-22.29986220 8.09379389 3.40000000
 C	12.58965695 20.10721874 3.40000000
 C	14.91567916 20.90813242 3.40000000
 C	17.24153856 21.70899004 3.40000000
 C	19.56756077 22.50990372 3.40000000
 C	21.89342017 23.31076133 3.40000000
 C	24.21944239 24.11167501 3.40000000
 C	26.54546460 24.91258869 3.40000000
 C	28.87148682 25.71350236 3.40000000
 C	-8.34405454 12.89916383 3.40000000
 C	-1.36615071 15.30184880 3.40000000
 C	31.19734621 26.51435998 3.40000000
 C	33.52336843 27.31527366 3.40000000
 C	35.84922783 28.11613127 3.40000000
 C	38.17525004 28.91704495 3.40000000
 C	40.50127226 29.71795863 3.40000000
 C	42.82729447 30.51887231 3.40000000
 C	45.15315387 31.31972992 3.40000000
 C	-10.67007675 12.09825015 3.40000000
 C	0.95987150 16.10276248 3.40000000
 C	-12.99593615 11.29739254 3.40000000
 C	3.28573090 16.90362010 3.40000000
 C	-15.78436610 11.83940842 3.40000000
 C	5.14934539 19.04746333 3.40000000
 C	-6.48044005 15.04300706 3.40000000
 C	-4.15458065 15.84386468 3.40000000
 C	-18.11038831 11.03849474 3.40000000
 C	7.47536760 19.84837701 3.40000000
 C	-20.43624771 10.23763712 3.40000000
 C	9.80122700 20.64923462 3.40000000
 C	-22.76226992 9.43672344 3.40000000
 C	12.12724922 21.45014830 3.40000000
 C	14.45321716 22.25104329 3.40000000
 C	16.77913083 23.05191959 3.40000000
 C	19.10515304 23.85283327 3.40000000
 C	21.43117526 24.65374695 3.40000000
 C	23.75703466 25.45460456 3.40000000
 C	26.08305687 26.25551824 3.40000000
 C	28.40902482 27.05641323 3.40000000
 C	-8.80646227 14.24209339 3.40000000
 C	-1.82855844 16.64477836 3.40000000
 C	30.73493849 27.85728953 3.40000000
 C	33.06096070 28.65820321 3.40000000
 C	35.38698292 29.45911689 3.40000000
 C	37.71284231 30.25997450 3.40000000
 C	40.03886453 31.06088818 3.40000000
 C	42.36483247 31.86178317 3.40000000
 C	44.69074614 32.66265948 3.40000000
 C	-11.13248448 13.44117971 3.40000000
 C	0.49740950 17.44567335 3.40000000
 C	-13.45839815 12.64030341 3.40000000
 C	2.82332317 18.24654965 3.40000000
 C	-5.54882848 16.11470358 3.40000000
 C	-17.17861392 12.11024731 3.40000000
 C	6.08111978 20.11921590 3.40000000
 C	8.40697917 20.92007352 3.40000000
 C	-19.50463614 11.30933363 3.40000000
 C	-21.83049554 10.50847602 3.40000000
 C	10.73300139 21.72098720 3.40000000
 C	13.05902360 22.52190087 3.40000000
 C	15.38504582 23.32281455 3.40000000
 C	-7.87468788 15.31384596 3.40000000
 C	-3.22280627 16.91561725 3.40000000
 C	17.71090522 24.12367217 3.40000000
 C	20.03692743 24.92458584 3.40000000
 C	22.36278683 25.72544346 3.40000000
 C	24.68880905 26.52635714 3.40000000
 C	27.01483126 27.32727082 3.40000000
 C	29.34085348 28.12818449 3.40000000
 C	31.66671287 28.92904211 3.40000000
 C	33.99273509 29.72995579 3.40000000
 C	36.31859449 30.53081340 3.40000000
 C	38.64461670 31.33172708 3.40000000
 C	40.97063892 32.13264076 3.40000000
 C	-10.20071010 14.51293228 3.40000000
 C	-0.89678405 17.71653093 3.40000000
 C	43.29666113 32.93355444 3.40000000
 C	45.62252053 33.73441205 3.40000000
 C	-12.52656949 13.71207467 3.40000000
 C	1.42923816 18.51744461 3.40000000
 C	-14.85259171 12.91116099 3.40000000
 C	3.75509756 19.31830223 3.40000000
 C	-6.01107339 17.45768919 3.40000000
 C	-17.64102165 13.45317687 3.40000000
 C	5.61871205 21.46214546 3.40000000
 C	-19.96688105 12.65231925 3.40000000
 C	7.94473426 22.26305914 3.40000000
 C	-22.29290326 11.85140557 3.40000000
 C	10.27059366 23.06391675 3.40000000
 C	12.59661588 23.86483043 3.40000000
 C	14.92258382 24.66572542 3.40000000
 C	-8.33709561 16.65677552 3.40000000
 C	-3.68521400 18.25854681 3.40000000
 C	17.24849749 25.46660172 3.40000000
 C	19.57451970 26.26751540 3.40000000
 C	21.90054192 27.06842908 3.40000000
 C	24.22640132 27.86928669 3.40000000
 C	26.55242353 28.67020037 3.40000000
 C	28.87839148 29.47109536 3.40000000
 C	31.20430515 30.27197166 3.40000000
 C	33.53032736 31.07288534 3.40000000
 C	35.85634958 31.87379902 3.40000000
 C	38.18220897 32.67465663 3.40000000
 C	40.50823119 33.47557031 3.40000000
 C	-10.66311782 15.85586184 3.40000000
 C	-1.35919178 19.05946049 3.40000000
 C	42.83419913 34.27646530 3.40000000
 C	45.16011280 35.07734160 3.40000000
 C	-12.98903149 15.05498553 3.40000000
 C	0.96677616 19.86035548 3.40000000
 C	-15.31499944 14.25409054 3.40000000
 C	3.29268983 20.66123178 3.40000000
 C	-16.70921441 14.52509849 3.40000000
 C	4.22449707 21.73315340 3.40000000
 C	-7.40528837 17.72869714 3.40000000
 C	-5.07942897 18.52955475 3.40000000
 C	-19.03523662 13.72418481 3.40000000
 C	6.55051929 22.53406708 3.40000000
 C	-21.36109602 12.92332719 3.40000000
 C	8.87637869 23.33492469 3.40000000
 C	11.20240090 24.13583837 3.40000000
 C	13.52842312 24.93675205 3.40000000
 C	15.85444533 25.73766573 3.40000000
 C	18.18030473 26.53852334 3.40000000
 C	20.50632695 27.33943702 3.40000000
 C	22.83218634 28.14029464 3.40000000
 C	25.15820856 28.94120831 3.40000000
 C	27.48423077 29.74212199 3.40000000
 C	-9.73131058 16.92778346 3.40000000
 C	-2.75340675 19.33046843 3.40000000
 C	29.81025299 30.54303567 3.40000000
 C	32.13611239 31.34389328 3.40000000
 C	34.46213460 32.14480696 3.40000000
 C	36.78799400 32.94566458 3.40000000
 C	39.11401622 33.74657825 3.40000000
 C	41.44003843 34.54749193 3.40000000
 C	43.76606065 35.34840561 3.40000000
 C	46.09192004 36.14926323 3.40000000
 C	-12.05716998 16.12692584 3.40000000
 C	-0.42738454 20.13138211 3.40000000
 C	-14.38319219 15.32601217 3.40000000
 C	1.89863768 20.93229579 3.40000000
 C	-17.17162213 15.86802803 3.40000000
 C	3.76208935 23.07608295 3.40000000
 C	-7.86769609 19.07162668 3.40000000
 C	-5.54167388 19.87254036 3.40000000
 C	-19.49748153 15.06717042 3.40000000
 C	6.08811157 23.87699662 3.40000000
 C	-21.82350375 14.26625674 3.40000000
 C	8.41413378 24.67791030 3.40000000
 C	10.73999318 25.47876792 3.40000000
 C	13.06601539 26.27968159 3.40000000
 C	15.39198334 27.08057658 3.40000000
 C	17.71789701 27.88145289 3.40000000
 C	20.04391922 28.68236656 3.40000000
 C	22.36994144 29.48328024 3.40000000
 C	24.69580083 30.28413786 3.40000000
 C	27.02182305 31.08505154 3.40000000
 C	-10.19371831 18.27071300 3.40000000
 C	-3.21581448 20.67339797 3.40000000
 C	29.34779099 31.88594653 3.40000000
 C	31.67370466 32.68682283 3.40000000
 C	33.99972688 33.48773651 3.40000000
 C	36.32574909 34.28865018 3.40000000
 C	38.65160849 35.08950780 3.40000000
 C	40.97763071 35.89042148 3.40000000
 C	43.30359865 36.69131647 3.40000000
 C	45.62951232 37.49219277 3.40000000
 C	-12.51963198 17.46983670 3.40000000
 C	-0.88979226 21.47431165 3.40000000
 C	-14.84559992 16.66894171 3.40000000
 C	1.43617568 22.27520664 3.40000000
 C	-6.93588885 20.14354830 3.40000000
 C	-18.56583711 16.13903598 3.40000000
 C	4.69389659 24.14800457 3.40000000
 C	-20.89169651 15.33817836 3.40000000
 C	7.01991881 24.94891824 3.40000000
 C	9.34577820 25.74977586 3.40000000
 C	11.67180042 26.55068954 3.40000000
 C	13.99782264 27.35160321 3.40000000
 C	-9.26191106 19.34263462 3.40000000
 C	-4.61002945 20.94440592 3.40000000
 C	16.32384485 28.15251689 3.40000000
 C	18.64970425 28.95337451 3.40000000
 C	20.97572646 29.75428819 3.40000000
 C	23.30158586 30.55514580 3.40000000
 C	25.62760808 31.35605948 3.40000000
 C	27.95363029 32.15697316 3.40000000
 C	30.27965251 32.95788683 3.40000000
 C	32.60551190 33.75874445 3.40000000
 C	34.93153412 34.55965813 3.40000000
 C	37.25739352 35.36051574 3.40000000
 C	-11.58777046 18.54177701 3.40000000
 C	39.58341573 36.16142942 3.40000000
 C	-2.28400724 21.74531959 3.40000000
 C	41.90943795 36.96234310 3.40000000
 C	44.23546016 37.76325678 3.40000000
 C	46.56131956 38.56411439 3.40000000
 C	-13.91379268 17.74086333 3.40000000
 C	0.04201498 22.54623327 3.40000000
 C	-16.23981489 16.93994965 3.40000000
 C	2.36803719 23.34714695 3.40000000
 C	-7.39830753 21.48642151 3.40000000
 C	-19.02809297 17.48196525 3.40000000
 C	4.23147791 25.49087777 3.40000000
 C	-21.35411519 16.68105157 3.40000000
 C	6.55750013 26.29179145 3.40000000
 C	8.88352234 27.09270513 3.40000000
 C	11.20938174 27.89356275 3.40000000
 C	13.53540396 28.69447642 3.40000000
 C	-9.72432974 20.68550783 3.40000000
 C	15.86137190 29.49537141 3.40000000
 C	-5.07228531 22.28733519 3.40000000
 C	18.18728557 30.29624772 3.40000000
 C	20.51330778 31.09716139 3.40000000
 C	22.83933000 31.89807507 3.40000000
 C	25.16518940 32.69893269 3.40000000
 C	27.49121161 33.49984637 3.40000000
 C	29.81717955 34.30074136 3.40000000
 C	32.14309322 35.10161766 3.40000000
 C	34.46911544 35.90253134 3.40000000
 C	36.79513765 36.70344501 3.40000000
 C	-12.05024341 19.88463153 3.40000000
 C	39.12099705 37.50430263 3.40000000
 C	-2.74642592 23.08819280 3.40000000
 C	41.44701927 38.30521631 3.40000000
 C	43.77298721 39.10611130 3.40000000
 C	46.09890088 39.90698760 3.40000000
 C	-14.37621136 19.08373654 3.40000000
 C	-0.42040370 23.88910648 3.40000000
 C	-16.70223357 18.28282286 3.40000000
 C	1.90556424 24.69000147 3.40000000
 C	-18.09643759 18.55388714 3.40000000
 C	2.83743671 25.76199812 3.40000000
 C	-8.79251155 21.75748579 3.40000000
 C	-6.46648933 22.55839947 3.40000000
 C	-20.42229699 17.75302953 3.40000000
 C	5.16329611 26.56285573 3.40000000
 C	7.48931832 27.36376941 3.40000000
 C	9.81517772 28.16462702 3.40000000
 C	12.14119994 28.96554070 3.40000000
 C	14.46722215 29.76645438 3.40000000
 C	16.79324437 30.56736806 3.40000000
 C	19.11910377 31.36822567 3.40000000
 C	21.44512598 32.16913935 3.40000000
 C	23.77098538 32.96999697 3.40000000
 C	26.09700759 33.77091064 3.40000000
 C	-11.11837094 20.95662817 3.40000000
 C	-4.14062993 23.35925708 3.40000000
 C	28.42302981 34.57182432 3.40000000
 C	30.74905202 35.37273800 3.40000000
 C	33.07491142 36.17359562 3.40000000
 C	35.40093364 36.97450929 3.40000000
 C	37.72679303 37.77536691 3.40000000
 C	40.05281525 38.57628059 3.40000000
 C	42.37883747 39.37719426 3.40000000
 C	44.70485968 40.17810794 3.40000000
 C	47.03071908 40.97896556 3.40000000
 C	-13.44439316 20.15571450 3.40000000
 C	-1.81460772 24.16017076 3.40000000
 C	-15.77041538 19.35480082 3.40000000
 C	0.51141450 24.96108444 3.40000000
 C	-18.55871536 19.89670372 3.40000000
 C	2.37494185 27.10473995 3.40000000
 C	-9.25495213 23.10024631 3.40000000
 C	-6.92892992 23.90115999 3.40000000
 C	-20.88473757 19.09579004 3.40000000
 C	4.70085552 27.90561625 3.40000000
 C	7.02687774 28.70652993 3.40000000
 C	9.35289995 29.50744361 3.40000000
 C	11.67875935 30.30830122 3.40000000
 C	14.00478157 31.10921490 3.40000000
 C	16.33074951 31.91010989 3.40000000
 C	18.65666318 32.71098619 3.40000000
 C	20.98268540 33.51189987 3.40000000
 C	23.30870761 34.31281355 3.40000000
 C	25.63456701 35.11367116 3.40000000
 C	-11.58086580 22.29937000 3.40000000
 C	-4.60290770 24.70207366 3.40000000
 C	27.96058922 35.91458484 3.40000000
 C	30.28655717 36.71547983 3.40000000
 C	32.61247084 37.51635613 3.40000000
 C	34.93849305 38.31726981 3.40000000
 C	37.26451527 39.11818349 3.40000000
 C	39.59037466 39.91904110 3.40000000
 C	41.91639688 40.71995478 3.40000000
 C	44.24236482 41.52084977 3.40000000
 C	46.56827849 42.32172607 3.40000000
 C	-13.90683375 21.49847501 3.40000000
 C	-2.27704830 25.50293128 3.40000000
 C	-16.23285596 20.69756134 3.40000000
 C	0.04897391 26.30384496 3.40000000
 C	-8.32314489 24.17216792 3.40000000
 C	-19.95293033 20.16771165 3.40000000
 C	3.30680337 28.17668025 3.40000000
 C	5.63266277 28.97753786 3.40000000
 C	7.95868498 29.77845154 3.40000000
 C	10.28454438 30.57930915 3.40000000
 C	12.61056660 31.38022283 3.40000000
 C	-10.64900428 23.37131030 3.40000000
 C	14.93658881 32.18113651 3.40000000
 C	-5.99712267 24.97308160 3.40000000
 C	17.26261103 32.98205019 3.40000000
 C	19.58847043 33.78290780 3.40000000
 C	21.91449264 34.58382148 3.40000000
 C	24.24035204 35.38467910 3.40000000
 C	26.56637425 36.18559277 3.40000000
 C	28.89239647 36.98650645 3.40000000
 C	31.21841868 37.78742013 3.40000000
 C	33.54427808 38.58827774 3.40000000
 C	35.87030030 39.38919142 3.40000000
 C	-12.97502650 22.57039663 3.40000000
 C	-3.67126327 25.77393921 3.40000000
 C	38.19615969 40.19004904 3.40000000
 C	40.52218191 40.99096272 3.40000000
 C	42.84820413 41.79187639 3.40000000
 C	45.17422634 42.59279007 3.40000000
 C	47.50008574 43.39364769 3.40000000
 C	-15.30104872 21.76948295 3.40000000
 C	-1.34524106 26.57485289 3.40000000
 C	-17.62707093 20.96856927 3.40000000
 C	0.98078116 27.37576657 3.40000000
 C	-8.78555262 25.51509747 3.40000000
 C	-20.41533806 21.51064121 3.40000000
 C	2.84434137 29.51959111 3.40000000
 C	5.17025504 30.32046741 3.40000000
 C	7.49627726 31.12138109 3.40000000
 C	9.82229947 31.92229477 3.40000000
 C	12.14815887 32.72315239 3.40000000
 C	-11.11146629 24.71422117 3.40000000
 C	14.47418108 33.52406606 3.40000000
 C	-6.45953040 26.31601115 3.40000000
 C	16.80014903 34.32496105 3.40000000
 C	19.12606270 35.12583736 3.40000000
 C	21.45208491 35.92675103 3.40000000
 C	23.77810713 36.72766471 3.40000000
 C	26.10396653 37.52852233 3.40000000
 C	28.42998874 38.32943601 3.40000000
 C	30.75595668 39.13033100 3.40000000
 C	33.08187035 39.93120730 3.40000000
 C	35.40789257 40.73212098 3.40000000
 C	-13.43743423 23.91332618 3.40000000
 C	37.73391478 41.53303465 3.40000000
 C	-4.13350818 27.11692483 3.40000000
 C	40.05977418 42.33389227 3.40000000
 C	42.38579640 43.13480595 3.40000000
 C	44.71176434 43.93570094 3.40000000
 C	47.03767801 44.73657724 3.40000000
 C	-15.76345644 23.11241250 3.40000000
 C	-1.80764879 27.91778244 3.40000000
 C	-18.08931584 22.31155489 3.40000000
 C	0.51837343 28.71869612 3.40000000
 C	-19.48353081 22.58256282 3.40000000
 C	1.45018067 29.79061773 3.40000000
 C	-10.17960477 25.78616147 3.40000000
 C	-7.85374537 26.58701908 3.40000000
 C	3.77620289 30.59153141 3.40000000
 C	6.10206229 31.39238903 3.40000000
 C	8.42808450 32.19330270 3.40000000
 C	10.75394390 32.99416032 3.40000000
 C	13.07996611 33.79507400 3.40000000
 C	15.40598833 34.59598768 3.40000000
 C	17.73201054 35.39690135 3.40000000
 C	20.05786994 36.19775897 3.40000000
 C	22.38389216 36.99867265 3.40000000
 C	24.70975155 37.79953026 3.40000000
 C	-12.50562698 24.98524779 3.40000000
 C	-5.52772316 27.38793276 3.40000000
 C	27.03577377 38.60044394 3.40000000
 C	29.36179599 39.40135762 3.40000000
 C	31.68781820 40.20227129 3.40000000
 C	34.01367760 41.00312891 3.40000000
 C	36.33969981 41.80404259 3.40000000
 C	38.66555921 42.60490020 3.40000000
 C	40.99158143 43.40581388 3.40000000
 C	43.31760364 44.20672756 3.40000000
 C	45.64362586 45.00764124 3.40000000
 C	47.96948525 45.80849885 3.40000000
 C	-14.83164920 24.18433411 3.40000000
 C	-3.20186376 28.18879038 3.40000000
 C	-17.15767141 23.38342044 3.40000000
 C	-0.87584154 28.98970406 3.40000000
 C	-19.94593854 23.92549237 3.40000000
 C	0.98777294 31.13354729 3.40000000
 C	-10.64206677 27.12907234 3.40000000
 C	-8.31615310 27.92994864 3.40000000
 C	3.31374089 31.93444228 3.40000000
 C	5.63965456 32.73531858 3.40000000
 C	7.96567677 33.53623226 3.40000000
 C	10.29169899 34.33714594 3.40000000
 C	12.61755839 35.13800355 3.40000000
 C	14.94358060 35.93891723 3.40000000
 C	17.26954854 36.73981222 3.40000000
 C	19.59546221 37.54068852 3.40000000
 C	21.92148443 38.34160220 3.40000000
 C	24.24750664 39.14251588 3.40000000
 C	-12.96803471 26.32817735 3.40000000
 C	-5.99013088 28.73086232 3.40000000
 C	26.57336604 39.94337349 3.40000000
 C	28.89938826 40.74428717 3.40000000
 C	31.22535620 41.54518216 3.40000000
 C	33.55126987 42.34605846 3.40000000
 C	35.87729209 43.14697214 3.40000000
 C	38.20331430 43.94788582 3.40000000
 C	40.52917370 44.74874344 3.40000000
 C	42.85519591 45.54965711 3.40000000
 C	45.18116386 46.35055210 3.40000000
 C	47.50707753 47.15142841 3.40000000
 C	-15.29405693 25.52726367 3.40000000
 C	-3.66410867 29.53177599 3.40000000
 C	-17.61991632 24.72640605 3.40000000
 C	-1.33824927 30.33263361 3.40000000
 C	-9.71023811 28.20084360 3.40000000
 C	1.91954733 32.20529986 3.40000000
 C	4.24556955 33.00621354 3.40000000
 C	6.57142895 33.80707116 3.40000000
 C	8.89745116 34.60798483 3.40000000
 C	11.22331056 35.40884245 3.40000000
 C	-12.03626032 27.39992992 3.40000000
 C	-7.38437871 29.00170121 3.40000000
 C	13.54933277 36.20975613 3.40000000
 C	15.87535499 37.01066980 3.40000000
 C	18.20137720 37.81158348 3.40000000
 C	20.52723660 38.61244110 3.40000000
 C	22.85325882 39.41335478 3.40000000
 C	25.17911821 40.21421239 3.40000000
 C	27.50514043 41.01512607 3.40000000
 C	29.83116265 41.81603975 3.40000000
 C	32.15718486 42.61695342 3.40000000
 C	34.48304426 43.41781104 3.40000000
 C	36.80906647 44.21872472 3.40000000
 C	-14.36228254 26.59901624 3.40000000
 C	-5.05835650 29.80261489 3.40000000
 C	39.13492587 45.01958233 3.40000000
 C	41.46094809 45.82049601 3.40000000
 C	43.78697030 46.62140969 3.40000000
 C	46.11299252 47.42232337 3.40000000
 C	48.43885191 48.22318098 3.40000000
 C	-2.73249710 30.60347251 3.40000000
 C	-16.68830475 25.79810256 3.40000000
 C	-19.01416415 24.99724495 3.40000000
 C	-0.40647488 31.40438618 3.40000000
 C	-10.17270011 29.54375447 3.40000000
 C	1.45713960 33.54822942 3.40000000
 C	3.78310755 34.34912441 3.40000000
 C	6.10902122 35.15000071 3.40000000
 C	8.43504343 35.95091439 3.40000000
 C	10.76106565 36.75182807 3.40000000
 C	-12.49866805 28.74285947 3.40000000
 C	-7.84678644 30.34463077 3.40000000
 C	13.08692505 37.55268568 3.40000000
 C	15.41294726 38.35359936 3.40000000
 C	17.73891520 39.15449435 3.40000000
 C	20.06482887 39.95537065 3.40000000
 C	22.39085109 40.75628433 3.40000000
 C	24.71687330 41.55719801 3.40000000
 C	27.04273270 42.35805562 3.40000000
 C	29.36875492 43.15896930 3.40000000
 C	31.69472286 43.95986429 3.40000000
 C	34.02063653 44.76074059 3.40000000
 C	36.34665875 45.56165427 3.40000000
 C	-14.82469027 27.94194580 3.40000000
 C	-5.52076422 31.14554445 3.40000000
 C	38.67268096 46.36256795 3.40000000
 C	40.99854036 47.16342556 3.40000000
 C	43.32456257 47.96433924 3.40000000
 C	45.65053052 48.76523423 3.40000000
 C	47.97644419 49.56611054 3.40000000
 C	-17.15054966 27.14108818 3.40000000
 C	-3.19474201 31.94645812 3.40000000
 C	-19.47657188 26.34017450 3.40000000
 C	-0.86888261 32.74731574 3.40000000
 C	0.06292463 33.81923736 3.40000000
 C	-11.56686081 29.81478110 3.40000000
 C	-9.24083859 30.61569477 3.40000000
 C	2.38894685 34.62015104 3.40000000
 C	4.71496906 35.42106472 3.40000000
 C	7.04082846 36.22192233 3.40000000
 C	9.36685067 37.02283601 3.40000000
 C	11.69271007 37.82369362 3.40000000
 C	14.01873229 38.62460730 3.40000000
 C	16.34475450 39.42552098 3.40000000
 C	18.67077672 40.22643466 3.40000000
 C	20.99663612 41.02729227 3.40000000
 C	23.32265833 41.82820595 3.40000000
 C	-13.89288303 29.01386742 3.40000000
 C	-6.91497920 31.41655239 3.40000000
 C	25.64851773 42.62906357 3.40000000
 C	27.97453994 43.42997724 3.40000000
 C	30.30056216 44.23089092 3.40000000
 C	32.62658437 45.03180460 3.40000000
 C	34.95244377 45.83266221 3.40000000
 C	37.27846599 46.63357589 3.40000000
 C	39.60432538 47.43443351 3.40000000
 C	41.93034760 48.23534719 3.40000000
 C	44.25636982 49.03626086 3.40000000
 C	46.58239203 49.83717454 3.40000000
 C	-16.21890524 28.21295374 3.40000000
 C	-4.58895698 32.21746607 3.40000000
 C	48.90825143 50.63803216 3.40000000
 C	-18.54476464 27.41209612 3.40000000
 C	-2.26309758 33.01832368 3.40000000
 C	-0.39948309 35.16216690 3.40000000
 C	-12.02926853 31.15771064 3.40000000
 C	-9.70330059 31.95860563 3.40000000
 C	1.92653912 35.96308058 3.40000000
 C	4.25250706 36.76397557 3.40000000
 C	6.57842073 37.56485188 3.40000000
 C	8.90444295 38.36576555 3.40000000
 C	11.23046517 39.16667923 3.40000000
 C	13.55632456 39.96753685 3.40000000
 C	15.88234678 40.76845052 3.40000000
 C	18.20831472 41.56934551 3.40000000
 C	20.53422839 42.37022182 3.40000000
 C	22.86025061 43.17113550 3.40000000
 C	-14.35529075 30.35679696 3.40000000
 C	-7.37738692 32.75948193 3.40000000
 C	25.18627282 43.97204917 3.40000000
 C	27.51213222 44.77290679 3.40000000
 C	29.83815443 45.57382047 3.40000000
 C	32.16412238 46.37471546 3.40000000
 C	34.49003605 47.17559176 3.40000000
 C	36.81605826 47.97650544 3.40000000
 C	39.14208048 48.77741911 3.40000000
 C	41.46793988 49.57827673 3.40000000
 C	43.79396209 50.37919041 3.40000000
 C	46.11993003 51.18008540 3.40000000
 C	-16.68115015 29.55593935 3.40000000
 C	-5.05136471 33.56039561 3.40000000
 C	48.44584370 51.98096170 3.40000000
 C	-19.00717236 28.75502567 3.40000000
 C	-2.72534249 34.36130929 3.40000000
 C	-11.09746129 32.22963226 3.40000000
 C	0.53232415 36.23408853 3.40000000
 C	2.85834636 37.03500220 3.40000000
 C	5.18436858 37.83591588 3.40000000
 C	7.51022798 38.63677350 3.40000000
 C	9.83625019 39.43768717 3.40000000
 C	-13.42348351 31.42871858 3.40000000
 C	12.16210959 40.23854479 3.40000000
 C	-8.77143908 33.03054594 3.40000000
 C	14.48813180 41.03945847 3.40000000
 C	16.81415402 41.84037214 3.40000000
 C	19.14017624 42.64128582 3.40000000
 C	21.46603563 43.44214344 3.40000000
 C	23.79205785 44.24305712 3.40000000
 C	26.11791725 45.04391473 3.40000000
 C	28.44393946 45.84482841 3.40000000
 C	30.76996168 46.64574209 3.40000000
 C	33.09598389 47.44665576 3.40000000
 C	35.42184329 48.24751338 3.40000000
 C	-15.74950572 30.62780491 3.40000000
 C	-6.44557968 33.83140355 3.40000000
 C	37.74786550 49.04842706 3.40000000
 C	40.07372490 49.84928467 3.40000000
 C	42.39974712 50.65019835 3.40000000
 C	44.72576933 51.45111203 3.40000000
 C	47.05179155 52.25202571 3.40000000
 C	49.37765095 53.05288332 3.40000000
 C	-18.07536512 29.82694729 3.40000000
 C	-4.11955746 34.63231723 3.40000000
 C	-1.79369807 35.43317485 3.40000000
 C	-11.55987997 33.57250547 3.40000000
 C	0.06990547 37.57696173 3.40000000
 C	2.39592768 38.37787541 3.40000000
 C	4.72189563 39.17877040 3.40000000
 C	7.04780930 39.97964670 3.40000000
 C	9.37383151 40.78056038 3.40000000
 C	-13.88590219 32.77159179 3.40000000
 C	11.69985373 41.58147406 3.40000000
 C	-9.23391203 34.37340046 3.40000000
 C	14.02571312 42.38233168 3.40000000
 C	16.35173534 43.18324535 3.40000000
 C	18.67770328 43.98414034 3.40000000
 C	21.00361695 44.78501665 3.40000000
 C	23.32963917 45.58593032 3.40000000
 C	25.65566138 46.38684400 3.40000000
 C	27.98152078 47.18770162 3.40000000
 C	30.30754300 47.98861530 3.40000000
 C	32.63351094 48.78951029 3.40000000
 C	-16.21176159 31.97073418 3.40000000
 C	34.95942461 49.59038659 3.40000000
 C	-6.90799836 35.17427676 3.40000000
 C	37.28544682 50.39130027 3.40000000
 C	39.61146904 51.19221394 3.40000000
 C	41.93732844 51.99307156 3.40000000
 C	44.26335065 52.79398524 3.40000000
 C	46.58931859 53.59488023 3.40000000
 C	48.91523226 54.39575653 3.40000000
 C	-18.53778380 31.16982050 3.40000000
 C	-4.58197615 35.97519044 3.40000000
 C	-2.25595393 36.77610412 3.40000000
 C	-1.32429855 37.84802601 3.40000000
 C	-12.95408399 33.84356975 3.40000000
 C	-10.62806178 34.64448343 3.40000000
 C	1.00172367 38.64893969 3.40000000
 C	3.32774588 39.44985337 3.40000000
 C	5.65376810 40.25076705 3.40000000
 C	7.97962749 41.05162466 3.40000000
 C	10.30564971 41.85253834 3.40000000
 C	12.63150911 42.65339595 3.40000000
 C	14.95753132 43.45430963 3.40000000
 C	17.28355354 44.25522331 3.40000000
 C	19.60957575 45.05613699 3.40000000
 C	21.93543515 45.85699460 3.40000000
 C	-15.28010621 33.04265607 3.40000000
 C	-8.30203956 35.44539710 3.40000000
 C	24.26145737 46.65790828 3.40000000
 C	26.58731676 47.45876590 3.40000000
 C	28.91333898 48.25967957 3.40000000
 C	31.23936119 49.06059325 3.40000000
 C	33.56538341 49.86150693 3.40000000
 C	35.89124281 50.66236455 3.40000000
 C	38.21726502 51.46327822 3.40000000
 C	40.54312442 52.26413584 3.40000000
 C	42.86914663 53.06504952 3.40000000
 C	45.19516885 53.86596319 3.40000000
 C	-17.60596560 32.24179846 3.40000000
 C	-5.97618016 36.24625472 3.40000000
 C	47.52119107 54.66687687 3.40000000
 C	49.84705046 55.46773449 3.40000000
 C	-3.65015795 37.04716840 3.40000000
 C	-1.78657632 39.19084259 3.40000000
 C	-13.41652458 35.18633027 3.40000000
 C	-11.09050236 35.98724394 3.40000000
 C	0.53928308 39.99170021 3.40000000
 C	2.86530530 40.79261389 3.40000000
 C	5.19127324 41.59350888 3.40000000
 C	7.51718691 42.39438518 3.40000000
 C	9.84320912 43.19529886 3.40000000
 C	12.16923134 43.99621254 3.40000000
 C	14.49509074 44.79707015 3.40000000
 C	16.82111295 45.59798383 3.40000000
 C	19.14708089 46.39887882 3.40000000
 C	21.47299456 47.19975512 3.40000000
 C	-15.74238397 34.38547265 3.40000000
 C	-8.76453442 36.78813893 3.40000000
 C	23.79901678 48.00066880 3.40000000
 C	26.12503900 48.80158248 3.40000000
 C	28.45089839 49.60244009 3.40000000
 C	30.77692061 50.40335377 3.40000000
 C	33.10288855 51.20424876 3.40000000
 C	35.42880222 52.00512506 3.40000000
 C	37.75482444 52.80603874 3.40000000
 C	40.08084665 53.60695242 3.40000000
 C	42.40670605 54.40781003 3.40000000
 C	44.73272826 55.20872371 3.40000000
 C	-18.06840619 33.58455897 3.40000000
 C	-6.43862075 37.58901524 3.40000000
 C	47.05869621 56.00961870 3.40000000
 C	49.38460988 56.81049501 3.40000000
 C	-4.11259853 38.38992892 3.40000000
 C	-12.48471733 36.25825188 3.40000000
 C	-0.85493189 40.26270814 3.40000000
 C	1.47109033 41.06362182 3.40000000
 C	3.79711254 41.86453550 3.40000000
 C	6.12313476 42.66544918 3.40000000
 C	8.44899415 43.46630679 3.40000000
 C	10.77501637 44.26722047 3.40000000
 C	-14.81073955 35.45733820 3.40000000
 C	-10.15869512 37.05916556 3.40000000
 C	13.10087577 45.06807808 3.40000000
 C	15.42689798 45.86899176 3.40000000
 C	17.75292020 46.66990544 3.40000000
 C	20.07894241 47.47081912 3.40000000
 C	22.40480181 48.27167673 3.40000000
 C	24.73082403 49.07259041 3.40000000
 C	27.05668342 49.87344803 3.40000000
 C	29.38270564 50.67436170 3.40000000
 C	31.70872785 51.47527538 3.40000000
 C	-17.13659894 34.65648059 3.40000000
 C	34.03475007 52.27618906 3.40000000
 C	-7.83267290 37.86007923 3.40000000
 C	36.36060947 53.07704667 3.40000000
 C	38.68663168 53.87796035 3.40000000
 C	41.01249108 54.67881797 3.40000000
 C	43.33851329 55.47973165 3.40000000
 C	45.66453551 56.28064532 3.40000000
 C	47.99055773 57.08155900 3.40000000
 C	-5.50681350 38.66093685 3.40000000
 C	-3.18079129 39.46185053 3.40000000
 H	-29.03774729 -36.56421070 3.40000000
 H	-26.71177627 -35.76331466 3.40000000
 H	-24.38575405 -34.96240098 3.40000000
 H	-22.05974891 -34.16149318 3.40000000
 H	-19.73387244 -33.36062969 3.40000000
 H	-17.40785023 -32.55971601 3.40000000
 H	-15.08193963 -31.75884075 3.40000000
 H	-12.75596861 -30.95794471 3.40000000
 H	-10.42994640 -30.15703104 3.40000000
 H	-8.10394125 -29.35612323 3.40000000
 H	-5.77806479 -28.55525974 3.40000000
 H	-3.45204257 -27.75434607 3.40000000
 H	-1.12613198 -26.95347081 3.40000000
 H	1.19983904 -26.15257477 3.40000000
 H	3.52586126 -25.35166109 3.40000000
 H	5.85186641 -24.55075329 3.40000000
 H	8.17774287 -23.74988980 3.40000000
 H	10.50376509 -22.94897612 3.40000000
 H	12.82967568 -22.14810087 3.40000000
 H	15.15564670 -21.34720483 3.40000000
 H	17.48166891 -20.54629115 3.40000000
 H	19.80767406 -19.74538335 3.40000000
 H	22.13355053 -18.94451986 3.40000000
 H	24.45957274 -18.14360618 3.40000000
 H	26.78548334 -17.34273093 3.40000000
 H	29.11145436 -16.54183489 3.40000000
 H	31.43747657 -15.74092121 3.40000000
 H	33.76348172 -14.94001341 3.40000000
 H	36.08935818 -14.13914992 3.40000000
 H	37.65997011 -12.33236759 3.40000000
 H	38.12935929 -9.91756957 3.40000000
 H	38.59873627 -7.50283429 3.40000000
 H	39.06813579 -5.08798312 3.40000000
 H	39.53752780 -2.67317058 3.40000000
 H	40.00690198 -0.25844982 3.40000000
 H	40.47630149 2.15640134 3.40000000
 H	40.94569067 4.57119936 3.40000000
 H	41.41506766 6.98593464 3.40000000
 H	41.88446718 9.40078581 3.40000000
 H	42.35385919 11.81559835 3.40000000
 H	42.82323336 14.23031911 3.40000000
 H	43.29263288 16.64517027 3.40000000
 H	43.76202206 19.05996829 3.40000000
 H	44.23139904 21.47470357 3.40000000
 H	44.70079856 23.88955474 3.40000000
 H	45.17019057 26.30436728 3.40000000
 H	45.63956475 28.71908804 3.40000000
 H	46.10896426 31.13393920 3.40000000
 H	46.57835344 33.54873722 3.40000000
 H	47.04773043 35.96347251 3.40000000
 H	47.51712994 38.37832367 3.40000000
 H	47.98652196 40.79313621 3.40000000
 H	48.45589613 43.20785697 3.40000000
 H	48.92529565 45.62270813 3.40000000
 H	49.39468483 48.03750615 3.40000000
 H	49.86406181 50.45224144 3.40000000
 H	50.33346133 52.86709260 3.40000000
 H	50.80285334 55.28190514 3.40000000
 H	50.02341456 57.54535572 3.40000000
 H	47.67351481 58.00219763 3.40000000
 H	45.34752980 57.20129676 3.40000000
 H	43.02150758 56.40038308 3.40000000
 H	40.69559699 55.59950783 3.40000000
 H	38.36962597 54.79861179 3.40000000
 H	36.04360375 53.99769811 3.40000000
 H	33.71770715 53.19682769 3.40000000
 H	31.39172214 52.39592682 3.40000000
 H	29.06569993 51.59501314 3.40000000
 H	26.73978933 50.79413789 3.40000000
 H	24.41381831 49.99324185 3.40000000
 H	22.08779610 49.19232817 3.40000000
 H	19.76189949 48.39145774 3.40000000
 H	17.43591448 47.59055688 3.40000000
 H	15.10989227 46.78964320 3.40000000
 H	12.78398168 45.98876794 3.40000000
 H	10.45801066 45.18787191 3.40000000
 H	8.13198844 44.38695823 3.40000000
 H	5.80609184 43.58608780 3.40000000
 H	3.48010683 42.78518693 3.40000000
 H	1.15408461 41.98427326 3.40000000
 H	-1.17182598 41.18339800 3.40000000
 H	-3.49779700 40.38250196 3.40000000
 H	-5.82381922 39.58158829 3.40000000
 H	-8.14971582 38.78071786 3.40000000
 H	-10.47570083 37.97981699 3.40000000
 H	-12.80172304 37.17890332 3.40000000
 H	-15.12763364 36.37802806 3.40000000
 H	-17.45360466 35.57713202 3.40000000
 H	-19.02421658 33.77034969 3.40000000
 H	-19.49358668 31.35564985 3.40000000
 H	-19.96298275 28.94081639 3.40000000
 H	-20.43238226 26.52596522 3.40000000
 H	-20.90177145 24.11116721 3.40000000
 H	-21.37114845 21.69643193 3.40000000
 H	-21.84054797 19.28158076 3.40000000
 H	-22.30991807 16.86688092 3.40000000
 H	-22.77931413 14.45204746 3.40000000
 H	-23.24871365 12.03719629 3.40000000
 H	-23.71810284 9.62239828 3.40000000
 H	-24.18747983 7.20766300 3.40000000
 H	-24.65687935 4.79281183 3.40000000
 H	-25.12624945 2.37811199 3.40000000
 H	-25.59564551 -0.03672147 3.40000000
 H	-26.06504503 -2.45157264 3.40000000
 H	-26.53443422 -4.86637065 3.40000000
 H	-27.00381122 -7.28110593 3.40000000
 H	-27.47321074 -9.69595710 3.40000000
 H	-27.94258083 -12.11065694 3.40000000
 H	-28.41197690 -14.52549040 3.40000000
 H	-28.88137642 -16.94034157 3.40000000
 H	-29.35076560 -19.35513958 3.40000000
 H	-29.82014260 -21.76987486 3.40000000
 H	-30.28954212 -24.18472603 3.40000000
 H	-30.75891222 -26.59942587 3.40000000
 H	-31.22830828 -29.01425933 3.40000000
 H	-31.69770780 -31.42911050 3.40000000
 H	-32.16709699 -33.84390851 3.40000000
 H	-31.38766103 -36.10737362 3.40000000
