 C	-34.87055529 -37.39409239 3.40000000
 C	-32.51799854 -36.67484361 3.40000000
 C	-30.16560646 -35.95564518 3.40000000
 C	-32.93325701 -35.31659433 3.40000000
 C	-27.81304971 -35.23639640 3.40000000
 C	-34.31716462 -34.99709409 3.40000000
 C	-30.58070026 -34.59734555 3.40000000
 C	-25.46049296 -34.51714762 3.40000000
 C	-31.96460787 -34.27784531 3.40000000
 C	-28.22830819 -33.87814712 3.40000000
 C	-23.10793621 -33.79789884 3.40000000
 C	-29.61221580 -33.55864688 3.40000000
 C	-25.87575144 -33.15889834 3.40000000
 C	-20.75554414 -33.07870041 3.40000000
 C	-32.37986635 -32.91959604 3.40000000
 C	-27.25965905 -32.83939810 3.40000000
 C	-33.76381270 -32.60026358 3.40000000
 C	-23.52324958 -32.43966635 3.40000000
 C	-18.40298739 -32.35945163 3.40000000
 C	-30.02730960 -32.20034726 3.40000000
 C	-24.90710230 -32.12014932 3.40000000
 C	-31.41125595 -31.88101480 3.40000000
 C	-21.17080261 -31.72045113 3.40000000
 C	-16.05059531 -31.64025320 3.40000000
 C	-27.67491753 -31.48114883 3.40000000
 C	-22.55454555 -31.40090054 3.40000000
 C	-29.05886387 -31.16181637 3.40000000
 C	-18.81824586 -31.00120236 3.40000000
 C	-13.69803856 -30.92100442 3.40000000
 C	-25.32236078 -30.76190005 3.40000000
 C	-20.20215348 -30.68170211 3.40000000
 C	-31.82651442 -30.52276553 3.40000000
 C	-26.70630712 -30.44256759 3.40000000
 C	-16.46568911 -30.28195358 3.40000000
 C	-33.21042204 -30.20326527 3.40000000
 C	-11.34548181 -30.20175564 3.40000000
 C	-22.96985892 -30.04266805 3.40000000
 C	-17.84959673 -29.96245333 3.40000000
 C	-29.47395768 -29.80351675 3.40000000
 C	-24.35375037 -29.72331881 3.40000000
 C	-14.11329704 -29.56275515 3.40000000
 C	-30.85786529 -29.48401649 3.40000000
 C	-8.99292506 -29.48250686 3.40000000
 C	-20.61741195 -29.32345284 3.40000000
 C	-15.49720465 -29.24325490 3.40000000
 C	-27.12156560 -29.08431832 3.40000000
 C	-22.00119362 -29.00407003 3.40000000
 C	-11.76074029 -28.84350637 3.40000000
 C	-28.50547322 -28.76481806 3.40000000
 C	-6.64053299 -28.76330843 3.40000000
 C	-18.26485520 -28.60420406 3.40000000
 C	-13.14464790 -28.52400612 3.40000000
 C	-24.76900885 -28.36506954 3.40000000
 C	-19.64880155 -28.28487160 3.40000000
 C	-31.27312376 -28.12576723 3.40000000
 C	-9.40823843 -28.12427437 3.40000000
 C	-26.15291647 -28.04556928 3.40000000
 C	-4.28797624 -28.04405965 3.40000000
 C	-15.91229845 -27.88495528 3.40000000
 C	-32.65703138 -27.80626698 3.40000000
 C	-10.79209115 -27.80475735 3.40000000
 C	-22.41650699 -27.64583754 3.40000000
 C	-17.29624480 -27.56562282 3.40000000
 C	-28.92056701 -27.40651845 3.40000000
 C	-7.05579147 -27.40505916 3.40000000
 C	-23.80035972 -27.32632051 3.40000000
 C	-1.93558417 -27.32486122 3.40000000
 C	-13.55990638 -27.16575685 3.40000000
 C	-30.30447463 -27.08701820 3.40000000
 C	-8.43953440 -27.08550857 3.40000000
 C	-20.06406003 -26.92662233 3.40000000
 C	-14.94385273 -26.84642439 3.40000000
 C	-26.56817494 -26.68732002 3.40000000
 C	-4.70323472 -26.68581038 3.40000000
 C	-21.44780297 -26.60707173 3.40000000
 C	0.41697258 -26.60561244 3.40000000
 C	-11.20734963 -26.44650807 3.40000000
 C	-27.95208255 -26.36781977 3.40000000
 C	-6.08714233 -26.36631014 3.40000000
 C	-17.71150328 -26.20737355 3.40000000
 C	-12.59129598 -26.12717561 3.40000000
 C	-24.21561819 -25.96807124 3.40000000
 C	-2.35067797 -25.96656160 3.40000000
 C	-19.09541089 -25.88787330 3.40000000
 C	2.76952933 -25.88636366 3.40000000
 C	-30.71974602 -25.72882485 3.40000000
 C	-8.85484777 -25.72727607 3.40000000
 C	-25.59952580 -25.64857099 3.40000000
 C	-3.73458558 -25.64706136 3.40000000
 C	-15.35894653 -25.48812477 3.40000000
 C	-32.10364072 -25.40926868 3.40000000
 C	-10.23873923 -25.40792684 3.40000000
 C	-21.86311633 -25.24883924 3.40000000
 C	0.00171411 -25.24736317 3.40000000
 C	-16.74285414 -25.16862452 3.40000000
 C	5.12208608 -25.16711489 3.40000000
 C	-28.36718927 -25.00957607 3.40000000
 C	-6.50240080 -25.00806086 3.40000000
 C	-23.24696905 -24.92932221 3.40000000
 C	-1.38219350 -24.92786292 3.40000000
 C	-13.00655445 -24.76892634 3.40000000
 C	-29.75108397 -24.69001990 3.40000000
 C	-7.88618248 -24.68867806 3.40000000
 C	-19.51066937 -24.52962403 3.40000000
 C	2.35427086 -24.52811439 3.40000000
 C	-14.39046207 -24.44942609 3.40000000
 C	7.47447816 -24.44791645 3.40000000
 C	-26.01479719 -24.29037764 3.40000000
 C	-4.14984405 -24.28881208 3.40000000
 C	-20.89441230 -24.21007343 3.40000000
 C	0.97036325 -24.20861415 3.40000000
 C	-10.65399770 -24.04967756 3.40000000
 C	-27.39869189 -23.97082147 3.40000000
 C	-5.53379040 -23.96947963 3.40000000
 C	-17.15811262 -23.81037525 3.40000000
 C	4.70677272 -23.80888239 3.40000000
 C	-12.03790532 -23.73017731 3.40000000
 C	9.82703491 -23.72866768 3.40000000
 C	-23.66224044 -23.57112886 3.40000000
 C	-1.79728730 -23.56956330 3.40000000
 C	-18.54202023 -23.49087500 3.40000000
 C	3.32292000 -23.48936537 3.40000000
 C	-30.16638118 -23.33193841 3.40000000
 C	-8.30149585 -23.33044556 3.40000000
 C	-25.04613514 -23.25157269 3.40000000
 C	-3.18123365 -23.25023085 3.40000000
 C	-14.80555587 -23.09112647 3.40000000
 C	7.05921968 -23.08966718 3.40000000
 C	-31.55028879 -23.01243817 3.40000000
 C	-9.68534857 -23.01092853 3.40000000
 C	12.17942698 -23.00946924 3.40000000
 C	-21.30973858 -22.85189687 3.40000000
 C	0.55510477 -22.85036487 3.40000000
 C	-16.18946348 -22.77162622 3.40000000
 C	5.67547675 -22.77011659 3.40000000
 C	-27.81382443 -22.61268964 3.40000000
 C	-5.94904888 -22.61123035 3.40000000
 C	-22.69357839 -22.53232391 3.40000000
 C	-0.82884158 -22.53103242 3.40000000
 C	-12.45316379 -22.37192804 3.40000000
 C	9.41177643 -22.37041840 3.40000000
 C	-29.19773204 -22.29318939 3.40000000
 C	-7.33279182 -22.29167975 3.40000000
 C	14.53198373 -22.29022047 3.40000000
 C	-18.95729162 -22.13268165 3.40000000
 C	2.90766152 -22.13111609 3.40000000
 C	-13.83707141 -22.05242779 3.40000000
 C	8.02786882 -22.05091816 3.40000000
 C	-25.46143235 -21.89349120 3.40000000
 C	-3.59649213 -21.89198157 3.40000000
 C	-20.34102164 -21.81307513 3.40000000
 C	1.52371517 -21.81178364 3.40000000
 C	-10.10060704 -21.65267926 3.40000000
 C	11.76433318 -21.65116962 3.40000000
 C	-26.84533997 -21.57399096 3.40000000
 C	-4.98039974 -21.57248132 3.40000000
 C	16.88454048 -21.57097169 3.40000000
 C	-16.60473487 -21.41343288 3.40000000
 C	5.26016338 -21.41188410 3.40000000
 C	-11.48451466 -21.33317901 3.40000000
 C	10.38042557 -21.33166938 3.40000000
 C	-23.10887560 -21.17424242 3.40000000
 C	-1.24393538 -21.17273279 3.40000000
 C	-17.98862957 -21.09387670 3.40000000
 C	3.87627192 -21.09253486 3.40000000
 C	-29.61299052 -20.93494012 3.40000000
 C	-7.74810518 -20.93344727 3.40000000
 C	14.11672526 -20.93197119 3.40000000
 C	-24.49278322 -20.85474218 3.40000000
 C	-2.62784299 -20.85323254 3.40000000
 C	19.23709723 -20.85172291 3.40000000
 C	-14.25217812 -20.69418410 3.40000000
 C	7.61261034 -20.69266888 3.40000000
 C	-30.99689813 -20.61543987 3.40000000
 C	-9.13195791 -20.61393023 3.40000000
 C	12.73281764 -20.61247095 3.40000000
 C	-20.75637375 -20.45501043 3.40000000
 C	1.10845669 -20.45353436 3.40000000
 C	-15.63607282 -20.37462792 3.40000000
 C	6.22882867 -20.37328608 3.40000000
 C	-27.26043377 -20.21569134 3.40000000
 C	-5.39565822 -20.21423205 3.40000000
 C	16.46928201 -20.21272241 3.40000000
 C	-22.14022647 -20.13549340 3.40000000
 C	-0.27545092 -20.13403411 3.40000000
 C	21.58948931 -20.13252448 3.40000000
 C	-11.89978604 -19.97498566 3.40000000
 C	9.96516709 -19.97342010 3.40000000
 C	-28.64434138 -19.89619109 3.40000000
 C	-6.77940116 -19.89468145 3.40000000
 C	15.08537439 -19.89322217 3.40000000
 C	-18.40392678 -19.73579521 3.40000000
 C	3.46101344 -19.73428558 3.40000000
 C	-13.28368074 -19.65542949 3.40000000
 C	8.58122075 -19.65408765 3.40000000
 C	-24.90804169 -19.49649291 3.40000000
 C	-3.04310147 -19.49498328 3.40000000
 C	18.82178386 -19.49349042 3.40000000
 C	-19.78766972 -19.41624462 3.40000000
 C	2.07710583 -19.41478533 3.40000000
 C	23.94204606 -19.41327570 3.40000000
 C	-9.54722929 -19.25573689 3.40000000
 C	12.31772384 -19.25417133 3.40000000
 C	-26.29194930 -19.17699266 3.40000000
 C	-4.42700908 -19.17548302 3.40000000
 C	17.43793114 -19.17397339 3.40000000
 C	-16.05137003 -19.01654644 3.40000000
 C	5.81351530 -19.01505359 3.40000000
 C	-10.93112399 -18.93618071 3.40000000
 C	10.93377749 -18.93483887 3.40000000
 C	-22.55548494 -18.77724413 3.40000000
 C	-0.69054472 -18.77573450 3.40000000
 C	21.17423083 -18.77427520 3.40000000
 C	-17.43527764 -18.69704619 3.40000000
 C	4.42966258 -18.69553655 3.40000000
 C	26.29443813 -18.69407727 3.40000000
 C	-29.05959986 -18.53794182 3.40000000
 C	-7.19472744 -18.53650489 3.40000000
 C	14.67011592 -18.53497289 3.40000000
 C	-23.93939255 -18.45774388 3.40000000
 C	-2.07445233 -18.45623424 3.40000000
 C	19.79048789 -18.45472461 3.40000000
 C	-13.69881328 -18.29729766 3.40000000
 C	8.16596227 -18.29583837 3.40000000
 C	-30.44354620 -18.21860936 3.40000000
 C	-8.57856724 -18.21693194 3.40000000
 C	13.28616957 -18.21564044 3.40000000
 C	-20.20298309 -18.05801213 3.40000000
 C	1.66184736 -18.05653607 3.40000000
 C	23.52678758 -18.05502642 3.40000000
 C	-15.08272089 -17.97779741 3.40000000
 C	6.78221933 -17.97628777 3.40000000
 C	28.64699488 -17.97482849 3.40000000
 C	-26.70704311 -17.81869304 3.40000000
 C	-4.84228047 -17.81728968 3.40000000
 C	17.02267267 -17.81572412 3.40000000
 C	-21.58683581 -17.73849511 3.40000000
 C	0.27793974 -17.73703581 3.40000000
 C	22.14287997 -17.73552618 3.40000000
 C	-11.34642121 -17.57809923 3.40000000
 C	10.51851902 -17.57658960 3.40000000
 C	-28.09098945 -17.49936059 3.40000000
 C	-6.22601049 -17.49768316 3.40000000
 C	15.63872632 -17.49639166 3.40000000
 C	-17.85053612 -17.33879692 3.40000000
 C	4.01440411 -17.33728729 3.40000000
 C	25.87934433 -17.33577765 3.40000000
 C	-12.73032882 -17.25859898 3.40000000
 C	9.13461140 -17.25708934 3.40000000
 C	30.99955163 -17.25557971 3.40000000
 C	-24.35465103 -17.09949461 3.40000000
 C	-2.48972372 -17.09804090 3.40000000
 C	19.37517453 -17.09649212 3.40000000
 C	-19.23427906 -17.01924633 3.40000000
 C	2.63049649 -17.01778703 3.40000000
 C	24.49543672 -17.01627740 3.40000000
 C	-8.99386446 -16.85885045 3.40000000
 C	12.87107577 -16.85734082 3.40000000
 C	-25.73859738 -16.78016215 3.40000000
 C	-3.87361842 -16.77848473 3.40000000
 C	17.99128307 -16.77714288 3.40000000
 C	-15.49797937 -16.61954814 3.40000000
 C	6.36690596 -16.61805529 3.40000000
 C	28.23173640 -16.61657921 3.40000000
 C	-10.37777207 -16.53935020 3.40000000
 C	11.48716815 -16.53784056 3.40000000
 C	33.35210838 -16.53633093 3.40000000
 C	-22.00209428 -16.38024583 3.40000000
 C	-0.13716697 -16.37879212 3.40000000
 C	21.72762149 -16.37727691 3.40000000
 C	-16.88188698 -16.30004790 3.40000000
 C	4.98305324 -16.29853826 3.40000000
 C	26.84782879 -16.29707897 3.40000000
 C	-28.50624793 -16.14111131 3.40000000
 C	-6.64136260 -16.13961845 3.40000000
 C	15.22346784 -16.13814238 3.40000000
 C	-23.38604063 -16.06091337 3.40000000
 C	-1.52106167 -16.05923595 3.40000000
 C	20.34383982 -16.05789410 3.40000000
 C	-13.14542262 -15.90029936 3.40000000
 C	8.71935293 -15.89884008 3.40000000
 C	30.58429315 -15.89733044 3.40000000
 C	-29.89015554 -15.82161106 3.40000000
 C	-8.02521532 -15.82010143 3.40000000
 C	13.83956023 -15.81864213 3.40000000
 C	35.70450045 -15.81713250 3.40000000
 C	-19.64959242 -15.66101384 3.40000000
 C	2.21522510 -15.65959369 3.40000000
 C	24.08017824 -15.65802813 3.40000000
 C	-14.52933023 -15.58079912 3.40000000
 C	7.33560999 -15.57928948 3.40000000
 C	29.20038554 -15.57783019 3.40000000
 C	-26.15369118 -15.42186253 3.40000000
 C	-4.28891563 -15.42040324 3.40000000
 C	17.57602459 -15.41889361 3.40000000
 C	-21.03348388 -15.34166460 3.40000000
 C	0.83133040 -15.34003752 3.40000000
 C	22.69623189 -15.33869567 3.40000000
 C	-10.79303055 -15.18110093 3.40000000
 C	11.07190968 -15.17959130 3.40000000
 C	32.93679501 -15.17809844 3.40000000
 C	-27.53759879 -15.10236228 3.40000000
 C	-5.67265857 -15.10085265 3.40000000
 C	16.19211698 -15.09939335 3.40000000
 C	-17.29714546 -14.94179862 3.40000000
 C	4.56778185 -14.94034491 3.40000000
 C	26.43273499 -14.93877935 3.40000000
 C	-12.17693816 -14.86160069 3.40000000
 C	9.68800207 -14.86009105 3.40000000
 C	31.55294229 -14.85858141 3.40000000
 C	-23.80129911 -14.70266410 3.40000000
 C	-1.93635888 -14.70115446 3.40000000
 C	19.92852645 -14.69966161 3.40000000
 C	-18.68092713 -14.62241582 3.40000000
 C	3.18388715 -14.62078874 3.40000000
 C	25.04878864 -14.61944689 3.40000000
 C	-8.44047380 -14.46185215 3.40000000
 C	13.42446643 -14.46034252 3.40000000
 C	35.28924198 -14.45888323 3.40000000
 C	-25.18520672 -14.38316385 3.40000000
 C	-3.32026649 -14.38165422 3.40000000
 C	18.54467373 -14.38014458 3.40000000
 C	-14.94458871 -14.22254984 3.40000000
 C	6.92028371 -14.22111291 3.40000000
 C	28.78512707 -14.21958092 3.40000000
 C	-9.82438141 -14.14235191 3.40000000
 C	12.04055882 -14.14084227 3.40000000
 C	33.90549904 -14.13933264 3.40000000
 C	-21.44874236 -13.98341532 3.40000000
 C	0.41619787 -13.98190568 3.40000000
 C	22.28097342 -13.98044640 3.40000000
 C	-16.32853506 -13.90321739 3.40000000
 C	5.53644390 -13.90153996 3.40000000
 C	27.40118072 -13.90024846 3.40000000
 C	-27.95285727 -13.74411301 3.40000000
 C	-6.08797194 -13.74262016 3.40000000
 C	15.77685850 -13.74114409 3.40000000
 C	37.64179873 -13.73963445 3.40000000
 C	-22.83264997 -13.66391507 3.40000000
 C	-0.96770975 -13.66240544 3.40000000
 C	20.89723048 -13.66089580 3.40000000
 C	-12.59203196 -13.50330106 3.40000000
 C	9.27273068 -13.50189770 3.40000000
 C	31.13768381 -13.50033214 3.40000000
 C	-29.33676488 -13.42461276 3.40000000
 C	-7.47182466 -13.42310313 3.40000000
 C	14.39295089 -13.42164384 3.40000000
 C	36.25789112 -13.42013420 3.40000000
 C	-19.09624050 -13.26418333 3.40000000
 C	2.76858994 -13.26270725 3.40000000
 C	24.63353017 -13.26119762 3.40000000
 C	-13.97597831 -13.18396861 3.40000000
 C	7.88900065 -13.18229118 3.40000000
 C	29.75373747 -13.18099968 3.40000000
 C	-25.60030052 -13.02486424 3.40000000
 C	-3.73552497 -13.02340494 3.40000000
 C	18.12941525 -13.02189531 3.40000000
 C	-20.48009322 -12.94466629 3.40000000
 C	1.38468233 -12.94320701 3.40000000
 C	23.24962255 -12.94169736 3.40000000
 C	-10.23963988 -12.78410263 3.40000000
 C	11.62528743 -12.78264892 3.40000000
 C	33.49018567 -12.78110014 3.40000000
 C	-26.98420813 -12.70536398 3.40000000
 C	-5.11926791 -12.70385435 3.40000000
 C	16.74550764 -12.70239506 3.40000000
 C	-16.74379353 -12.54496811 3.40000000
 C	5.12114669 -12.54345847 3.40000000
 C	26.98608692 -12.54194884 3.40000000
 C	-11.62358623 -12.46477018 3.40000000
 C	10.24139273 -12.46309275 3.40000000
 C	32.10629422 -12.46175090 3.40000000
 C	-23.24790844 -12.30566580 3.40000000
 C	-1.38296822 -12.30415616 3.40000000
 C	20.48191711 -12.30266331 3.40000000
 C	-18.12753647 -12.22541751 3.40000000
 C	3.73723908 -12.22395823 3.40000000
 C	25.60217930 -12.22244859 3.40000000
 C	-7.88708313 -12.06485385 3.40000000
 C	13.97784418 -12.06340014 3.40000000
 C	35.84263264 -12.06188493 3.40000000
 C	-24.63181606 -11.98616555 3.40000000
 C	-2.76687583 -11.98465592 3.40000000
 C	19.09806439 -11.98314628 3.40000000
 C	-14.39123678 -11.82571933 3.40000000
 C	7.47364855 -11.82422647 3.40000000
 C	29.33847899 -11.82275041 3.40000000
 C	-9.27102948 -11.74552140 3.40000000
 C	12.59394948 -11.74384397 3.40000000
 C	34.45885097 -11.74250213 3.40000000
 C	-20.89535169 -11.58641703 3.40000000
 C	0.96958853 -11.58490738 3.40000000
 C	22.83436408 -11.58344810 3.40000000
 C	-15.77514440 -11.50621908 3.40000000
 C	6.08979583 -11.50470945 3.40000000
 C	27.95457138 -11.50325015 3.40000000
 C	-27.39947952 -11.34717064 3.40000000
 C	-5.53458128 -11.34562186 3.40000000
 C	16.33023625 -11.34420171 3.40000000
 C	38.19518939 -11.34263615 3.40000000
 C	-22.27925931 -11.26691677 3.40000000
 C	-0.41431908 -11.26540714 3.40000000
 C	21.45062114 -11.26389750 3.40000000
 C	-12.03868003 -11.10647055 3.40000000
 C	9.82609551 -11.10501126 3.40000000
 C	31.69103574 -11.10350163 3.40000000
 C	-28.78337422 -11.02761446 3.40000000
 C	-6.91847273 -11.02627262 3.40000000
 C	14.94634155 -11.02464554 3.40000000
 C	36.81124304 -11.02330369 3.40000000
 C	-18.54284984 -10.86718503 3.40000000
 C	3.32198060 -10.86570895 3.40000000
 C	25.18692083 -10.86419932 3.40000000
 C	-13.42258765 -10.78697030 3.40000000
 C	8.44235258 -10.78546067 3.40000000
 C	30.30712813 -10.78400138 3.40000000
 C	-25.04692277 -10.62792186 3.40000000
 C	-3.18213431 -10.62640664 3.40000000
 C	18.68279300 -10.62495293 3.40000000
 C	-19.92670256 -10.54766799 3.40000000
 C	1.93807299 -10.54620871 3.40000000
 C	23.80301321 -10.54469907 3.40000000
 C	-9.68628796 -10.38727212 3.40000000
 C	12.17865226 -10.38576248 3.40000000
 C	34.04353760 -10.38426963 3.40000000
 C	-26.43081747 -10.30836569 3.40000000
 C	-4.56591598 -10.30702384 3.40000000
 C	17.29889830 -10.30539676 3.40000000
 C	-16.19040287 -10.14796981 3.40000000
 C	5.67453735 -10.14646017 3.40000000
 C	27.53947758 -10.14495054 3.40000000
 C	-11.07019557 -10.06777187 3.40000000
 C	10.79474465 -10.06626224 3.40000000
 C	32.65968488 -10.06475260 3.40000000
 C	-22.69453070 -9.90872343 3.40000000
 C	-0.82957756 -9.90715787 3.40000000
 C	21.03529486 -9.90572094 3.40000000
 C	-17.57414581 -9.82841922 3.40000000
 C	4.29062974 -9.82695993 3.40000000
 C	26.15556996 -9.82545029 3.40000000
 C	-7.33373121 -9.66802334 3.40000000
 C	14.53120901 -9.66651370 3.40000000
 C	36.39598456 -9.66505442 3.40000000
 C	-24.07842540 -9.58916725 3.40000000
 C	-2.21352391 -9.58782541 3.40000000
 C	19.65145505 -9.58614798 3.40000000
 C	-13.83784612 -9.42872104 3.40000000
 C	8.02703921 -9.42722818 3.40000000
 C	29.89186965 -9.42575211 3.40000000
 C	-8.71763882 -9.34852309 3.40000000
 C	13.14730140 -9.34701346 3.40000000
 C	35.01224163 -9.34550382 3.40000000
 C	-20.34197395 -9.18947465 3.40000000
 C	1.52297919 -9.18790909 3.40000000
 C	23.38774183 -9.18650572 3.40000000
 C	-15.22175373 -9.10922078 3.40000000
 C	6.64318649 -9.10771115 3.40000000
 C	28.50796204 -9.10625186 3.40000000
 C	-26.84611468 -8.95028420 3.40000000
 C	-4.98122935 -8.94879135 3.40000000
 C	16.88360109 -8.94731527 3.40000000
 C	38.74854131 -8.94580564 3.40000000
 C	-21.72586865 -8.86991848 3.40000000
 C	0.13903284 -8.86857663 3.40000000
 C	22.00401180 -8.86689920 3.40000000
 C	-11.48528937 -8.70947226 3.40000000
 C	10.37948618 -8.70801296 3.40000000
 C	32.24442640 -8.70650333 3.40000000
 C	-28.23002230 -8.63078395 3.40000000
 C	-6.36508207 -8.62927431 3.40000000
 C	15.49969348 -8.62781503 3.40000000
 C	37.36463370 -8.62630539 3.40000000
 C	-17.98947209 -8.47024265 3.40000000
 C	3.87537126 -8.46871066 3.40000000
 C	25.74029857 -8.46725694 3.40000000
 C	-12.86919699 -8.38997201 3.40000000
 C	8.99574324 -8.38846237 3.40000000
 C	30.86051879 -8.38700308 3.40000000
 C	-24.49355793 -8.23103542 3.40000000
 C	-2.62878238 -8.22957613 3.40000000
 C	19.23615784 -8.22806649 3.40000000
 C	-19.37331190 -8.15066970 3.40000000
 C	2.49142492 -8.14937820 3.40000000
 C	24.35640388 -8.14770077 3.40000000
 C	-9.13289730 -7.99027383 3.40000000
 C	12.73204293 -7.98876419 3.40000000
 C	34.59692826 -7.98727134 3.40000000
 C	-25.87746555 -7.91153518 3.40000000
 C	-4.01252532 -7.91002554 3.40000000
 C	17.85225023 -7.90856625 3.40000000
 C	-15.63702512 -7.75102744 3.40000000
 C	6.22792801 -7.74946188 3.40000000
 C	28.09285532 -7.74800817 3.40000000
 C	-10.51680491 -7.67077357 3.40000000
 C	11.34813531 -7.66926394 3.40000000
 C	33.21307554 -7.66775430 3.40000000
 C	-22.14116586 -7.51183699 3.40000000
 C	-0.27622563 -7.51032736 3.40000000
 C	21.58865970 -7.50883450 3.40000000
 C	-17.02075515 -7.43142092 3.40000000
 C	4.84398167 -7.43012942 3.40000000
 C	26.70896063 -7.42845199 3.40000000
 C	-6.78034055 -7.27102505 3.40000000
 C	15.08459968 -7.26951541 3.40000000
 C	36.94937523 -7.26805612 3.40000000
 C	-23.52507347 -7.19233674 3.40000000
 C	-1.66013325 -7.19082710 3.40000000
 C	20.20480698 -7.18931747 3.40000000
 C	-13.28446837 -7.03177866 3.40000000
 C	8.58042987 -7.03022988 3.40000000
 C	30.44524740 -7.02880973 3.40000000
 C	-8.16424816 -6.95152479 3.40000000
 C	13.70069206 -6.95001516 3.40000000
 C	35.56563229 -6.94850552 3.40000000
 C	-19.78860911 -6.79258821 3.40000000
 C	2.07633112 -6.79107858 3.40000000
 C	23.94110666 -6.78961928 3.40000000
 C	-14.66836307 -6.71222249 3.40000000
 C	7.19653842 -6.71088064 3.40000000
 C	29.06135270 -6.70925356 3.40000000
 C	-26.29272402 -6.55328590 3.40000000
 C	-4.42783869 -6.55179305 3.40000000
 C	17.43699175 -6.55031698 3.40000000
 C	39.30193198 -6.54880734 3.40000000
 C	-21.17251672 -6.47308797 3.40000000
 C	0.69242350 -6.47157832 3.40000000
 C	22.55736373 -6.47006869 3.40000000
 C	-10.93191162 -6.31252988 3.40000000
 C	10.93287684 -6.31101467 3.40000000
 C	32.79780415 -6.30956096 3.40000000
 C	-27.67663163 -6.23378566 3.40000000
 C	-5.81169141 -6.23227602 3.40000000
 C	16.05308414 -6.23081673 3.40000000
 C	37.91802436 -6.22930709 3.40000000
 C	-17.43610725 -6.07335621 3.40000000
 C	4.42872319 -6.07188015 3.40000000
 C	26.29366341 -6.07037051 3.40000000
 C	-12.31580632 -5.99297371 3.40000000
 C	9.54909517 -5.99163186 3.40000000
 C	31.41390945 -5.99000478 3.40000000
 C	-23.94016727 -5.83403712 3.40000000
 C	-2.07539172 -5.83257784 3.40000000
 C	19.78954850 -5.83106820 3.40000000
 C	-18.81995997 -5.75383919 3.40000000
 C	3.04481558 -5.75237989 3.40000000
 C	24.90975580 -5.75087026 3.40000000
 C	-8.57951955 -5.59333145 3.40000000
 C	13.28543359 -5.59176589 3.40000000
 C	35.15030601 -5.59032896 3.40000000
 C	-25.32407488 -5.51453688 3.40000000
 C	-3.45913466 -5.51302724 3.40000000
 C	18.40564089 -5.51156795 3.40000000
 C	-15.08366029 -5.35414100 3.40000000
 C	6.78127994 -5.35263137 3.40000000
 C	28.64622016 -5.35112173 3.40000000
 C	-9.96341425 -5.27377528 3.40000000
 C	11.90148724 -5.27243343 3.40000000
 C	33.76646620 -5.27075600 3.40000000
 C	-21.58777520 -5.11483869 3.40000000
 C	0.27716503 -5.11332906 3.40000000
 C	22.14205036 -5.11183620 3.40000000
 C	-16.46740322 -5.03459041 3.40000000
 C	5.39737232 -5.03313111 3.40000000
 C	27.26231255 -5.03162148 3.40000000
 C	-6.22696280 -4.87408267 3.40000000
 C	15.63799034 -4.87251711 3.40000000
 C	37.50275297 -4.87111375 3.40000000
 C	-22.97168281 -4.79533845 3.40000000
 C	-1.10674259 -4.79382881 3.40000000
 C	20.75819764 -4.79231918 3.40000000
 C	-12.73110354 -4.63489222 3.40000000
 C	9.13378180 -4.63339937 3.40000000
 C	30.99861224 -4.63192330 3.40000000
 C	-7.61085750 -4.55452650 3.40000000
 C	14.25404399 -4.55318465 3.40000000
 C	36.11902295 -4.55150723 3.40000000
 C	-19.23521845 -4.39558991 3.40000000
 C	2.62972178 -4.39408028 3.40000000
 C	24.49449732 -4.39262099 3.40000000
 C	-14.11501115 -4.31539198 3.40000000
 C	7.74992907 -4.31388234 3.40000000
 C	29.61470462 -4.31242305 3.40000000
 C	-25.73933336 -4.15628760 3.40000000
 C	-3.87446094 -4.15485067 3.40000000
 C	17.99038241 -4.15331868 3.40000000
 C	39.85530972 -4.15186497 3.40000000
 C	-20.61912606 -4.07608967 3.40000000
 C	1.24581416 -4.07458003 3.40000000
 C	23.11075439 -4.07307040 3.40000000
 C	-10.37854679 -3.91564344 3.40000000
 C	11.48622876 -3.91418416 3.40000000
 C	33.35116899 -3.91267452 3.40000000
 C	-27.12327971 -3.83695515 3.40000000
 C	-5.25830075 -3.83527772 3.40000000
 C	16.60643606 -3.83398622 3.40000000
 C	38.47141502 -3.83230879 3.40000000
 C	-16.88271659 -3.67635792 3.40000000
 C	4.98211385 -3.67488185 3.40000000
 C	26.84705407 -3.67337221 3.40000000
 C	-11.76245440 -3.59614320 3.40000000
 C	10.10248582 -3.59463356 3.40000000
 C	31.96726137 -3.59317427 3.40000000
 C	-23.38677661 -3.43703883 3.40000000
 C	-1.52201398 -3.43563546 3.40000000
 C	20.34293916 -3.43406990 3.40000000
 C	-18.26656931 -3.35684089 3.40000000
 C	3.59820624 -3.35538160 3.40000000
 C	25.46314646 -3.35387197 3.40000000
 C	-8.02615471 -3.19644501 3.40000000
 C	13.83878551 -3.19493538 3.40000000
 C	35.70367084 -3.19344252 3.40000000
 C	-24.77072296 -3.11770637 3.40000000
 C	-2.90574400 -3.11602894 3.40000000
 C	18.95899281 -3.11473744 3.40000000
 C	-14.53026962 -2.95714270 3.40000000
 C	7.33467060 -2.95563307 3.40000000
 C	29.19961082 -2.95412343 3.40000000
 C	-9.41006232 -2.87694477 3.40000000
 C	12.45487790 -2.87543513 3.40000000
 C	34.31981812 -2.87392550 3.40000000
 C	-21.03438454 -2.71784039 3.40000000
 C	0.83054277 -2.71638668 3.40000000
 C	22.69544102 -2.71483790 3.40000000
 C	-15.91401256 -2.63759211 3.40000000
 C	5.95076299 -2.63613282 3.40000000
 C	27.81570321 -2.63462319 3.40000000
 C	-5.67359796 -2.47719623 3.40000000
 C	16.19134226 -2.47568660 3.40000000
 C	38.05611781 -2.47422731 3.40000000
 C	-22.41833088 -2.39850794 3.40000000
 C	-0.55335193 -2.39683051 3.40000000
 C	21.31154956 -2.39548867 3.40000000
 C	-12.17771287 -2.23789392 3.40000000
 C	9.68717246 -2.23640107 3.40000000
 C	31.55200290 -2.23492500 3.40000000
 C	-7.05750557 -2.15769599 3.40000000
 C	14.80743465 -2.15618635 3.40000000
 C	36.67237487 -2.15467672 3.40000000
 C	-18.68182779 -1.99859162 3.40000000
 C	3.18309952 -1.99713790 3.40000000
 C	25.04788799 -1.99562269 3.40000000
 C	-13.56162049 -1.91839368 3.40000000
 C	8.30331974 -1.91688404 3.40000000
 C	30.16809529 -1.91542475 3.40000000
 C	-25.18598144 -1.75945709 3.40000000
 C	-3.32109610 -1.75796424 3.40000000
 C	18.54373434 -1.75648817 3.40000000
 C	40.40867456 -1.75497853 3.40000000
 C	-20.06577413 -1.67925916 3.40000000
 C	1.79920482 -1.67758173 3.40000000
 C	23.66410631 -1.67623989 3.40000000
 C	-9.82515612 -1.51864515 3.40000000
 C	12.03961943 -1.51718586 3.40000000
 C	33.90455965 -1.51567622 3.40000000
 C	-26.56988905 -1.43995684 3.40000000
 C	-4.70494882 -1.43844721 3.40000000
 C	17.15982672 -1.43698792 3.40000000
 C	39.02476695 -1.43547828 3.40000000
 C	-16.32932593 -1.27935962 3.40000000
 C	5.53549160 -1.27793947 3.40000000
 C	27.40044474 -1.27637391 3.40000000
 C	-11.20906374 -1.19914490 3.40000000
 C	10.65587649 -1.19763526 3.40000000
 C	32.52065204 -1.19617598 3.40000000
 C	-22.83342469 -1.04020832 3.40000000
 C	-0.96864914 -1.03874902 3.40000000
 C	20.89629109 -1.03723939 3.40000000
 C	-17.71321738 -0.96001038 3.40000000
 C	4.15159690 -0.95838330 3.40000000
 C	26.01649839 -0.95704146 3.40000000
 C	-7.47276405 -0.79944671 3.40000000
 C	14.39217618 -0.79793708 3.40000000
 C	36.25706151 -0.79644422 3.40000000
 C	-24.21733230 -0.72070806 3.40000000
 C	-2.35239207 -0.71919843 3.40000000
 C	19.51238347 -0.71773914 3.40000000
 C	-13.97687896 -0.56014441 3.40000000
 C	7.88804835 -0.55869069 3.40000000
 C	29.75300149 -0.55712513 3.40000000
 C	-8.85667166 -0.47994647 3.40000000
 C	13.00826856 -0.47843683 3.40000000
 C	34.87320879 -0.47692720 3.40000000
 C	-20.48103261 -0.32100988 3.40000000
 C	1.38390761 -0.31950024 3.40000000
 C	23.24879295 -0.31800739 3.40000000
 C	-15.36066063 -0.24076160 3.40000000
 C	6.50415365 -0.23913452 3.40000000
 C	28.36905514 -0.23779268 3.40000000
 C	-5.12020730 -0.08019794 3.40000000
 C	16.74473293 -0.07868830 3.40000000
 C	38.60950847 -0.07722901 3.40000000
 C	-21.86494023 -0.00150963 3.40000000
 C	0.00000000 0.00000000 3.40000000
 C	21.86494022 0.00150964 3.40000000
 C	-11.62432221 0.15910437 3.40000000
 C	10.24055021 0.16054130 3.40000000
 C	32.10539356 0.16207330 3.40000000
 C	-6.50411491 0.23930231 3.40000000
 C	15.36082531 0.24081195 3.40000000
 C	37.22576554 0.24232158 3.40000000
 C	-18.12847586 0.39823889 3.40000000
 C	3.73646436 0.39974853 3.40000000
 C	25.60123991 0.40120782 3.40000000
 C	-13.00826856 0.47843683 3.40000000
 C	8.85671040 0.48011426 3.40000000
 C	30.72144721 0.48140575 3.40000000
 C	-24.63259077 0.63754120 3.40000000
 C	-2.76770544 0.63903406 3.40000000
 C	19.09712500 0.64051013 3.40000000
 C	40.96206522 0.64201977 3.40000000
 C	-19.51238348 0.71773915 3.40000000
 C	2.35255675 0.71924878 3.40000000
 C	24.21749697 0.72075842 3.40000000
 C	-9.27176546 0.87835315 3.40000000
 C	12.59299717 0.87975652 3.40000000
 C	34.45795031 0.88132208 3.40000000
 C	-26.01649839 0.95704146 3.40000000
 C	-4.15155816 0.95855109 3.40000000
 C	17.71321738 0.96001038 3.40000000
 C	39.57815761 0.96152001 3.40000000
 C	-15.77597400 1.11747089 3.40000000
 C	6.08885644 1.11894697 3.40000000
 C	27.95379666 1.12045660 3.40000000
 C	-10.65571181 1.19768561 3.40000000
 C	11.20926715 1.19936304 3.40000000
 C	33.07400396 1.20065453 3.40000000
 C	-22.28003402 1.35678998 3.40000000
 C	-0.41525848 1.35824927 3.40000000
 C	21.44968175 1.35975891 3.40000000
 C	-17.15982673 1.43698793 3.40000000
 C	4.70494882 1.43844721 3.40000000
 C	26.56988905 1.43995685 3.40000000
 C	-6.91937339 1.59755158 3.40000000
 C	14.94555392 1.59900529 3.40000000
 C	36.81045217 1.60055407 3.40000000
 C	-23.66394164 1.67629023 3.40000000
 C	-1.79900141 1.67779986 3.40000000
 C	20.06577413 1.67925916 3.40000000
 C	-13.42352704 1.83668610 3.40000000
 C	8.44141319 1.83819575 3.40000000
 C	30.30635341 1.83970538 3.40000000
 C	-8.30331974 1.91688404 3.40000000
 C	13.56165922 1.91856147 3.40000000
 C	35.42656071 1.91990331 3.40000000
 C	-19.92764195 2.07598841 3.40000000
 C	1.93729827 2.07749805 3.40000000
 C	23.80218361 2.07899090 3.40000000
 C	-14.80726998 2.15623670 3.40000000
 C	7.05750557 2.15769599 3.40000000
 C	28.92244580 2.15920563 3.40000000
 C	-4.56681664 2.31680036 3.40000000
 C	17.29811067 2.31825407 3.40000000
 C	39.16289913 2.31976929 3.40000000
 C	-21.31154956 2.39548867 3.40000000
 C	0.55339066 2.39699830 3.40000000
 C	22.41833088 2.39850794 3.40000000
 C	-11.07097029 2.55593488 3.40000000
 C	10.79391504 2.55742774 3.40000000
 C	32.65874549 2.55890381 3.40000000
 C	-5.95076299 2.63613282 3.40000000
 C	15.91421597 2.63781025 3.40000000
 C	37.77911746 2.63915209 3.40000000
 C	-17.57508520 2.79523719 3.40000000
 C	4.28985502 2.79674683 3.40000000
 C	26.15463057 2.79820612 3.40000000
 C	-12.45487790 2.87543514 3.40000000
 C	9.41006232 2.87694477 3.40000000
 C	31.27483787 2.87840406 3.40000000
 C	-24.07921303 3.03448358 3.40000000
 C	-2.21431478 3.03603236 3.40000000
 C	19.65050275 3.03745250 3.40000000
 C	41.51545588 3.03901807 3.40000000
 C	-18.95899281 3.11473744 3.40000000
 C	2.90594741 3.11624708 3.40000000
 C	24.77088763 3.11775672 3.40000000
 C	-8.71841354 3.27518366 3.40000000
 C	13.14636201 3.27664296 3.40000000
 C	35.01130224 3.27815259 3.40000000
 C	-25.46310773 3.35403975 3.40000000
 C	-3.59820624 3.35538160 3.40000000
 C	18.26660805 3.35700868 3.40000000
 C	40.13150954 3.35835052 3.40000000
 C	-15.22258334 3.51446919 3.40000000
 C	6.64224710 3.51594526 3.40000000
 C	28.50718732 3.51745489 3.40000000
 C	-10.10232115 3.59468391 3.40000000
 C	11.76261907 3.59619355 3.40000000
 C	33.62739462 3.59765284 3.40000000
 C	-21.72665628 3.75373236 3.40000000
 C	0.13813219 3.75524757 3.40000000
 C	22.00305950 3.75670128 3.40000000
 C	-16.60643606 3.83398622 3.40000000
 C	5.25833949 3.83544551 3.40000000
 C	27.12327971 3.83695515 3.40000000
 C	-6.36602146 3.99438209 3.40000000
 C	15.49891876 3.99589173 3.40000000
 C	37.36380409 3.99738458 3.40000000
 C	-23.11055098 4.07328853 3.40000000
 C	-1.24564949 4.07463037 3.40000000
 C	20.61916480 4.07625746 3.40000000
 C	-12.87013638 4.23368440 3.40000000
 C	8.99480385 4.23519404 3.40000000
 C	30.85974407 4.23670367 3.40000000
 C	-7.74992908 4.31388235 3.40000000
 C	14.11501115 4.31539198 3.40000000
 C	35.97995137 4.31690162 3.40000000
 C	-19.37426420 4.47293079 3.40000000
 C	2.49068894 4.47449635 3.40000000
 C	24.35556135 4.47593328 3.40000000
 C	-14.25387931 4.55323500 3.40000000
 C	7.61089624 4.55469429 3.40000000
 C	29.47583646 4.55620393 3.40000000
 C	-4.01346471 4.71363087 3.40000000
 C	17.85147551 4.71514051 3.40000000
 C	39.71625106 4.71659980 3.40000000
 C	-20.75815890 4.79248696 3.40000000
 C	1.10674259 4.79382881 3.40000000
 C	22.97172155 4.79550623 3.40000000
 C	-10.51757963 4.95293318 3.40000000
 C	11.34730571 4.95442604 3.40000000
 C	33.21213615 4.95590210 3.40000000
 C	-5.39737233 5.03313112 3.40000000
 C	16.46756790 5.03464076 3.40000000
 C	38.33250812 5.03615040 3.40000000
 C	-17.02170745 5.19217957 3.40000000
 C	4.84324569 5.19374513 3.40000000
 C	26.70800832 5.19514849 3.40000000
 C	-11.90148724 5.27243343 3.40000000
 C	9.96345299 5.27394306 3.40000000
 C	31.82822853 5.27540236 3.40000000
 C	-23.52584819 5.43137002 3.40000000
 C	-1.66096286 5.43286287 3.40000000
 C	20.20386758 5.43433894 3.40000000
 C	42.06880781 5.43584857 3.40000000
 C	-18.40560215 5.51173574 3.40000000
 C	3.45929934 5.51307758 3.40000000
 C	25.32427830 5.51475501 3.40000000
 C	-8.16502288 5.67218196 3.40000000
 C	13.69975267 5.67364125 3.40000000
 C	35.56469290 5.67515088 3.40000000
 C	-24.90975580 5.75087026 3.40000000
 C	-3.04481558 5.75237990 3.40000000
 C	18.81995997 5.75383919 3.40000000
 C	40.68490019 5.75534883 3.40000000
 C	-14.66920559 5.91141156 3.40000000
 C	7.19563776 5.91294356 3.40000000
 C	29.06056507 5.91439727 3.40000000
 C	-9.54893049 5.99168221 3.40000000
 C	12.31600974 5.99319184 3.40000000
 C	34.18078528 5.99465114 3.40000000
 C	-21.17329144 6.15061880 3.40000000
 C	0.69148411 6.15207808 3.40000000
 C	22.55642433 6.15358772 3.40000000
 C	-16.05304540 6.23098452 3.40000000
 C	5.81169141 6.23227602 3.40000000
 C	27.67667037 6.23395344 3.40000000
 C	-5.81263080 6.39138039 3.40000000
 C	16.05230942 6.39289003 3.40000000
 C	37.91719475 6.39438288 3.40000000
 C	-22.55719905 6.47011904 3.40000000
 C	-0.69225883 6.47162868 3.40000000
 C	21.17251672 6.47308797 3.40000000
 C	-12.31675863 6.63062678 3.40000000
 C	9.54819451 6.63219234 3.40000000
 C	31.41312182 6.63364605 3.40000000
 C	-7.19653842 6.71088064 3.40000000
 C	14.66840181 6.71239027 3.40000000
 C	36.53334203 6.71389991 3.40000000
 C	-18.82089936 6.86981723 3.40000000
 C	3.04404086 6.87132686 3.40000000
 C	24.90892619 6.87281972 3.40000000
 C	-13.70048865 6.95023330 3.40000000
 C	8.16424816 6.95152479 3.40000000
 C	30.02922712 6.95320222 3.40000000
 C	-3.46007405 7.11062917 3.40000000
 C	18.40486617 7.11213881 3.40000000
 C	40.26964172 7.11359809 3.40000000
 C	-20.20480698 7.18931747 3.40000000
 C	1.66013325 7.19082711 3.40000000
 C	23.52507347 7.19233674 3.40000000
 C	-9.96420188 7.34987556 3.40000000
 C	11.90069637 7.35142433 3.40000000
 C	33.76551389 7.35284448 3.40000000
 C	-4.84398167 7.43012942 3.40000000
 C	17.02095856 7.43163905 3.40000000
 C	38.88589878 7.43314869 3.40000000
 C	-16.46834262 7.58906601 3.40000000
 C	5.39659761 7.59057564 3.40000000
 C	27.26137316 7.59203493 3.40000000
 C	-11.34809658 7.66943173 3.40000000
 C	10.51680491 7.67077357 3.40000000
 C	32.38161919 7.67240065 3.40000000
 C	-22.97245753 7.82836832 3.40000000
 C	-1.10757219 7.82986116 3.40000000
 C	20.75725825 7.83133724 3.40000000
 C	42.62219847 7.83284687 3.40000000
 C	-17.85225023 7.90856625 3.40000000
 C	4.01269000 7.91007589 3.40000000
 C	25.87763022 7.91158552 3.40000000
 C	-7.61164513 8.06912433 3.40000000
 C	14.25314333 8.07063955 3.40000000
 C	36.11807064 8.07209326 3.40000000
 C	-24.35636514 8.14786856 3.40000000
 C	-2.49142492 8.14937820 3.40000000
 C	19.37335063 8.15083748 3.40000000
 C	41.23829086 8.15234712 3.40000000
 C	-14.11584076 8.30829800 3.40000000
 C	7.74898968 8.30977407 3.40000000
 C	29.61392991 8.31128371 3.40000000
 C	-8.99553983 8.38868051 3.40000000
 C	12.86936166 8.39002235 3.40000000
 C	34.73417594 8.39164943 3.40000000
 C	-20.61990078 8.54761709 3.40000000
 C	1.24487477 8.54907638 3.40000000
 C	23.10981500 8.55058602 3.40000000
 C	-15.49969348 8.62781503 3.40000000
 C	6.36508207 8.62927432 3.40000000
 C	28.23002230 8.63078395 3.40000000
 C	-5.25925305 8.78832277 3.40000000
 C	16.60570008 8.78988833 3.40000000
 C	38.47057250 8.79132526 3.40000000
 C	-22.00380839 8.86711734 3.40000000
 C	-0.13886817 8.86862698 3.40000000
 C	21.72590738 8.87008626 3.40000000
 C	-11.76339379 9.02751322 3.40000000
 C	10.10154643 9.02902285 3.40000000
 C	31.96648666 9.03053249 3.40000000
 C	-6.64314775 9.10787894 3.40000000
 C	15.22175373 9.10922078 3.40000000
 C	37.08673269 9.11089821 3.40000000
 C	-18.26750870 9.26681553 3.40000000
 C	3.59743152 9.26832516 3.40000000
 C	25.46231685 9.26981801 3.40000000
 C	-13.14713673 9.34706381 3.40000000
 C	8.71763882 9.34852310 3.40000000
 C	30.58257905 9.35003273 3.40000000
 C	-2.90669630 9.50757155 3.40000000
 C	18.95825683 9.50913711 3.40000000
 C	40.82301947 9.51054047 3.40000000
 C	-19.65141631 9.58631577 3.40000000
 C	2.21352391 9.58782541 3.40000000
 C	24.07846413 9.58933504 3.40000000
 C	-9.41083704 9.74676200 3.40000000
 C	12.45404829 9.74825484 3.40000000
 C	34.31887873 9.74973092 3.40000000
 C	-4.29059100 9.82712772 3.40000000
 C	17.57431048 9.82846956 3.40000000
 C	39.43928944 9.83014699 3.40000000
 C	-15.91495195 9.98606430 3.40000000
 C	5.94998827 9.98757393 3.40000000
 C	27.81476382 9.98903323 3.40000000
 C	-10.79474465 10.06626224 3.40000000
 C	11.07019557 10.06777188 3.40000000
 C	32.93497112 10.06923116 3.40000000
 C	-22.41906687 10.22536661 3.40000000
 C	-0.55419445 10.22680354 3.40000000
 C	21.31064891 10.22833554 3.40000000
 C	43.17557622 10.22978925 3.40000000
 C	-17.29885957 10.30556455 3.40000000
 C	4.56608066 10.30707419 3.40000000
 C	26.43102088 10.30858382 3.40000000
 C	-7.05828029 10.46601077 3.40000000
 C	14.80649526 10.46747006 3.40000000
 C	36.67143548 10.46897970 3.40000000
 C	-23.80301321 10.54469907 3.40000000
 C	-1.93803425 10.54637650 3.40000000
 C	19.92670256 10.54766799 3.40000000
 C	41.79168152 10.54934542 3.40000000
 C	-13.56245010 10.70529630 3.40000000
 C	8.30238035 10.70677237 3.40000000
 C	30.16732057 10.70828201 3.40000000
 C	-8.44218790 10.78551102 3.40000000
 C	13.42275232 10.78702066 3.40000000
 C	35.28752787 10.78847994 3.40000000
 C	-20.06651012 10.94461539 3.40000000
 C	1.79825252 10.94601876 3.40000000
 C	23.66320566 10.94758432 3.40000000
 C	-14.94630282 11.02481333 3.40000000
 C	6.91847273 11.02627262 3.40000000
 C	28.78341296 11.02778225 3.40000000
 C	-4.70588822 11.18520921 3.40000000
 C	17.15905201 11.18671884 3.40000000
 C	39.02393734 11.18821170 3.40000000
 C	-21.45045646 11.26394785 3.40000000
 C	0.41452250 11.26562527 3.40000000
 C	22.27925931 11.26691677 3.40000000
 C	-11.21000313 11.42451151 3.40000000
 C	10.65493710 11.42602114 3.40000000
 C	32.51987732 11.42753079 3.40000000
 C	-6.08979583 11.50470945 3.40000000
 C	15.77514439 11.50621909 3.40000000
 C	37.64008462 11.50772872 3.40000000
 C	-17.71411804 11.66381382 3.40000000
 C	4.15080927 11.66526753 3.40000000
 C	26.01570751 11.66681631 3.40000000
 C	-12.59374607 11.74406210 3.40000000
 C	9.27102948 11.74552140 3.40000000
 C	31.13596971 11.74703103 3.40000000
 C	-2.35333147 11.90445798 3.40000000
 C	19.51160876 11.90596761 3.40000000
 C	41.37638431 11.90742691 3.40000000
 C	-19.09806439 11.98314628 3.40000000
 C	2.76691457 11.98482371 3.40000000
 C	24.63181606 11.98616555 3.40000000
 C	-8.85744638 12.14376029 3.40000000
 C	13.00743895 12.14525314 3.40000000
 C	34.87226939 12.14672922 3.40000000
 C	-3.73723908 12.22395823 3.40000000
 C	18.12770114 12.22546787 3.40000000
 C	39.99264137 12.22697750 3.40000000
 C	-15.36156129 12.38306260 3.40000000
 C	6.50336602 12.38451631 3.40000000
 C	28.36815448 12.38603153 3.40000000
 C	-10.24135399 12.46326054 3.40000000
 C	11.62358623 12.46477018 3.40000000
 C	33.48836178 12.46622946 3.40000000
 C	-21.86571494 12.62219712 3.40000000
 C	-0.00082961 12.62368998 3.40000000
 C	21.86400083 12.62516605 3.40000000
 C	43.72894106 12.62667569 3.40000000
 C	-16.74550764 12.70239506 3.40000000
 C	5.11947132 12.70407248 3.40000000
 C	26.98437281 12.70541433 3.40000000
 C	-6.50488963 12.86300907 3.40000000
 C	15.35988592 12.86446836 3.40000000
 C	37.22482614 12.86597800 3.40000000
 C	-23.24962255 12.94169737 3.40000000
 C	-1.38468233 12.94320701 3.40000000
 C	20.48009322 12.94466630 3.40000000
 C	42.34503344 12.94617593 3.40000000
 C	-13.00905943 13.10229460 3.40000000
 C	8.85575809 13.10371474 3.40000000
 C	30.72071123 13.10528030 3.40000000
 C	-7.88879724 13.18250931 3.40000000
 C	13.97614298 13.18401895 3.40000000
 C	35.84091853 13.18547824 3.40000000
 C	-19.51315819 13.34144590 3.40000000
 C	2.35161736 13.34290519 3.40000000
 C	24.21655758 13.34441483 3.40000000
 C	-14.39295089 13.42164384 3.40000000
 C	7.47186339 13.42327092 3.40000000
 C	29.33676488 13.42461276 3.40000000
 C	-4.15249756 13.58220750 3.40000000
 C	17.71244267 13.58371713 3.40000000
 C	39.57732800 13.58520999 3.40000000
 C	-20.89706580 13.66094615 3.40000000
 C	0.96787442 13.66245578 3.40000000
 C	22.83264997 13.66391508 3.40000000
 C	-10.65661247 13.82150981 3.40000000
 C	11.20831484 13.82296352 3.40000000
 C	33.07326798 13.82452908 3.40000000
 C	-5.53640517 13.90170775 3.40000000
 C	16.32853506 13.90321739 3.40000000
 C	38.19347528 13.90472702 3.40000000
 C	-17.16076612 14.06064433 3.40000000
 C	4.70417411 14.06215397 3.40000000
 C	26.56905944 14.06364682 3.40000000
 C	-12.04039414 14.14089261 3.40000000
 C	9.82442014 14.14251969 3.40000000
 C	31.68932163 14.14386154 3.40000000
 C	-1.79994081 14.30145628 3.40000000
 C	20.06499942 14.30296591 3.40000000
 C	41.92977497 14.30442521 3.40000000
 C	-18.54467373 14.38014458 3.40000000
 C	3.32026649 14.38165422 3.40000000
 C	25.18520672 14.38316386 3.40000000
 C	-8.30405572 14.54075859 3.40000000
 C	13.56081670 14.54219552 3.40000000
 C	35.42566005 14.54372751 3.40000000
 C	-3.18384842 14.62095652 3.40000000
 C	18.68109181 14.62246616 3.40000000
 C	40.54603203 14.62397580 3.40000000
 C	-14.80820937 14.77989311 3.40000000
 C	7.05673086 14.78140275 3.40000000
 C	28.92150641 14.78286204 3.40000000
 C	-9.68800207 14.86009105 3.40000000
 C	12.17697689 14.86176847 3.40000000
 C	34.04171371 14.86305997 3.40000000
 C	-21.31232428 15.01919542 3.40000000
 C	0.55256105 15.02068828 3.40000000
 C	22.41739149 15.02216434 3.40000000
 C	44.28233172 15.02367398 3.40000000
 C	-16.19211698 15.09939336 3.40000000
 C	5.67282324 15.10090299 3.40000000
 C	27.53776347 15.10241263 3.40000000
 C	-5.95149897 15.26000737 3.40000000
 C	15.91326367 15.26141073 3.40000000
 C	37.77821680 15.26297629 3.40000000
 C	-22.69623189 15.33869567 3.40000000
 C	-0.83129167 15.34020530 3.40000000
 C	21.03348388 15.34166460 3.40000000
 C	42.89842411 15.34317423 3.40000000
 C	-12.45570751 15.49912511 3.40000000
 C	9.40912293 15.50060118 3.40000000
 C	31.27406316 15.50211081 3.40000000
 C	-7.33544532 15.57933982 3.40000000
 C	14.52953364 15.58101725 3.40000000
 C	36.39427046 15.58230875 3.40000000
 C	-18.95976753 15.73844420 3.40000000
 C	2.90500802 15.73990349 3.40000000
 C	24.76994824 15.74141312 3.40000000
 C	-13.83956023 15.81864214 3.40000000
 C	8.02521532 15.82010143 3.40000000
 C	29.89015554 15.82161107 3.40000000
 C	-3.59910689 15.97920580 3.40000000
 C	18.26582042 15.98065951 3.40000000
 C	40.13071866 15.98220829 3.40000000
 C	-20.34367514 16.05794445 3.40000000
 C	1.52126508 16.05945408 3.40000000
 C	23.38604063 16.06091337 3.40000000
 C	-10.10326054 16.21834032 3.40000000
 C	11.76167968 16.21984996 3.40000000
 C	33.62661991 16.22135959 3.40000000
 C	-4.98305324 16.29853826 3.40000000
 C	16.88192572 16.30021568 3.40000000
 C	38.74682721 16.30155753 3.40000000
 C	-16.60737545 16.45764263 3.40000000
 C	5.25756477 16.45915227 3.40000000
 C	27.12245010 16.46064512 3.40000000
 C	-11.48700348 16.53789092 3.40000000
 C	10.37777207 16.53935020 3.40000000
 C	32.24271229 16.54085985 3.40000000
 C	-1.24655014 16.69845458 3.40000000
 C	20.61837717 16.69990829 3.40000000
 C	42.48316563 16.70142350 3.40000000
 C	-17.99128307 16.77714288 3.40000000
 C	3.87365716 16.77865251 3.40000000
 C	25.73859738 16.78016215 3.40000000
 C	-7.75070379 16.93758910 3.40000000
 C	14.11418154 16.93908196 3.40000000
 C	35.97901198 16.94055802 3.40000000
 C	-2.63049649 17.01778703 3.40000000
 C	19.23448247 17.01946446 3.40000000
 C	41.09938396 17.02080631 3.40000000
 C	-14.25481870 17.17689141 3.40000000
 C	7.61012152 17.17840105 3.40000000
 C	29.47489707 17.17986033 3.40000000
 C	-9.13461141 17.25708935 3.40000000
 C	12.73032882 17.25859898 3.40000000
 C	34.59510437 17.26005828 3.40000000
 C	-20.75894653 17.41613780 3.40000000
 C	1.10595171 17.41768657 3.40000000
 C	22.97076924 17.41910672 3.40000000
 C	44.83572238 17.42067228 3.40000000
 C	-15.63872632 17.49639166 3.40000000
 C	6.22621391 17.49790129 3.40000000
 C	28.09115413 17.49941093 3.40000000
 C	-5.39814704 17.65683788 3.40000000
 C	16.46662850 17.65829717 3.40000000
 C	38.33156873 17.65980680 3.40000000
 C	-22.14284123 17.73569397 3.40000000
 C	-0.27793974 17.73703581 3.40000000
 C	21.58687454 17.73866289 3.40000000
 C	43.45177603 17.74000474 3.40000000
 C	-11.90231685 17.89612340 3.40000000
 C	9.96251359 17.89759948 3.40000000
 C	31.82745382 17.89910911 3.40000000
 C	-6.78205466 17.97633813 3.40000000
 C	15.08288557 17.97784776 3.40000000
 C	36.94766112 17.97930706 3.40000000
 C	-18.40638978 18.13538657 3.40000000
 C	3.45839868 18.13690179 3.40000000
 C	25.32332599 18.13835550 3.40000000
 C	-13.28616957 18.21564044 3.40000000
 C	8.57860598 18.21709972 3.40000000
 C	30.44354620 18.21860936 3.40000000
 C	-3.04575497 18.37603631 3.40000000
 C	18.81918525 18.37754595 3.40000000
 C	40.68407059 18.37903880 3.40000000
 C	-19.79028448 18.45494275 3.40000000
 C	2.07461701 18.45628459 3.40000000
 C	23.93943129 18.45791167 3.40000000
 C	-9.54986988 18.61533862 3.40000000
 C	12.31507034 18.61684826 3.40000000
 C	34.18001057 18.61835789 3.40000000
 C	-4.42966258 18.69553656 3.40000000
 C	17.43527764 18.69704619 3.40000000
 C	39.30021787 18.69855583 3.40000000
 C	-16.05399771 18.85458501 3.40000000
 C	5.81095543 18.85615057 3.40000000
 C	27.67582785 18.85758750 3.40000000
 C	-10.93361282 18.93488922 3.40000000
 C	10.93116273 18.93634850 3.40000000
 C	32.79610295 18.93785814 3.40000000
 C	-0.69319822 19.09528509 3.40000000
 C	21.17174200 19.09679473 3.40000000
 C	43.03651755 19.09825401 3.40000000
 C	-17.43789241 19.17414118 3.40000000
 C	4.42700908 19.17548302 3.40000000
 C	26.29198804 19.17716045 3.40000000
 C	-7.19731313 19.33458740 3.40000000
 C	14.66757220 19.33608025 3.40000000
 C	36.53240264 19.33755632 3.40000000
 C	-2.07710583 19.41478534 3.40000000
 C	19.78783439 19.41629497 3.40000000
 C	41.65277462 19.41780461 3.40000000
 C	-13.70144096 19.57383378 3.40000000
 C	8.16351218 19.57539934 3.40000000
 C	30.02827481 19.57680271 3.40000000
 C	-8.58122075 19.65408765 3.40000000
 C	13.28371948 19.65559728 3.40000000
 C	35.14849503 19.65705657 3.40000000
 C	-20.20558169 19.81302423 3.40000000
 C	1.65930364 19.81451708 3.40000000
 C	23.52413408 19.81599316 3.40000000
 C	45.38907430 19.81750279 3.40000000
 C	-15.08533566 19.89338996 3.40000000
 C	6.77956583 19.89473180 3.40000000
 C	28.64454479 19.89640923 3.40000000
 C	-4.84475638 20.05383617 3.40000000
 C	17.02001917 20.05529547 3.40000000
 C	38.88495939 20.05680510 3.40000000
 C	-21.58948931 20.13252448 3.40000000
 C	0.27545092 20.13403412 3.40000000
 C	22.14022647 20.13549340 3.40000000
 C	44.00516669 20.13700304 3.40000000
 C	-11.34893910 20.29306578 3.40000000
 C	10.51590425 20.29459778 3.40000000
 C	32.38083156 20.29605149 3.40000000
 C	-6.22866400 20.37333643 3.40000000
 C	15.63627623 20.37484606 3.40000000
 C	37.50105178 20.37630535 3.40000000
 C	-17.85302494 20.53227301 3.40000000
 C	4.01175061 20.53373230 3.40000000
 C	25.87669083 20.53524194 3.40000000
 C	-12.73277891 20.61263873 3.40000000
 C	9.13195791 20.61393023 3.40000000
 C	30.99693687 20.61560766 3.40000000
 C	-2.49236431 20.77303461 3.40000000
 C	19.37257592 20.77454425 3.40000000
 C	41.23746125 20.77603710 3.40000000
 C	-19.23693256 20.85177326 3.40000000
 C	2.62800767 20.85328290 3.40000000
 C	24.49278322 20.85474218 3.40000000
 C	-8.99649213 21.01228099 3.40000000
 C	12.86846100 21.01384655 3.40000000
 C	34.73338831 21.01530027 3.40000000
 C	-3.87627192 21.09253486 3.40000000
 C	17.98866830 21.09404449 3.40000000
 C	39.85360853 21.09555413 3.40000000
 C	-15.50063287 21.25147144 3.40000000
 C	6.36430736 21.25298108 3.40000000
 C	28.22919269 21.25447393 3.40000000
 C	-10.38022216 21.33188751 3.40000000
 C	11.48451466 21.33317901 3.40000000
 C	33.34949362 21.33485644 3.40000000
 C	-0.13980756 21.49228338 3.40000000
 C	21.72513267 21.49379302 3.40000000
 C	43.58990822 21.49525231 3.40000000
 C	-16.88454048 21.57097169 3.40000000
 C	4.98039974 21.57248133 3.40000000
 C	26.84533997 21.57399096 3.40000000
 C	-6.64393538 21.73152977 3.40000000
 C	15.22096286 21.73307855 3.40000000
 C	37.08578039 21.73449870 3.40000000
 C	-1.52371517 21.81178364 3.40000000
 C	20.34122505 21.81329327 3.40000000
 C	42.20616528 21.81480291 3.40000000
 C	-13.14807612 21.97072022 3.40000000
 C	8.71686411 21.97222985 3.40000000
 C	30.58163965 21.97368915 3.40000000
 C	-8.02783008 22.05108594 3.40000000
 C	13.83707141 22.05242779 3.40000000
 C	35.70188569 22.05405487 3.40000000
 C	-19.65219103 22.21002253 3.40000000
 C	2.21269430 22.21151538 3.40000000
 C	24.07752474 22.21299146 3.40000000
 C	45.94246497 22.21450109 3.40000000
 C	-14.53198373 22.29022047 3.40000000
 C	7.33295649 22.29173011 3.40000000
 C	29.19789672 22.29323974 3.40000000
 C	-4.29137863 22.45077855 3.40000000
 C	17.57340983 22.45229376 3.40000000
 C	39.43833714 22.45374748 3.40000000
 C	-21.03609864 22.52952277 3.40000000
 C	0.82884158 22.53103242 3.40000000
 C	22.69361713 22.53249170 3.40000000
 C	44.55855735 22.53400134 3.40000000
 C	-10.79557426 22.68995222 3.40000000
 C	11.06925618 22.69142829 3.40000000
 C	32.93419640 22.69293793 3.40000000
 C	-5.67527333 22.77033472 3.40000000
 C	16.18962816 22.77167657 3.40000000
 C	38.05444244 22.77330365 3.40000000
 C	-17.29963428 22.92927131 3.40000000
 C	4.56514127 22.93073059 3.40000000
 C	26.43008149 22.93224023 3.40000000
 C	-12.17942698 23.00946924 3.40000000
 C	9.68534856 23.01092854 3.40000000
 C	31.55028879 23.01243817 3.40000000
 C	-1.93898656 23.16997698 3.40000000
 C	19.92596658 23.17154254 3.40000000
 C	41.79083900 23.17297947 3.40000000
 C	-18.68354189 23.24877155 3.40000000
 C	3.18139833 23.25028119 3.40000000
 C	25.04617388 23.25174048 3.40000000
 C	-8.44312730 23.40916743 3.40000000
 C	13.42181293 23.41067706 3.40000000
 C	35.28675315 23.41218670 3.40000000
 C	-3.32288126 23.48953316 3.40000000
 C	18.54202023 23.49087500 3.40000000
 C	40.40699919 23.49255243 3.40000000
 C	-14.94724221 23.64846974 3.40000000
 C	6.91769802 23.64997937 3.40000000
 C	28.78258335 23.65147223 3.40000000
 C	-9.82687023 23.72871802 3.40000000
 C	12.03790531 23.73017732 3.40000000
 C	33.90284554 23.73168695 3.40000000
 C	0.41357019 23.88922576 3.40000000
 C	22.27852333 23.89079132 3.40000000
 C	44.14328596 23.89219469 3.40000000
 C	-16.33114982 23.96796998 3.40000000
 C	5.53379040 23.96947963 3.40000000
 C	27.39873063 23.97098926 3.40000000
 C	-6.09057055 24.12841621 3.40000000
 C	15.77431479 24.12990906 3.40000000
 C	37.63914523 24.13138514 3.40000000
 C	-0.97032451 24.20878193 3.40000000
 C	20.89457698 24.21012378 3.40000000
 C	42.75955594 24.21180121 3.40000000
 C	-12.59468546 24.36771852 3.40000000
 C	9.27025477 24.36922815 3.40000000
 C	31.13503031 24.37068744 3.40000000
 C	-7.47447816 24.44791645 3.40000000
 C	14.39046206 24.44942610 3.40000000
 C	36.25523761 24.45088538 3.40000000
 C	-19.09880037 24.60702083 3.40000000
 C	2.76607205 24.60845776 3.40000000
 C	24.63091540 24.60998975 3.40000000
 C	46.49584271 24.61144346 3.40000000
 C	-13.97859307 24.68721876 3.40000000
 C	7.88634715 24.68872840 3.40000000
 C	29.75128738 24.69023803 3.40000000
 C	-3.73801380 24.84766499 3.40000000
 C	18.12676175 24.84912427 3.40000000
 C	39.99170198 24.85063391 3.40000000
 C	-20.48274672 24.92635328 3.40000000
 C	1.38223224 24.92803071 3.40000000
 C	23.24696905 24.92932221 3.40000000
 C	45.11194801 24.93099964 3.40000000
 C	-10.24218360 25.08695052 3.40000000
 C	11.62264684 25.08842658 3.40000000
 C	33.48758706 25.08993622 3.40000000
 C	-5.12192141 25.16716523 3.40000000
 C	16.74301881 25.16867487 3.40000000
 C	38.60779436 25.17013416 3.40000000
 C	-16.74624362 25.32626961 3.40000000
 C	5.11851901 25.32767297 3.40000000
 C	26.98347215 25.32923853 3.40000000
 C	-11.62603632 25.40646754 3.40000000
 C	10.23873923 25.40792684 3.40000000
 C	32.10367945 25.40943647 3.40000000
 C	-1.38562172 25.56686342 3.40000000
 C	20.47931850 25.56837305 3.40000000
 C	42.34420383 25.56986591 3.40000000
 C	-18.13018997 25.64560206 3.40000000
 C	3.73478899 25.64727949 3.40000000
 C	25.59952580 25.64857099 3.40000000
 C	-7.88973663 25.80616573 3.40000000
 C	13.97520359 25.80767536 3.40000000
 C	35.84014381 25.80918500 3.40000000
 C	-2.76952933 25.88636366 3.40000000
 C	19.09541089 25.88787331 3.40000000
 C	40.96035111 25.88938294 3.40000000
 C	-14.39385155 26.04546804 3.40000000
 C	7.47107576 26.04692175 3.40000000
 C	29.33597401 26.04847053 3.40000000
 C	-9.27347957 26.12571632 3.40000000
 C	12.59129598 26.12717561 3.40000000
 C	34.45623620 26.12868524 3.40000000
 C	0.96693503 26.28611220 3.40000000
 C	22.83187525 26.28762183 3.40000000
 C	44.69665080 26.28908113 3.40000000
 C	-15.77779789 26.36480049 3.40000000
 C	6.08718106 26.36647792 3.40000000
 C	27.95208255 26.36781977 3.40000000
 C	-5.53717988 26.52541451 3.40000000
 C	16.32770545 26.52690736 3.40000000
 C	38.19253589 26.52838343 3.40000000
 C	-0.41697258 26.60561244 3.40000000
 C	21.44796764 26.60712208 3.40000000
 C	43.31290786 26.60863172 3.40000000
 C	-12.04129480 26.76471682 3.40000000
 C	9.82363251 26.76617053 3.40000000
 C	31.68842098 26.76768574 3.40000000
 C	-6.92108750 26.84491475 3.40000000
 C	14.94385273 26.84642439 3.40000000
 C	36.80862828 26.84788368 3.40000000
 C	-18.54544845 27.00385134 3.40000000
 C	3.31943689 27.00534420 3.40000000
 C	25.18426733 27.00682026 3.40000000
 C	47.04920755 27.00832990 3.40000000
 C	-13.42524114 27.08404927 3.40000000
 C	8.43973781 27.08572670 3.40000000
 C	30.30463930 27.08706854 3.40000000
 C	-3.18462313 27.24466329 3.40000000
 C	18.68015242 27.24612257 3.40000000
 C	40.54509264 27.24763221 3.40000000
 C	-19.92935606 27.32335159 3.40000000
 C	1.93558417 27.32486122 3.40000000
 C	23.80035971 27.32632052 3.40000000
 C	45.66529994 27.32783015 3.40000000
 C	-9.68879294 27.48394881 3.40000000
 C	12.17602459 27.48536896 3.40000000
 C	34.04097773 27.48693452 3.40000000
 C	-4.56853075 27.56416353 3.40000000
 C	17.29640948 27.56567317 3.40000000
 C	39.16118503 27.56713246 3.40000000
 C	-16.19289170 27.72310012 3.40000000
 C	5.67188385 27.72455941 3.40000000
 C	27.53682408 27.72606904 3.40000000
 C	-11.07268439 27.80329805 3.40000000
 C	10.79212989 27.80492513 3.40000000
 C	32.65703138 27.80626698 3.40000000
 C	-0.83223106 27.96386172 3.40000000
 C	21.03270917 27.96537135 3.40000000
 C	42.89759450 27.96686421 3.40000000
 C	-17.57679931 28.04260037 3.40000000
 C	4.28814092 28.04411000 3.40000000
 C	26.15291646 28.04556929 3.40000000
 C	-7.33634597 28.20316403 3.40000000
 C	14.52858134 28.20461774 3.40000000
 C	36.39353448 28.20618330 3.40000000
 C	-2.21613867 28.28336196 3.40000000
 C	19.64880155 28.28487160 3.40000000
 C	41.51374178 28.28638123 3.40000000
 C	-13.84049962 28.44229855 3.40000000
 C	8.02444060 28.44380819 3.40000000
 C	29.88932594 28.44530104 3.40000000
 C	-8.72012764 28.52254683 3.40000000
 C	13.14468664 28.52417391 3.40000000
 C	35.00958813 28.52551575 3.40000000
 C	1.52032569 28.68311050 3.40000000
 C	23.38526592 28.68462013 3.40000000
 C	45.25004146 28.68607942 3.40000000
 C	-15.22440724 28.76179880 3.40000000
 C	6.64053299 28.76330843 3.40000000
 C	28.50547321 28.76481807 3.40000000
 C	-4.98378922 28.92241280 3.40000000
 C	16.88108320 28.92384973 3.40000000
 C	38.74592655 28.92538173 3.40000000
 C	0.13641808 29.00261074 3.40000000
 C	22.00135830 29.00412038 3.40000000
 C	43.86629853 29.00563001 3.40000000
 C	-11.48794287 29.16154733 3.40000000
 C	10.37699735 29.16305697 3.40000000
 C	32.24177290 29.16451625 3.40000000
 C	-6.36773557 29.24174526 3.40000000
 C	15.49724339 29.24342269 3.40000000
 C	37.36198020 29.24471419 3.40000000
 C	-17.99205778 29.40084963 3.40000000
 C	3.87282755 29.40234249 3.40000000
 C	25.73765799 29.40381856 3.40000000
 C	47.60259821 29.40532820 3.40000000
 C	-12.87185049 29.48104758 3.40000000
 C	8.99308974 29.48255721 3.40000000
 C	30.85802996 29.48406685 3.40000000
 C	-2.63123247 29.64166158 3.40000000
 C	19.23353016 29.64306495 3.40000000
 C	41.09848330 29.64463051 3.40000000
 C	-19.37596540 29.72034989 3.40000000
 C	2.48897483 29.72185952 3.40000000
 C	24.35375037 29.72331881 3.40000000
 C	46.21869060 29.72482844 3.40000000
 C	-9.13544101 29.88077932 3.40000000
 C	12.72938943 29.88225540 3.40000000
 C	34.59432965 29.88376503 3.40000000
 C	-4.01517882 29.96099404 3.40000000
 C	17.84980014 29.96267147 3.40000000
 C	39.71453695 29.96396296 3.40000000
 C	-15.63950103 30.12009841 3.40000000
 C	6.22527451 30.12155771 3.40000000
 C	28.09021474 30.12306734 3.40000000
 C	-10.51929374 30.20029636 3.40000000
 C	11.34548181 30.20175564 3.40000000
 C	33.21042204 30.20326528 3.40000000
 C	-0.27884040 30.36086001 3.40000000
 C	21.58608691 30.36231373 3.40000000
 C	43.45098516 30.36386250 3.40000000
 C	-17.02340865 30.43959867 3.40000000
 C	4.84153158 30.44110830 3.40000000
 C	26.70630712 30.44256759 3.40000000
 C	-6.78299405 30.59999454 3.40000000
 C	15.08194618 30.60150418 3.40000000
 C	36.94688640 30.60301381 3.40000000
 C	-1.66278675 30.68019247 3.40000000
 C	20.20219221 30.68186990 3.40000000
 C	42.06709370 30.68321174 3.40000000
 C	-13.28710896 30.83929684 3.40000000
 C	8.57783126 30.84080648 3.40000000
 C	30.44271660 30.84229933 3.40000000
 C	-8.16673699 30.91954514 3.40000000
 C	13.69803856 30.92100442 3.40000000
 C	35.56297879 30.92251406 3.40000000
 C	2.07371635 31.08010879 3.40000000
 C	23.93864366 31.08156250 3.40000000
 C	45.80343212 31.08307772 3.40000000
 C	-14.67101657 31.15879710 3.40000000
 C	7.19392365 31.16030673 3.40000000
 C	29.05886387 31.16181637 3.40000000
 C	-4.43043730 31.31924331 3.40000000
 C	17.43444803 31.32073617 3.40000000
 C	39.29927848 31.32221224 3.40000000
 C	0.68977000 31.39944125 3.40000000
 C	22.55474896 31.40111868 3.40000000
 C	44.41965045 31.40246052 3.40000000
 C	-10.93455221 31.55854562 3.40000000
 C	10.93038801 31.56005526 3.40000000
 C	32.79516356 31.56151455 3.40000000
 C	-5.81434491 31.63874357 3.40000000
 C	16.05059531 31.64025320 3.40000000
 C	37.91537086 31.64171249 3.40000000
 C	-17.43868004 31.79779201 3.40000000
 C	4.42621821 31.79934079 3.40000000
 C	26.29103574 31.80076094 3.40000000
 C	48.15598887 31.80232650 3.40000000
 C	-12.31845982 31.87804588 3.40000000
 C	9.54648040 31.87955551 3.40000000
 C	31.41142062 31.88106515 3.40000000
 C	-2.07788055 32.03849209 3.40000000
 C	19.78689500 32.03995139 3.40000000
 C	41.65183523 32.04146102 3.40000000
 C	-18.82257474 32.11734818 3.40000000
 C	3.04232675 32.11869003 3.40000000
 C	24.90714104 32.12031711 3.40000000
 C	46.77204253 32.12165895 3.40000000
 C	-8.58205035 32.27777762 3.40000000
 C	13.28278009 32.27925370 3.40000000
 C	35.14772031 32.28076333 3.40000000
 C	-3.46178816 32.35799235 3.40000000
 C	18.40315206 32.35950198 3.40000000
 C	40.26792761 32.36096127 3.40000000
 C	-15.08612329 32.51704079 3.40000000
 C	6.77866518 32.51855600 3.40000000
 C	28.64359249 32.52000972 3.40000000
 C	-9.96590307 32.59729465 3.40000000
 C	11.89887248 32.59875394 3.40000000
 C	33.76381270 32.60026358 3.40000000
 C	0.27451153 32.75769052 3.40000000
 C	22.13945175 32.75920017 3.40000000
 C	44.00433708 32.76069301 3.40000000
 C	-16.47001799 32.83659696 3.40000000
 C	5.39488350 32.83793881 3.40000000
 C	27.25969779 32.83956589 3.40000000
 C	-6.22960339 32.99699283 3.40000000
 C	15.63533684 32.99850247 3.40000000
 C	37.50027706 33.00001210 3.40000000
 C	-1.10939609 33.07719078 3.40000000
 C	20.75554414 33.07870041 3.40000000
 C	42.62048436 33.08021005 3.40000000
 C	-12.73373121 33.23623922 3.40000000
 C	9.13122193 33.23780478 3.40000000
 C	30.99609434 33.23924171 3.40000000
 C	-7.61334632 33.31654343 3.40000000
 C	14.25142923 33.31800272 3.40000000
 C	36.11636945 33.31951236 3.40000000
 C	2.62706828 33.47693930 3.40000000
 C	24.49200850 33.47844894 3.40000000
 C	46.35678405 33.47990823 3.40000000
 C	-14.11762591 33.55579539 3.40000000
 C	7.74727558 33.55713724 3.40000000
 C	29.61225454 33.55881467 3.40000000
 C	-3.87704664 33.71624161 3.40000000
 C	17.98783870 33.71773447 3.40000000
 C	39.85266914 33.71921054 3.40000000
 C	1.24316066 33.79643956 3.40000000
 C	23.10810089 33.79794919 3.40000000
 C	44.97304111 33.79945883 3.40000000
 C	-10.38117446 33.95548800 3.40000000
 C	11.48377867 33.95705356 3.40000000
 C	33.34854131 33.95845693 3.40000000
 C	-5.26095425 34.03574186 3.40000000
 C	16.60398598 34.03725150 3.40000000
 C	38.46876152 34.03871079 3.40000000
 C	-16.88531520 34.19467845 3.40000000
 C	4.97957013 34.19617130 3.40000000
 C	26.84440057 34.19764738 3.40000000
 C	48.70934080 34.19915701 3.40000000
 C	-11.76506916 34.27504417 3.40000000
 C	10.09983233 34.27638602 3.40000000
 C	31.96481129 34.27806344 3.40000000
 C	-1.52448989 34.43549039 3.40000000
 C	20.34028566 34.43694968 3.40000000
 C	42.20522589 34.43845931 3.40000000
 C	-18.26922281 34.51417869 3.40000000
 C	3.59571741 34.51568833 3.40000000
 C	25.46049296 34.51714762 3.40000000
 C	47.32543318 34.51865726 3.40000000
 C	-8.02867260 34.67472000 3.40000000
 C	13.83617075 34.67625199 3.40000000
 C	35.70109806 34.67770570 3.40000000
 C	-2.90839750 34.75499064 3.40000000
 C	18.95654273 34.75650027 3.40000000
 C	40.82131827 34.75795957 3.40000000
 C	-14.53275845 34.91392723 3.40000000
 C	7.33201710 34.91538651 3.40000000
 C	29.19695732 34.91689615 3.40000000
 C	-9.41251241 34.99429295 3.40000000
 C	12.45222440 34.99558445 3.40000000
 C	34.31720336 34.99726188 3.40000000
 C	0.82790219 35.15468882 3.40000000
 C	22.69284241 35.15619846 3.40000000
 C	44.55772774 35.15769131 3.40000000
 C	-15.91666606 35.23342747 3.40000000
 C	5.94827416 35.23493711 3.40000000
 C	27.81304971 35.23639640 3.40000000
 C	-5.67622564 35.39393521 3.40000000
 C	16.18872750 35.39550077 3.40000000
 C	38.05365481 35.39695448 3.40000000
 C	-0.55600543 35.47418907 3.40000000
 C	21.30893480 35.47569871 3.40000000
 C	43.17387502 35.47720835 3.40000000
 C	-12.18036638 35.63312566 3.40000000
 C	9.68457385 35.63463529 3.40000000
 C	31.54945918 35.63612815 3.40000000
 C	-7.05995566 35.71354173 3.40000000
 C	14.80478115 35.71483323 3.40000000
 C	36.66976011 35.71651065 3.40000000
 C	3.18045894 35.87393760 3.40000000
 C	25.04539916 35.87544724 3.40000000
 C	46.91017471 35.87690652 3.40000000
 C	-13.56427399 35.95262590 3.40000000
 C	8.30066624 35.95413554 3.40000000
 C	30.16560646 35.95564518 3.40000000
 C	-3.32366889 36.11318399 3.40000000
 C	18.54122936 36.11473277 3.40000000
 C	40.40604688 36.11615291 3.40000000
 C	1.79655132 36.19343785 3.40000000
 C	23.66149155 36.19494748 3.40000000
 C	45.52643177 36.19645712 3.40000000
 C	-9.82780963 36.35237444 3.40000000
 C	12.03713060 36.35388407 3.40000000
 C	33.90190615 36.35534336 3.40000000
 C	-4.70756359 36.43274016 3.40000000
 C	17.15733790 36.43408201 3.40000000
 C	39.02215218 36.43570909 3.40000000
 C	-16.33192454 36.59167675 3.40000000
 C	5.53296080 36.59316960 3.40000000
 C	27.39779124 36.59464567 3.40000000
 C	49.26273146 36.59615530 3.40000000
 C	-11.21171724 36.67187468 3.40000000
 C	10.65322299 36.67338432 3.40000000
 C	32.51816321 36.67489395 3.40000000
 C	-0.97111214 36.83243277 3.40000000
 C	20.89367632 36.83394798 3.40000000
 C	42.75860363 36.83540169 3.40000000
 C	4.14910807 36.91268663 3.40000000
 C	26.01388362 36.91414592 3.40000000
 C	47.87882385 36.91565556 3.40000000
 C	-7.47530777 37.07160643 3.40000000
 C	14.38952267 37.07308250 3.40000000
 C	36.25446290 37.07459214 3.40000000
 C	-2.35500684 37.15198894 3.40000000
 C	19.50989465 37.15333078 3.40000000
 C	41.37470893 37.15495786 3.40000000
 C	-13.97936779 37.31092553 3.40000000
 C	7.88540776 37.31238481 3.40000000
 C	29.75034799 37.31389445 3.40000000
 C	-8.85916049 37.39112346 3.40000000
 C	13.00561506 37.39258275 3.40000000
 C	34.87055529 37.39409239 3.40000000
 C	1.38127994 37.55163120 3.40000000
 C	23.24623307 37.55319676 3.40000000
 C	45.11110549 37.55463369 3.40000000
 C	6.50166482 37.63193541 3.40000000
 C	28.36644037 37.63339469 3.40000000
 C	-5.12286080 37.79082165 3.40000000
 C	16.74207942 37.79233128 3.40000000
 C	38.60701965 37.79384092 3.40000000
 C	-0.00261476 37.87118737 3.40000000
 C	21.86228672 37.87252922 3.40000000
 C	43.72726568 37.87420664 3.40000000
 C	-11.62697571 38.03012396 3.40000000
 C	10.23796451 38.03163359 3.40000000
 C	32.10284984 38.03312645 3.40000000
 C	-6.50660374 38.11037224 3.40000000
 C	15.35817181 38.11183153 3.40000000
 C	37.22311204 38.11334116 3.40000000
 C	3.73383669 38.27087998 3.40000000
 C	25.59878982 38.27244554 3.40000000
 C	47.46355246 38.27384890 3.40000000
 C	8.85405690 38.35113384 3.40000000
 C	30.71899712 38.35264347 3.40000000
 C	-2.77030405 38.51007043 3.40000000
 C	19.09458128 38.51156328 3.40000000
 C	40.95941172 38.51303935 3.40000000
 C	2.34994199 38.59043615 3.40000000
 C	24.21484347 38.59177799 3.40000000
 C	46.07982243 38.59345542 3.40000000
 C	-9.27441896 38.74937274 3.40000000
 C	12.59052126 38.75088237 3.40000000
 C	34.45529681 38.75234166 3.40000000
 C	-4.15421166 38.82957067 3.40000000
 C	17.71072856 38.83108031 3.40000000
 C	39.57550411 38.83253960 3.40000000
 C	6.08633854 38.99011197 3.40000000
 C	27.95118190 38.99164397 3.40000000
 C	49.81610921 38.99309768 3.40000000
 C	11.20661365 39.07038262 3.40000000
 C	33.07155387 39.07189225 3.40000000
 C	-0.41774730 39.22931921 3.40000000
 C	21.44702825 39.23077849 3.40000000
 C	43.31196847 39.23228813 3.40000000
 C	4.70249874 39.30968493 3.40000000
 C	26.56723555 39.31097643 3.40000000
 C	48.43221451 39.31265385 3.40000000
 C	-6.92191711 39.46860473 3.40000000
 C	14.94291334 39.47008080 3.40000000
 C	36.80785356 39.47159044 3.40000000
 C	-1.80165491 39.54881945 3.40000000
 C	20.06328531 39.55032909 3.40000000
 C	41.92806086 39.55178837 3.40000000
 C	8.43878551 39.70932719 3.40000000
 C	30.30373865 39.71089275 3.40000000
 C	13.55900572 39.78958105 3.40000000
 C	35.42394595 39.79109068 3.40000000
 C	1.93464477 39.94851764 3.40000000
 C	23.79958500 39.95002727 3.40000000
 C	45.66447033 39.95152013 3.40000000
 C	7.05505549 40.02893371 3.40000000
 C	28.91979230 40.03022520 3.40000000
 C	-4.56947014 40.18781995 3.40000000
 C	17.29547009 40.18932958 3.40000000
 C	39.16041031 40.19083922 3.40000000
 C	0.55073716 40.26801788 3.40000000
 C	22.41567738 40.26952752 3.40000000
 C	44.28061761 40.27103715 3.40000000
 C	10.79134226 40.42857597 3.40000000
 C	32.65624050 40.43012474 3.40000000
 C	15.91156247 40.50882983 3.40000000
 C	37.77650270 40.51033946 3.40000000
 C	4.28720152 40.66776642 3.40000000
 C	26.15214175 40.66927605 3.40000000
 C	48.01691730 40.67073534 3.40000000
 C	9.40744756 40.74813214 3.40000000
 C	31.27234905 40.74947398 3.40000000
 C	-2.21691339 40.90706872 3.40000000
 C	19.64797194 40.90856157 3.40000000
 C	41.51280238 40.91003765 3.40000000
 C	2.90329391 40.98726666 3.40000000
 C	24.76823413 40.98877630 3.40000000
 C	46.63317436 40.99028593 3.40000000
 C	13.14389901 41.14782474 3.40000000
 C	35.00868747 41.14933996 3.40000000
 C	18.26411922 41.22807861 3.40000000
 C	40.12889477 41.22953789 3.40000000
 C	6.63970338 41.38699841 3.40000000
 C	28.50453382 41.38847448 3.40000000
 C	50.36947405 41.38998412 3.40000000
 C	11.76000431 41.46738092 3.40000000
 C	33.62490580 41.46872276 3.40000000
 C	0.13564336 41.62631750 3.40000000
 C	22.00041891 41.62777679 3.40000000
 C	43.86535913 41.62928643 3.40000000
 C	5.25585066 41.70651544 3.40000000
 C	27.12062621 41.70797473 3.40000000
 C	48.98556643 41.70948436 3.40000000
 C	15.49629108 41.86702318 3.40000000
 C	37.36124422 41.86858874 3.40000000
 C	20.61667597 41.94732739 3.40000000
 C	42.48145152 41.94878667 3.40000000
 C	8.99215035 42.10621363 3.40000000
 C	30.85709057 42.10772326 3.40000000
 C	14.11239638 42.18657935 3.40000000
 C	35.97729787 42.18792119 3.40000000
 C	2.48803543 42.34551593 3.40000000
 C	24.35297566 42.34702557 3.40000000
 C	46.21786099 42.34851842 3.40000000
 C	7.60840741 42.42576422 3.40000000
 C	29.47318296 42.42722351 3.40000000
 C	17.84884783 42.58627195 3.40000000
 C	39.71380097 42.58783751 3.40000000
 C	22.96906805 42.66652582 3.40000000
 C	44.83400827 42.66803545 3.40000000
 C	11.34470710 42.82546240 3.40000000
 C	33.20959243 42.82695525 3.40000000
 C	16.46495313 42.90582813 3.40000000
 C	38.32985462 42.90716997 3.40000000
 C	4.84059218 43.06476471 3.40000000
 C	26.70553241 43.06627434 3.40000000
 C	48.57030796 43.06773364 3.40000000
 C	9.96079948 43.14496265 3.40000000
 C	31.82573971 43.14647229 3.40000000
 C	20.20134969 43.30550395 3.40000000
 C	42.06619304 43.30703595 3.40000000
 C	25.32162480 43.38577460 3.40000000
 C	47.18656502 43.38728423 3.40000000
 C	13.69726385 43.54471118 3.40000000
 C	35.56203940 43.54617047 3.40000000
 C	18.81750988 43.62507690 3.40000000
 C	40.68224670 43.62636840 3.40000000
 C	7.19309404 43.78399671 3.40000000
 C	29.05792448 43.78547278 3.40000000
 C	50.92286471 43.78698242 3.40000000
 C	12.31335623 43.86421143 3.40000000
 C	34.17829646 43.86572107 3.40000000
 C	22.55379666 44.02471916 3.40000000
 C	44.41874979 44.02628472 3.40000000
 C	27.67401687 44.10497303 3.40000000
 C	49.53895710 44.10648266 3.40000000
 C	16.04965592 44.26390961 3.40000000
 C	37.91459615 44.26541925 3.40000000
 C	21.17006663 44.34432568 3.40000000
 C	43.03480345 44.34561718 3.40000000
 C	9.54554101 44.50321192 3.40000000
 C	31.41048123 44.50472155 3.40000000
 C	14.66574831 44.58340986 3.40000000
 C	36.53068853 44.58491950 3.40000000
 C	24.90635341 44.74396794 3.40000000
 C	46.77125165 44.74551672 3.40000000
 C	30.02657362 44.82422181 3.40000000
 C	18.40221267 44.98315839 3.40000000
 C	40.26715290 44.98466802 3.40000000
 C	23.52245871 45.06352411 3.40000000
 C	45.38736020 45.06486596 3.40000000
 C	11.89809776 45.22246070 3.40000000
 C	33.76298309 45.22395355 3.40000000
 C	17.01830506 45.30265864 3.40000000
 C	38.88324528 45.30416828 3.40000000
 C	27.25891016 45.46321672 3.40000000
 C	49.12369862 45.46473193 3.40000000
 C	32.37913037 45.54347059 3.40000000
 C	20.75471453 45.70239039 3.40000000
 C	42.61954497 45.70386646 3.40000000
 C	25.87501546 45.78277289 3.40000000
 C	47.73991695 45.78411474 3.40000000
 C	14.25065451 45.94170948 3.40000000
 C	36.11543006 45.94316876 3.40000000
 C	19.37086181 46.02190741 3.40000000
 C	41.23563736 46.02336671 3.40000000
 C	29.61130223 46.18241515 3.40000000
 C	51.47625537 46.18398071 3.40000000
 C	34.73168712 46.26271936 3.40000000
 C	23.10716149 46.42160560 3.40000000
 C	44.97210172 46.42311523 3.40000000
 C	28.22740753 46.50197133 3.40000000
 C	50.09230902 46.50331317 3.40000000
 C	16.60304658 46.66090791 3.40000000
 C	38.46798681 46.66241754 3.40000000
 C	21.72341856 46.74115619 3.40000000
 C	43.58819411 46.74261549 3.40000000
 C	31.96385898 46.90166393 3.40000000
 C	37.08407919 46.98191780 3.40000000
 C	25.45971824 47.14085438 3.40000000
 C	47.32460358 47.14234723 3.40000000
 C	30.57996428 47.22122010 3.40000000
 C	18.95560333 47.38015669 3.40000000
 C	40.82054356 47.38166632 3.40000000
 C	24.07581063 47.46035462 3.40000000
 C	45.94075086 47.46186427 3.40000000
 C	34.31636084 47.62089593 3.40000000
 C	39.43663594 47.70116657 3.40000000
 C	27.81227499 47.86010316 3.40000000
 C	49.67705054 47.86156244 3.40000000
 C	32.93252103 47.94046888 3.40000000
 C	21.30810519 48.09938869 3.40000000
 C	43.17293563 48.10086475 3.40000000
 C	26.42836738 48.17960340 3.40000000
 C	48.29330761 48.18111304 3.40000000
 C	36.66880780 48.34011114 3.40000000
 C	41.78902802 48.42036501 3.40000000
 C	30.16466707 48.57930159 3.40000000
 C	52.02960729 48.58081122 3.40000000
 C	35.28507778 48.65971766 3.40000000
 C	23.66055216 48.81860390 3.40000000
 C	45.52549238 48.82011353 3.40000000
 C	28.78075946 48.89880183 3.40000000
 C	50.64569968 48.90031148 3.40000000
 C	39.02136455 49.05935992 3.40000000
 C	44.14158477 49.13961378 3.40000000
 C	32.51722382 49.29855037 3.40000000
 C	37.63746986 49.37891609 3.40000000
 C	26.01310891 49.53785268 3.40000000
 C	47.87799424 49.53934553 3.40000000
 C	31.13331621 49.61805061 3.40000000
 C	41.37392130 49.77860870 3.40000000
 C	46.49414152 49.85886256 3.40000000
 C	34.86972568 50.01778237 3.40000000
 C	39.99002660 50.09816487 3.40000000
 C	28.36566566 50.25710146 3.40000000
 C	50.23044121 50.25856074 3.40000000
 C	33.48587296 50.33729939 3.40000000
 C	43.72631338 50.49780713 3.40000000
 C	48.84669827 50.57811134 3.40000000
 C	37.22217264 50.73699758 3.40000000
 C	42.34241868 50.81736330 3.40000000
 C	30.71805773 50.97629989 3.40000000
 C	52.58299796 50.97780952 3.40000000
 C	35.83842971 51.05654817 3.40000000
 C	46.07887013 51.21705591 3.40000000
 C	51.19909034 51.29730977 3.40000000
 C	39.57472939 51.45624636 3.40000000
 C	44.69497543 51.53661208 3.40000000
 C	33.07061448 51.69554867 3.40000000
 C	38.19082178 51.77574660 3.40000000
 C	48.43137199 51.93628790 3.40000000
 C	41.92728614 52.17549514 3.40000000
 C	47.04753218 52.25586086 3.40000000
 C	35.42311634 52.41478066 3.40000000
 C	40.54337853 52.49499538 3.40000000
 C	50.78381895 52.65550312 3.40000000
 C	44.27967822 52.89469357 3.40000000
 C	49.40008893 52.97510964 3.40000000
 C	37.77556330 53.13399588 3.40000000
 C	42.89577060 53.21419381 3.40000000
 C	53.13637570 53.37475190 3.40000000
 C	46.63223497 53.61394235 3.40000000
 C	51.75248100 53.69430807 3.40000000
 C	40.12812005 53.85324465 3.40000000
 C	45.24832735 53.93344259 3.40000000
 C	48.98473682 54.33317434 3.40000000
 C	42.48067680 54.57249343 3.40000000
 C	47.60088410 54.65269137 3.40000000
 C	51.33718379 55.05238956 3.40000000
 C	44.83306888 55.29169187 3.40000000
 C	49.95344085 55.37194015 3.40000000
 C	53.68974054 55.77163834 3.40000000
 C	47.18562563 56.01094064 3.40000000
 C	52.30583293 56.09113858 3.40000000
 C	49.53812749 56.73017264 3.40000000
 C	51.89057445 57.44938785 3.40000000
 C	54.24313120 58.16863663 3.40000000
