 C	5.84112546 -23.42747461 3.40000000
 C	-6.09341650 -26.40309012 3.40000000
 C	17.77577880 -20.45183132 3.40000000
 C	-8.48039173 -26.99822988 3.40000000
 C	20.16264264 -19.85671933 3.40000000
 C	-10.86725556 -27.59334188 3.40000000
 C	22.54961786 -19.26157956 3.40000000
 C	-13.25417509 -28.18846775 3.40000000
 C	24.93659309 -18.66643980 3.40000000
 C	-15.64115032 -28.78360752 3.40000000
 C	27.32340123 -18.07134169 3.40000000
 C	3.45426162 -24.02258660 3.40000000
 C	-18.02795846 -29.37870563 3.40000000
 C	29.71037645 -17.47620193 3.40000000
 C	8.22810068 -22.83233484 3.40000000
 C	-20.41493368 -29.97384539 3.40000000
 C	32.09729598 -16.88107605 3.40000000
 C	-22.80190891 -30.56898516 3.40000000
 C	34.48415982 -16.28596405 3.40000000
 C	-25.18877274 -31.16409715 3.40000000
 C	-27.57569227 -31.75922303 3.40000000
 C	-29.96266750 -32.35436280 3.40000000
 C	-32.34947564 -32.94946090 3.40000000
 C	1.06734209 -24.61771248 3.40000000
 C	10.61507591 -22.23719507 3.40000000
 C	-1.31963314 -25.21285224 3.40000000
 C	13.00188405 -21.64209697 3.40000000
 C	-3.70644128 -25.80795035 3.40000000
 C	15.38885927 -21.04695720 3.40000000
 C	-5.07173094 -25.41645984 3.40000000
 C	16.41054483 -20.06032693 3.40000000
 C	4.47600288 -23.03594244 3.40000000
 C	6.86281102 -22.44084433 3.40000000
 C	-7.45870616 -26.01159961 3.40000000
 C	18.79752006 -19.46518716 3.40000000
 C	-9.84551430 -26.60669772 3.40000000
 C	21.18432820 -18.87008906 3.40000000
 C	-12.23248953 -27.20183748 3.40000000
 C	23.57130342 -18.27494929 3.40000000
 C	-14.61946476 -27.79697725 3.40000000
 C	25.95811156 -17.67985118 3.40000000
 C	-17.00643998 -28.39211701 3.40000000
 C	28.34508679 -17.08471142 3.40000000
 C	-19.39324812 -28.98721512 3.40000000
 C	30.73206201 -16.48957165 3.40000000
 C	-21.78022335 -29.58235489 3.40000000
 C	33.11903724 -15.89443189 3.40000000
 C	-24.16703149 -30.17745299 3.40000000
 C	35.50584538 -15.29933378 3.40000000
 C	-26.55400671 -30.77259276 3.40000000
 C	-28.94098194 -31.36773252 3.40000000
 C	2.08902765 -23.63108220 3.40000000
 C	9.24978624 -21.84570457 3.40000000
 C	-31.32795716 -31.96287229 3.40000000
 C	-33.71476530 -32.55797040 3.40000000
 C	-0.29794757 -24.22622197 3.40000000
 C	11.63659438 -21.25060646 3.40000000
 C	-2.68492280 -24.82136174 3.40000000
 C	14.02356961 -20.65546669 3.40000000
 C	-5.41533504 -24.03833905 3.40000000
 C	16.06694073 -18.68220614 3.40000000
 C	4.13234308 -21.65783553 3.40000000
 C	6.51920691 -21.06272354 3.40000000
 C	-7.80231027 -24.63347882 3.40000000
 C	18.45386026 -18.08708026 3.40000000
 C	-10.18917410 -25.22859081 3.40000000
 C	20.84072409 -17.49196826 3.40000000
 C	-12.57609363 -25.82371669 3.40000000
 C	23.22769932 -16.89682850 3.40000000
 C	-14.96306886 -26.41885646 3.40000000
 C	25.61467454 -16.30168873 3.40000000
 C	-17.34987700 -27.01395456 3.40000000
 C	28.00148268 -15.70659063 3.40000000
 C	-19.73685223 -27.60909433 3.40000000
 C	30.38845791 -15.11145086 3.40000000
 C	-22.12382745 -28.20423409 3.40000000
 C	32.77537744 -14.51632498 3.40000000
 C	-24.51069129 -28.79934609 3.40000000
 C	35.16224127 -13.92121299 3.40000000
 C	-26.89761082 -29.39447197 3.40000000
 C	-29.28458604 -29.98961173 3.40000000
 C	1.74542355 -22.25296141 3.40000000
 C	8.90618214 -20.46758378 3.40000000
 C	-31.67139418 -30.58470984 3.40000000
 C	-34.05836941 -31.17984961 3.40000000
 C	-0.64155168 -22.84810118 3.40000000
 C	11.29315736 -19.87244401 3.40000000
 C	-3.02835982 -23.44319929 3.40000000
 C	13.67996550 -19.27734590 3.40000000
 C	5.15403687 -20.67135690 3.40000000
 C	-6.78067217 -23.64701407 3.40000000
 C	17.08857882 -17.69574139 3.40000000
 C	-9.16748031 -24.24211218 3.40000000
 C	19.47555405 -17.10060163 3.40000000
 C	-11.55445554 -24.83725195 3.40000000
 C	21.86236219 -16.50550352 3.40000000
 C	-13.94143076 -25.43239171 3.40000000
 C	24.24933742 -15.91036376 3.40000000
 C	26.63614556 -15.31526565 3.40000000
 C	-16.32840599 -26.02753148 3.40000000
 C	2.76706164 -21.26649667 3.40000000
 C	7.54084501 -20.07625880 3.40000000
 C	-18.71521413 -26.62262958 3.40000000
 C	29.02312078 -14.72012588 3.40000000
 C	-21.10218935 -27.21776935 3.40000000
 C	31.41009601 -14.12498612 3.40000000
 C	-23.48899749 -27.81286746 3.40000000
 C	33.79707123 -13.52984635 3.40000000
 C	-25.87597272 -28.40800722 3.40000000
 C	36.18387937 -12.93474824 3.40000000
 C	-28.26294794 -29.00314699 3.40000000
 C	-30.64992317 -29.59828675 3.40000000
 C	-33.03673131 -30.19338486 3.40000000
 C	0.38008642 -21.86163644 3.40000000
 C	9.92782023 -19.48111903 3.40000000
 C	12.31462837 -18.88602093 3.40000000
 C	-2.00688881 -22.45677620 3.40000000
 C	-4.39369695 -23.05187431 3.40000000
 C	14.70160360 -18.29088116 3.40000000
 C	4.81037707 -19.29325000 3.40000000
 C	-7.12427628 -22.26889328 3.40000000
 C	16.74497472 -16.31762060 3.40000000
 C	-9.51114011 -22.86400528 3.40000000
 C	19.13189425 -15.72249472 3.40000000
 C	-11.89805964 -23.45913116 3.40000000
 C	21.51875809 -15.12738273 3.40000000
 C	-14.28503487 -24.05427092 3.40000000
 C	23.90573331 -14.53224296 3.40000000
 C	-16.67184301 -24.64936903 3.40000000
 C	26.29270854 -13.93710320 3.40000000
 C	2.42345754 -19.88837588 3.40000000
 C	7.19724090 -18.69813801 3.40000000
 C	-19.05881823 -25.24450879 3.40000000
 C	28.67951668 -13.34200509 3.40000000
 C	-21.44579346 -25.83964856 3.40000000
 C	31.06649190 -12.74686533 3.40000000
 C	-23.83265729 -26.43476055 3.40000000
 C	33.45341143 -12.15173945 3.40000000
 C	-26.21957682 -27.02988643 3.40000000
 C	35.84027527 -11.55662745 3.40000000
 C	-28.60655205 -27.62502620 3.40000000
 C	-30.99336019 -28.22012430 3.40000000
 C	-33.38033541 -28.81526407 3.40000000
 C	0.03648231 -20.48351564 3.40000000
 C	9.58421613 -18.10299824 3.40000000
 C	-2.35032583 -21.07861375 3.40000000
 C	11.97119136 -17.50785848 3.40000000
 C	-4.73730105 -21.67375352 3.40000000
 C	14.35799950 -16.91276037 3.40000000
 C	-6.10259072 -21.28226300 3.40000000
 C	15.37968505 -15.92613009 3.40000000
 C	3.44514310 -18.90174560 3.40000000
 C	5.83211832 -18.30660583 3.40000000
 C	-8.48939886 -21.87736111 3.40000000
 C	17.76666028 -15.33099032 3.40000000
 C	-10.87637408 -22.47250087 3.40000000
 C	20.15363550 -14.73585055 3.40000000
 C	-13.26334931 -23.06764064 3.40000000
 C	22.54044365 -14.14075245 3.40000000
 C	-15.65032453 -23.66278040 3.40000000
 C	24.92741887 -13.54561268 3.40000000
 C	-18.03713267 -24.25787851 3.40000000
 C	27.31422701 -12.95051457 3.40000000
 C	-20.42410790 -24.85301828 3.40000000
 C	29.70120224 -12.35537481 3.40000000
 C	-22.81091604 -25.44811638 3.40000000
 C	32.08817746 -11.76023504 3.40000000
 C	-25.19789126 -26.04325615 3.40000000
 C	34.47515269 -11.16509528 3.40000000
 C	-27.58486649 -26.63839591 3.40000000
 C	36.86196083 -10.56999717 3.40000000
 C	-29.97184171 -27.23353568 3.40000000
 C	1.05816787 -19.49688536 3.40000000
 C	8.21892646 -17.71150772 3.40000000
 C	-32.35864985 -27.82863379 3.40000000
 C	-1.32880735 -20.09202513 3.40000000
 C	10.60590169 -17.11636796 3.40000000
 C	-3.71561549 -20.68712323 3.40000000
 C	12.99270983 -16.52126985 3.40000000
 C	-6.44619482 -19.90414222 3.40000000
 C	15.03608095 -14.54800930 3.40000000
 C	3.10153900 -17.52362481 3.40000000
 C	5.48845853 -16.92849894 3.40000000
 C	-8.83305865 -20.49925421 3.40000000
 C	17.42305618 -13.95286954 3.40000000
 C	-11.21997818 -21.09438009 3.40000000
 C	19.80997571 -13.35774366 3.40000000
 C	-13.60695341 -21.68951986 3.40000000
 C	22.19683954 -12.76263167 3.40000000
 C	-15.99376155 -22.28461796 3.40000000
 C	24.58381477 -12.16749190 3.40000000
 C	-18.38073678 -22.87975773 3.40000000
 C	26.97078999 -11.57235213 3.40000000
 C	-20.76771200 -23.47489750 3.40000000
 C	29.35759813 -10.97725403 3.40000000
 C	-23.15457584 -24.07000949 3.40000000
 C	31.74457336 -10.38211426 3.40000000
 C	-25.54149537 -24.66513537 3.40000000
 C	34.13149289 -9.78698838 3.40000000
 C	-27.92847059 -25.26027513 3.40000000
 C	36.51835672 -9.19187639 3.40000000
 C	-30.31527873 -25.85537324 3.40000000
 C	0.71456377 -18.11876458 3.40000000
 C	7.87532236 -16.33338694 3.40000000
 C	-32.70225396 -26.45051301 3.40000000
 C	-1.67224437 -18.71386269 3.40000000
 C	10.26229759 -15.73824718 3.40000000
 C	-4.05921959 -19.30900245 3.40000000
 C	12.64927281 -15.14310741 3.40000000
 C	4.12322456 -16.53699453 3.40000000
 C	-7.81131740 -19.51261004 3.40000000
 C	16.05776651 -13.56137902 3.40000000
 C	-10.19829263 -20.10774981 3.40000000
 C	18.44474174 -12.96623926 3.40000000
 C	-12.58526785 -20.70288957 3.40000000
 C	20.83171696 -12.37109949 3.40000000
 C	-14.97224308 -21.29802934 3.40000000
 C	23.21852510 -11.77600138 3.40000000
 C	-17.35905122 -21.89312745 3.40000000
 C	25.60550033 -11.18086162 3.40000000
 C	1.73624933 -17.13213430 3.40000000
 C	-19.74602644 -22.48826721 3.40000000
 C	27.99230847 -10.58576351 3.40000000
 C	6.51019978 -15.94185477 3.40000000
 C	-22.13283458 -23.08336532 3.40000000
 C	30.37928369 -9.99062374 3.40000000
 C	-24.51980981 -23.67850508 3.40000000
 C	32.76625892 -9.39548398 3.40000000
 C	-26.90678503 -24.27364485 3.40000000
 C	35.15323414 -8.80034421 3.40000000
 C	-29.29376026 -24.86878462 3.40000000
 C	37.54004228 -8.20524611 3.40000000
 C	-31.68056840 -25.46388272 3.40000000
 C	-0.65072589 -17.72727406 3.40000000
 C	8.89700792 -15.34675666 3.40000000
 C	-3.03753404 -18.32237217 3.40000000
 C	11.28398315 -14.75161689 3.40000000
 C	-5.42450926 -18.91751194 3.40000000
 C	13.67079129 -14.15651879 3.40000000
 C	3.77960463 -15.15892892 3.40000000
 C	-8.15499302 -18.13455831 3.40000000
 C	15.71414659 -12.18331341 3.40000000
 C	-10.54191255 -18.72968419 3.40000000
 C	18.10112181 -11.58817364 3.40000000
 C	-12.92888778 -19.32482396 3.40000000
 C	20.48804134 -10.99304776 3.40000000
 C	-15.31569592 -19.91992207 3.40000000
 C	22.87490518 -10.39793577 3.40000000
 C	-17.70267114 -20.51506183 3.40000000
 C	25.26188040 -9.80279600 3.40000000
 C	-20.08964637 -21.11020160 3.40000000
 C	1.39262940 -15.75406868 3.40000000
 C	27.64885563 -9.20765624 3.40000000
 C	6.16652416 -14.56380304 3.40000000
 C	-22.47651020 -21.70531359 3.40000000
 C	30.03566377 -8.61255813 3.40000000
 C	-24.86342973 -22.30043947 3.40000000
 C	32.42263899 -8.01741836 3.40000000
 C	-27.25040496 -22.89557924 3.40000000
 C	34.80955852 -7.42229248 3.40000000
 C	-29.63721310 -23.49067734 3.40000000
 C	37.19642236 -6.82718049 3.40000000
 C	-32.02418832 -24.08581711 3.40000000
 C	-0.99417874 -16.34916679 3.40000000
 C	8.55338799 -13.96869104 3.40000000
 C	-3.38115396 -16.94430656 3.40000000
 C	10.94036322 -13.37355128 3.40000000
 C	-5.76812919 -17.53944632 3.40000000
 C	13.32733845 -12.77841151 3.40000000
 C	-7.13323594 -17.14785898 3.40000000
 C	14.34887274 -11.79176772 3.40000000
 C	2.41433079 -14.76738323 3.40000000
 C	4.80130601 -14.17224347 3.40000000
 C	-9.52021117 -17.74299874 3.40000000
 C	16.73584797 -11.19662796 3.40000000
 C	-11.90718639 -18.33813851 3.40000000
 C	19.12282319 -10.60148819 3.40000000
 C	-14.29416162 -18.93327828 3.40000000
 C	21.50979842 -10.00634843 3.40000000
 C	-16.68096976 -19.52837638 3.40000000
 C	23.89660656 -9.41125032 3.40000000
 C	-19.06794498 -20.12351615 3.40000000
 C	26.28358178 -8.81611055 3.40000000
 C	-21.45475312 -20.71861425 3.40000000
 C	28.67038992 -8.22101245 3.40000000
 C	-23.84172835 -21.31375402 3.40000000
 C	31.05736515 -7.62587268 3.40000000
 C	-26.22870358 -21.90889379 3.40000000
 C	33.44434038 -7.03073291 3.40000000
 C	-28.61567880 -22.50403355 3.40000000
 C	35.83131560 -6.43559315 3.40000000
 C	-31.00248694 -23.09913166 3.40000000
 C	38.21812374 -5.84049504 3.40000000
 C	0.02735556 -15.36252300 3.40000000
 C	7.18828124 -13.57710370 3.40000000
 C	-2.35945258 -15.95762111 3.40000000
 C	9.57508938 -12.98200559 3.40000000
 C	-4.74642780 -16.55276087 3.40000000
 C	11.96206460 -12.38686583 3.40000000
 C	-7.47694321 -15.76991760 3.40000000
 C	14.00538826 -10.41377080 3.40000000
 C	2.07067922 -13.38942797 3.40000000
 C	4.45765444 -12.79428821 3.40000000
 C	-9.86386274 -16.36504348 3.40000000
 C	16.39219640 -9.81867270 3.40000000
 C	-12.25083796 -16.96018325 3.40000000
 C	18.77917162 -9.22353293 3.40000000
 C	-14.63764610 -17.55528136 3.40000000
 C	21.16609115 -8.62840705 3.40000000
 C	-17.02462133 -18.15042112 3.40000000
 C	23.55295499 -8.03329506 3.40000000
 C	-19.41159655 -18.74556089 3.40000000
 C	25.93993022 -7.43815529 3.40000000
 C	-21.79846039 -19.34067288 3.40000000
 C	28.32690544 -6.84301553 3.40000000
 C	-24.18537992 -19.93579876 3.40000000
 C	30.71371358 -6.24791742 3.40000000
 C	-26.57235514 -20.53093852 3.40000000
 C	33.10068881 -5.65277765 3.40000000
 C	-28.95916328 -21.12603663 3.40000000
 C	35.48760834 -5.05765177 3.40000000
 C	-31.34613851 -21.72117640 3.40000000
 C	37.87447217 -4.46253978 3.40000000
 C	-0.31612892 -13.98452608 3.40000000
 C	6.84457397 -12.19916233 3.40000000
 C	-2.70310415 -14.57966584 3.40000000
 C	9.23143781 -11.60405033 3.40000000
 C	-5.09007937 -15.17480561 3.40000000
 C	11.61841303 -11.00891057 3.40000000
 C	3.09236478 -12.40279770 3.40000000
 C	-8.84217718 -15.37841321 3.40000000
 C	15.02690674 -9.42718219 3.40000000
 C	-11.22915240 -15.97355297 3.40000000
 C	17.41388196 -8.83204242 3.40000000
 C	-13.61612763 -16.56869274 3.40000000
 C	19.80085719 -8.23690266 3.40000000
 C	-16.00293577 -17.16379085 3.40000000
 C	22.18783241 -7.64176289 3.40000000
 C	-18.38991099 -17.75893061 3.40000000
 C	24.57464055 -7.04666478 3.40000000
 C	-20.77671913 -18.35402872 3.40000000
 C	26.96161578 -6.45152502 3.40000000
 C	0.70538955 -12.99793746 3.40000000
 C	5.47934000 -11.80765793 3.40000000
 C	-23.16369436 -18.94916849 3.40000000
 C	29.34842392 -5.85642691 3.40000000
 C	-25.55066958 -19.54430825 3.40000000
 C	31.73539914 -5.26128715 3.40000000
 C	-27.93764481 -20.13944802 3.40000000
 C	34.12237437 -4.66614738 3.40000000
 C	-30.32445295 -20.73454612 3.40000000
 C	36.50934959 -4.07100761 3.40000000
 C	38.89615773 -3.47590951 3.40000000
 C	-1.68141859 -13.59303557 3.40000000
 C	7.86631523 -11.21251817 3.40000000
 C	-4.06839381 -14.18817534 3.40000000
 C	10.25312337 -10.61742006 3.40000000
 C	-6.45520195 -14.78327344 3.40000000
 C	12.64009860 -10.02228029 3.40000000
 C	2.74876068 -11.02467691 3.40000000
 C	-9.18578128 -14.00029242 3.40000000
 C	14.68346972 -8.04901974 3.40000000
 C	-11.57275651 -14.59543218 3.40000000
 C	17.07027786 -7.45392163 3.40000000
 C	-13.95956465 -15.19053029 3.40000000
 C	19.45725308 -6.85878187 3.40000000
 C	-16.34653987 -15.78567006 3.40000000
 C	21.84417261 -6.26365599 3.40000000
 C	-18.73351510 -16.38080982 3.40000000
 C	24.23103645 -5.66854399 3.40000000
 C	0.36195254 -11.61977501 3.40000000
 C	-21.12037893 -16.97592182 3.40000000
 C	26.61801167 -5.07340423 3.40000000
 C	5.13573590 -10.42953714 3.40000000
 C	-23.50729846 -17.57104769 3.40000000
 C	29.00498690 -4.47826446 3.40000000
 C	-25.89427369 -18.16618746 3.40000000
 C	31.39179504 -3.88316635 3.40000000
 C	-28.28108183 -18.76128557 3.40000000
 C	33.77877026 -3.28802659 3.40000000
 C	-30.66805705 -19.35642533 3.40000000
 C	36.16568979 -2.69290071 3.40000000
 C	38.55255363 -2.09778872 3.40000000
 C	-2.02502269 -12.21491478 3.40000000
 C	7.52265543 -9.83441126 3.40000000
 C	-4.41199792 -12.81005455 3.40000000
 C	9.90951927 -9.23929927 3.40000000
 C	-6.79886175 -13.40516654 3.40000000
 C	12.29649449 -8.64415950 3.40000000
 C	-8.16409572 -13.01366214 3.40000000
 C	13.31818005 -7.65752923 3.40000000
 C	1.38347101 -10.63318640 3.40000000
 C	3.77044624 -10.03804663 3.40000000
 C	-10.55107094 -13.60880191 3.40000000
 C	15.70498819 -7.06243112 3.40000000
 C	-12.93804617 -14.20394168 3.40000000
 C	18.09196342 -6.46729136 3.40000000
 C	-15.32485431 -14.79903978 3.40000000
 C	20.47893864 -5.87215159 3.40000000
 C	-17.71182954 -15.39417955 3.40000000
 C	22.86591387 -5.27701183 3.40000000
 C	-20.09863768 -15.98927766 3.40000000
 C	25.25272201 -4.68191372 3.40000000
 C	-22.48561290 -16.58441742 3.40000000
 C	27.63969723 -4.08677395 3.40000000
 C	-24.87258813 -17.17955719 3.40000000
 C	30.02650537 -3.49167585 3.40000000
 C	-27.25956335 -17.77469695 3.40000000
 C	32.41348060 -2.89653608 3.40000000
 C	-29.64637149 -18.36979506 3.40000000
 C	34.80045582 -2.30139632 3.40000000
 C	37.18743105 -1.70625655 3.40000000
 C	-1.00333713 -11.22828451 3.40000000
 C	6.15742146 -9.44290687 3.40000000
 C	39.57423919 -1.11115844 3.40000000
 C	-3.39031235 -11.82342427 3.40000000
 C	8.54439669 -8.84776710 3.40000000
 C	-5.77712049 -12.41852238 3.40000000
 C	10.93120483 -8.25266900 3.40000000
 C	-8.50769982 -11.63554135 3.40000000
 C	12.97457595 -6.27940844 3.40000000
 C	1.04003399 -9.25502395 3.40000000
 C	3.42684213 -8.65992584 3.40000000
 C	-10.89467505 -12.23068112 3.40000000
 C	15.36155117 -5.68426867 3.40000000
 C	-13.28148319 -12.82577923 3.40000000
 C	17.74835931 -5.08917057 3.40000000
 C	-15.66845841 -13.42091899 3.40000000
 C	20.13533454 -4.49403080 3.40000000
 C	-18.05543364 -14.01605876 3.40000000
 C	22.52225407 -3.89890492 3.40000000
 C	-20.44229747 -14.61117075 3.40000000
 C	24.90911790 -3.30379293 3.40000000
 C	-22.82921700 -15.20629663 3.40000000
 C	27.29609313 -2.70865316 3.40000000
 C	-25.21619223 -15.80143640 3.40000000
 C	29.68306835 -2.11351340 3.40000000
 C	-27.60300037 -16.39653450 3.40000000
 C	32.06987649 -1.51841529 3.40000000
 C	-29.98997560 -16.99167427 3.40000000
 C	34.45685172 -0.92327552 3.40000000
 C	36.84377125 -0.32814964 3.40000000
 C	-1.34694123 -9.85016372 3.40000000
 C	5.81381736 -8.06478608 3.40000000
 C	39.23063509 0.26696235 3.40000000
 C	-3.73391646 -10.44530348 3.40000000
 C	8.20073689 -7.46966020 3.40000000
 C	-6.12078029 -11.04041547 3.40000000
 C	10.58760072 -6.87454820 3.40000000
 C	2.06150500 -8.26860087 3.40000000
 C	-9.87303695 -11.24421638 3.40000000
 C	13.99621405 -5.29294370 3.40000000
 C	16.38302219 -4.69784559 3.40000000
 C	-12.26001218 -11.83935614 3.40000000
 C	-14.64682032 -12.43445425 3.40000000
 C	18.76999741 -4.10270582 3.40000000
 C	-17.03379554 -13.02959401 3.40000000
 C	21.15697264 -3.50756606 3.40000000
 C	-19.42060368 -13.62469212 3.40000000
 C	23.54394786 -2.91242629 3.40000000
 C	-0.32530314 -8.86369897 3.40000000
 C	4.44848023 -7.67346110 3.40000000
 C	-21.80757891 -14.21983189 3.40000000
 C	25.93075600 -2.31732818 3.40000000
 C	-24.19455413 -14.81497165 3.40000000
 C	28.31773123 -1.72218842 3.40000000
 C	30.70453937 -1.12709031 3.40000000
 C	-26.58152936 -15.41011142 3.40000000
 C	-28.96833750 -16.00520952 3.40000000
 C	33.09151459 -0.53195055 3.40000000
 C	35.47848982 0.06318922 3.40000000
 C	37.86546504 0.65832899 3.40000000
 C	40.25227318 1.25342709 3.40000000
 C	-2.71227836 -9.45883874 3.40000000
 C	6.83545545 -7.07832133 3.40000000
 C	-5.09908650 -10.05393684 3.40000000
 C	9.22243068 -6.48318157 3.40000000
 C	-7.48606173 -10.64907661 3.40000000
 C	11.60923882 -5.88808346 3.40000000
 C	1.71806798 -6.89043842 3.40000000
 C	-10.21664106 -9.86609558 3.40000000
 C	13.65260994 -3.91482290 3.40000000
 C	-12.60344920 -10.46119369 3.40000000
 C	16.03958517 -3.31968314 3.40000000
 C	-14.99042442 -11.05633346 3.40000000
 C	18.42639331 -2.72458503 3.40000000
 C	-17.37739965 -11.65147322 3.40000000
 C	20.81336853 -2.12944527 3.40000000
 C	-19.76426348 -12.24658522 3.40000000
 C	23.20028806 -1.53431939 3.40000000
 C	-0.66890724 -7.48557818 3.40000000
 C	4.10487612 -6.29534031 3.40000000
 C	-22.15118301 -12.84171110 3.40000000
 C	25.58715190 -0.93920739 3.40000000
 C	-24.53815824 -13.43685086 3.40000000
 C	27.97412712 -0.34406763 3.40000000
 C	-26.92496638 -14.03194897 3.40000000
 C	30.36110235 0.25107214 3.40000000
 C	-29.31194160 -14.62708873 3.40000000
 C	32.74791049 0.84617024 3.40000000
 C	35.13488571 1.44131001 3.40000000
 C	37.52180524 2.03643589 3.40000000
 C	39.90866908 2.63154788 3.40000000
 C	-3.05588247 -8.08071795 3.40000000
 C	6.49185135 -5.70020054 3.40000000
 C	-5.44274630 -8.67582994 3.40000000
 C	8.87877088 -5.10507466 3.40000000
 C	-7.82966583 -9.27095582 3.40000000
 C	11.26563472 -4.50996267 3.40000000
 C	-9.19495550 -8.87946530 3.40000000
 C	12.28732027 -3.52333239 3.40000000
 C	0.35277832 -6.49894790 3.40000000
 C	2.73958646 -5.90384979 3.40000000
 C	-11.58193072 -9.47460507 3.40000000
 C	14.67429550 -2.92819262 3.40000000
 C	-13.96873886 -10.06970317 3.40000000
 C	17.06110364 -2.33309451 3.40000000
 C	-16.35571409 -10.66484294 3.40000000
 C	19.44807887 -1.73795475 3.40000000
 C	-18.74252223 -11.25994105 3.40000000
 C	21.83505409 -1.14281498 3.40000000
 C	-21.12949745 -11.85508081 3.40000000
 C	24.22202932 -0.54767522 3.40000000
 C	-23.51647268 -12.45022058 3.40000000
 C	26.60883746 0.04742289 3.40000000
 C	-25.90344790 -13.04536034 3.40000000
 C	28.99581268 0.64256266 3.40000000
 C	-28.29025604 -13.64045845 3.40000000
 C	31.38262082 1.23766076 3.40000000
 C	33.76959605 1.83280053 3.40000000
 C	36.15657127 2.42794029 3.40000000
 C	-2.03419691 -7.09408766 3.40000000
 C	5.12656168 -5.30871003 3.40000000
 C	38.54354650 3.02308006 3.40000000
 C	40.93035464 3.61817817 3.40000000
 C	-4.42100505 -7.68918577 3.40000000
 C	7.51353691 -4.71357026 3.40000000
 C	-6.80798027 -8.28432554 3.40000000
 C	9.90051213 -4.11843049 3.40000000
 C	-9.53855960 -7.50134452 3.40000000
 C	11.94371617 -2.14521161 3.40000000
 C	0.00917422 -5.12082712 3.40000000
 C	2.39614944 -4.52568735 3.40000000
 C	-11.92536774 -8.09644263 3.40000000
 C	14.33069140 -1.55007184 3.40000000
 C	-14.31234296 -8.69158239 3.40000000
 C	16.71766662 -0.95493207 3.40000000
 C	-16.69931819 -9.28672216 3.40000000
 C	19.10447476 -0.35983397 3.40000000
 C	-19.08618203 -9.88183415 3.40000000
 C	21.49144999 0.23530580 3.40000000
 C	-21.47310156 -10.47696003 3.40000000
 C	23.87836952 0.83043168 3.40000000
 C	-23.86007678 -11.07209980 3.40000000
 C	26.26523335 1.42554367 3.40000000
 C	-26.24688492 -11.66719790 3.40000000
 C	28.65220858 2.02068344 3.40000000
 C	-28.63386015 -12.26233767 3.40000000
 C	31.03918380 2.61582320 3.40000000
 C	33.42599194 3.21092131 3.40000000
 C	35.81296717 3.80606107 3.40000000
 C	-2.37780101 -5.71596688 3.40000000
 C	4.78295758 -3.93058924 3.40000000
 C	38.19988670 4.40118695 3.40000000
 C	40.58675054 4.99629895 3.40000000
 C	-4.76466484 -6.31107888 3.40000000
 C	7.16993281 -3.33544948 3.40000000
 C	-7.15158437 -6.90620475 3.40000000
 C	9.55685234 -2.74032360 3.40000000
 C	1.03085978 -4.13419683 3.40000000
 C	-10.90384927 -7.10985400 3.40000000
 C	12.96540173 -1.15858132 3.40000000
 C	-13.29065741 -7.70495211 3.40000000
 C	15.35237696 -0.56344156 3.40000000
 C	-15.67763263 -8.30009188 3.40000000
 C	17.73918510 0.03165655 3.40000000
 C	-18.06444077 -8.89518998 3.40000000
 C	20.12616032 0.62679632 3.40000000
 C	-20.45141600 -9.49032975 3.40000000
 C	22.51313555 1.22193608 3.40000000
 C	-1.35611545 -4.72933660 3.40000000
 C	3.41766792 -3.53909873 3.40000000
 C	-22.83839122 -10.08546951 3.40000000
 C	24.90011077 1.81707585 3.40000000
 C	-25.22536645 -10.68060928 3.40000000
 C	27.28691891 2.41217395 3.40000000
 C	-27.61217459 -11.27570739 3.40000000
 C	29.67389414 3.00731372 3.40000000
 C	32.06070228 3.60241183 3.40000000
 C	34.44767750 4.19755159 3.40000000
 C	36.83465273 4.79269136 3.40000000
 C	39.22162795 5.38783112 3.40000000
 C	41.60843609 5.98292923 3.40000000
 C	-3.74292359 -5.32443471 3.40000000
 C	5.80464314 -2.94395896 3.40000000
 C	-6.12989881 -5.91957447 3.40000000
 C	8.19161837 -2.34881920 3.40000000
 C	-8.51687404 -6.51471424 3.40000000
 C	10.57859359 -1.75367943 3.40000000
 C	0.68723985 -2.75613122 3.40000000
 C	-11.24730211 -5.73174673 3.40000000
 C	12.62178181 0.21948429 3.40000000
 C	-13.63427733 -6.32688650 3.40000000
 C	15.00875703 0.81462406 3.40000000
 C	-16.02125256 -6.92202626 3.40000000
 C	17.39573226 1.40976382 3.40000000
 C	-18.40811639 -7.51713825 3.40000000
 C	19.78254040 2.00486193 3.40000000
 C	-20.79503592 -8.11226413 3.40000000
 C	22.16951562 2.60000170 3.40000000
 C	-23.18201115 -8.70740390 3.40000000
 C	-1.69973538 -3.35127098 3.40000000
 C	24.55643515 3.19512758 3.40000000
 C	3.07421507 -2.16099145 3.40000000
 C	-25.56881929 -9.30250201 3.40000000
 C	26.94329899 3.79023957 3.40000000
 C	-27.95579451 -9.89764177 3.40000000
 C	29.33027421 4.38537933 3.40000000
 C	31.71724944 4.98051910 3.40000000
 C	34.10405758 5.57561721 3.40000000
 C	36.49103280 6.17075697 3.40000000
 C	38.87795233 6.76588285 3.40000000
 C	41.26481617 7.36099484 3.40000000
 C	-4.08659921 -3.94638298 3.40000000
 C	5.46102322 -1.56589335 3.40000000
 C	-6.47351874 -4.54150886 3.40000000
 C	7.84799844 -0.97075358 3.40000000
 C	-8.86049397 -5.13664862 3.40000000
 C	10.23491797 -0.37562770 3.40000000
 C	-10.22576781 -4.74510294 3.40000000
 C	11.25667505 0.61107164 3.40000000
 C	-0.67803399 -2.36458553 3.40000000
 C	1.70894123 -1.76944577 3.40000000
 C	-12.61257595 -5.34020105 3.40000000
 C	13.64348319 1.20616974 3.40000000
 C	-14.99955117 -5.93534081 3.40000000
 C	16.03045841 1.80130951 3.40000000
 C	-17.38635931 -6.53043892 3.40000000
 C	18.41726655 2.39640761 3.40000000
 C	-19.77333454 -7.12557868 3.40000000
 C	20.80424178 2.99154738 3.40000000
 C	-22.16030976 -7.72071845 3.40000000
 C	23.19121700 3.58668715 3.40000000
 C	-24.54728499 -8.31585822 3.40000000
 C	25.57819223 4.18182691 3.40000000
 C	-26.93409313 -8.91095632 3.40000000
 C	27.96500037 4.77692502 3.40000000
 C	30.35197560 5.37206478 3.40000000
 C	32.73878374 5.96716289 3.40000000
 C	35.12575896 6.56230266 3.40000000
 C	-3.06484213 -2.95968364 3.40000000
 C	4.09574937 -1.17434766 3.40000000
 C	37.51273419 7.15744242 3.40000000
 C	39.89970941 7.75258219 3.40000000
 C	42.28651755 8.34768029 3.40000000
 C	-5.45181736 -3.55482341 3.40000000
 C	6.48272460 -0.57920790 3.40000000
 C	-7.83879258 -4.14996317 3.40000000
 C	8.86969982 0.01593187 3.40000000
 C	-10.56925229 -3.36710602 3.40000000
 C	10.91296778 1.98901301 3.40000000
 C	-1.02168556 -0.98663027 3.40000000
 C	1.36528966 -0.39149051 3.40000000
 C	-12.95622752 -3.96224578 3.40000000
 C	13.29983162 2.58412500 3.40000000
 C	-15.34320274 -4.55738555 3.40000000
 C	15.68680684 3.17926477 3.40000000
 C	-17.73006658 -5.15249754 3.40000000
 C	18.07378207 3.77440453 3.40000000
 C	-20.11698611 -5.74762342 3.40000000
 C	20.46059021 4.36950264 3.40000000
 C	-22.50396133 -6.34276319 3.40000000
 C	22.84756544 4.96464241 3.40000000
 C	-24.89076947 -6.93786129 3.40000000
 C	25.23448497 5.55976829 3.40000000
 C	-27.27774470 -7.53300106 3.40000000
 C	27.62134880 6.15488028 3.40000000
 C	30.00832403 6.75002005 3.40000000
 C	32.39529925 7.34515981 3.40000000
 C	34.78210739 7.94025792 3.40000000
 C	-3.40854940 -1.58174227 3.40000000
 C	3.75226489 0.20364926 3.40000000
 C	37.16908262 8.53539768 3.40000000
 C	39.55600215 9.13052356 3.40000000
 C	41.94286598 9.72563556 3.40000000
 C	-5.79546893 -2.17686815 3.40000000
 C	6.13907303 0.79874736 3.40000000
 C	-8.18244415 -2.77200791 3.40000000
 C	8.52604825 1.39388713 3.40000000
 C	0.00000000 0.00000000 3.40000000
 C	-11.93454196 -2.97561551 3.40000000
 C	11.93470904 2.97565717 3.40000000
 C	-14.32151718 -3.57075528 3.40000000
 C	14.32151718 3.57075528 3.40000000
 C	-16.70832532 -4.16585338 3.40000000
 C	16.70849241 4.16589504 3.40000000
 C	-19.09530055 -4.76099315 3.40000000
 C	19.09530055 4.76099315 3.40000000
 C	-21.48227577 -5.35613291 3.40000000
 C	21.48227577 5.35613291 3.40000000
 C	-2.38680814 -0.59509811 3.40000000
 C	-23.86925100 -5.95127268 3.40000000
 C	23.86925100 5.95127268 3.40000000
 C	2.38697523 0.59513977 3.40000000
 C	-26.25605914 -6.54637079 3.40000000
 C	26.25622622 6.54641245 3.40000000
 C	28.64303436 7.14151055 3.40000000
 C	31.03000959 7.73665032 3.40000000
 C	33.41681773 8.33174843 3.40000000
 C	35.80379295 8.92688819 3.40000000
 C	38.19076818 9.52202796 3.40000000
 C	40.57774340 10.11716772 3.40000000
 C	42.96455154 10.71226583 3.40000000
 C	-4.77378337 -1.19023787 3.40000000
 C	4.77378337 1.19023787 3.40000000
 C	-7.16075859 -1.78537764 3.40000000
 C	7.16075859 1.78537764 3.40000000
 C	-9.54773382 -2.38051740 3.40000000
 C	9.54773382 2.38051740 3.40000000
 C	-0.34360410 1.37812079 3.40000000
 C	-12.27814606 -1.59749472 3.40000000
 C	11.59104924 4.35376407 3.40000000
 C	-14.66512129 -2.19263449 3.40000000
 C	13.97791308 4.94887607 3.40000000
 C	-17.05198512 -2.78774648 3.40000000
 C	16.36488830 5.54401583 3.40000000
 C	-19.43890465 -3.38287236 3.40000000
 C	18.75186353 6.13915560 3.40000000
 C	-21.82587988 -3.97801212 3.40000000
 C	21.13867167 6.73425371 3.40000000
 C	-2.73046794 0.78300880 3.40000000
 C	-24.21268802 -4.57311023 3.40000000
 C	23.52564689 7.32939347 3.40000000
 C	2.04337112 1.97326056 3.40000000
 C	-26.59966324 -5.16825000 3.40000000
 C	25.91256642 7.92451935 3.40000000
 C	28.29943026 8.51963134 3.40000000
 C	30.68640548 9.11477111 3.40000000
 C	33.07338071 9.70991088 3.40000000
 C	35.46018885 10.30500898 3.40000000
 C	37.84716407 10.90014875 3.40000000
 C	40.23408360 11.49527463 3.40000000
 C	42.62094744 12.09038662 3.40000000
 C	-5.11738747 0.18788292 3.40000000
 C	4.43034635 2.56840032 3.40000000
 C	-7.50436270 -0.40725685 3.40000000
 C	6.81715449 3.16349843 3.40000000
 C	-9.89117084 -1.00235495 3.40000000
 C	9.20412971 3.75863819 3.40000000
 C	-11.25646050 -0.61086445 3.40000000
 C	10.22581527 4.74526847 3.40000000
 C	-1.70872668 1.76965296 3.40000000
 C	0.67808146 2.36475106 3.40000000
 C	-13.64343572 -1.20600421 3.40000000
 C	12.61279050 5.34040823 3.40000000
 C	-16.03024386 -1.80110232 3.40000000
 C	14.99959864 5.93550634 3.40000000
 C	-18.41721909 -2.39624208 3.40000000
 C	17.38657386 6.53064611 3.40000000
 C	-20.80419431 -2.99138185 3.40000000
 C	19.77338200 7.12574421 3.40000000
 C	-23.19116954 -3.58652162 3.40000000
 C	22.16035723 7.72088398 3.40000000
 C	-25.57797768 -4.18161972 3.40000000
 C	24.54733245 8.31602374 3.40000000
 C	26.93430768 8.91116351 3.40000000
 C	29.32111582 9.50626162 3.40000000
 C	31.70809104 10.10140138 3.40000000
 C	34.09489919 10.69649949 3.40000000
 C	-4.09570191 1.17451319 3.40000000
 C	3.06505668 2.95989083 3.40000000
 C	36.48187441 11.29163926 3.40000000
 C	38.86884964 11.88677902 3.40000000
 C	41.25582486 12.48191879 3.40000000
 C	43.64263300 13.07701689 3.40000000
 C	-6.48267713 0.57937343 3.40000000
 C	5.45186482 3.55498894 3.40000000
 C	-8.86965236 -0.01576634 3.40000000
 C	7.83884005 4.15012870 3.40000000
 C	-11.60006460 0.76725634 3.40000000
 C	9.88221117 6.12338926 3.40000000
 C	-2.05238648 3.14775986 3.40000000
 C	0.33447735 3.74287186 3.40000000
 C	-13.98703983 0.17211658 3.40000000
 C	12.26913070 6.71851514 3.40000000
 C	-16.37390366 -0.42299541 3.40000000
 C	14.65599453 7.31362713 3.40000000
 C	-18.76082319 -1.01812129 3.40000000
 C	17.04296976 7.90876690 3.40000000
 C	-21.14779842 -1.61326106 3.40000000
 C	19.42994498 8.50390666 3.40000000
 C	-23.53460656 -2.20835917 3.40000000
 C	21.81675312 9.09900477 3.40000000
 C	-25.92158178 -2.80349893 3.40000000
 C	24.20372835 9.69414454 3.40000000
 C	26.59064788 10.28927042 3.40000000
 C	28.97751172 10.88438241 3.40000000
 C	31.36448694 11.47952217 3.40000000
 C	33.75146217 12.07466194 3.40000000
 C	-4.43930601 2.55263398 3.40000000
 C	2.72145258 4.33801162 3.40000000
 C	36.13827031 12.66976005 3.40000000
 C	38.52524553 13.26489981 3.40000000
 C	40.91216506 13.86002569 3.40000000
 C	43.29902890 14.45513768 3.40000000
 C	-6.82628124 1.95749422 3.40000000
 C	5.10842780 4.93315139 3.40000000
 C	-9.21308938 1.36239611 3.40000000
 C	7.49523594 5.52824949 3.40000000
 C	-1.03069269 4.13423849 3.40000000
 C	-12.96540173 1.15858132 3.40000000
 C	10.90384927 7.10985400 3.40000000
 C	-15.35220987 0.56348322 3.40000000
 C	13.29082449 7.70499377 3.40000000
 C	-17.73918510 -0.03165655 3.40000000
 C	15.67763263 8.30009188 3.40000000
 C	-20.12616032 -0.62679632 3.40000000
 C	18.06460786 8.89523164 3.40000000
 C	20.45141600 9.49032975 3.40000000
 C	-22.51313555 -1.22193608 3.40000000
 C	-3.41766792 3.53909873 3.40000000
 C	1.35611545 4.72933660 3.40000000
 C	-24.89994369 -1.81703419 3.40000000
 C	22.83839122 10.08546951 3.40000000
 C	25.22536645 10.68060928 3.40000000
 C	27.61234167 11.27574905 3.40000000
 C	29.99914981 11.87084715 3.40000000
 C	32.38612504 12.46598692 3.40000000
 C	34.77293318 13.06108502 3.40000000
 C	37.15990840 13.65622479 3.40000000
 C	39.54688363 14.25136456 3.40000000
 C	41.93385885 14.84650432 3.40000000
 C	44.32066699 15.44160243 3.40000000
 C	-5.80464314 2.94395896 3.40000000
 C	3.74309067 5.32447636 3.40000000
 C	6.12989881 5.91957447 3.40000000
 C	-8.19161837 2.34881920 3.40000000
 C	-10.57842651 1.75372109 3.40000000
 C	8.51687404 6.51471424 3.40000000
 C	-1.37435249 5.51234540 3.40000000
 C	-13.30900584 2.53670211 3.40000000
 C	10.56024516 8.48797479 3.40000000
 C	-15.69586967 1.94159012 3.40000000
 C	12.94716469 9.08310067 3.40000000
 C	-18.08278920 1.34646424 3.40000000
 C	15.33402853 9.67821267 3.40000000
 C	-20.46976443 0.75132448 3.40000000
 C	17.72100375 10.27335243 3.40000000
 C	-22.85657257 0.15622637 3.40000000
 C	20.10797898 10.86849220 3.40000000
 C	-3.76127202 4.91721952 3.40000000
 C	1.01251135 6.10745739 3.40000000
 C	-25.24354779 -0.43891340 3.40000000
 C	22.49478712 11.46359030 3.40000000
 C	24.88176234 12.05873007 3.40000000
 C	27.26868187 12.65385595 3.40000000
 C	29.65554571 13.24896794 3.40000000
 C	32.04252093 13.84410771 3.40000000
 C	34.42949616 14.43924747 3.40000000
 C	36.81630430 15.03434558 3.40000000
 C	39.20327952 15.62948535 3.40000000
 C	41.59019905 16.22461123 3.40000000
 C	43.97706289 16.81972322 3.40000000
 C	-6.14824725 4.32207975 3.40000000
 C	3.39948657 6.70259716 3.40000000
 C	-8.53505539 3.72698164 3.40000000
 C	5.78646180 7.29773692 3.40000000
 C	-10.92203061 3.13184188 3.40000000
 C	8.17326994 7.89283503 3.40000000
 C	-12.28732028 3.52333240 3.40000000
 C	9.19495549 8.87946531 3.40000000
 C	-2.73958646 5.90384980 3.40000000
 C	-0.35261124 6.49898957 3.40000000
 C	-14.67412842 2.92823429 3.40000000
 C	11.58193072 9.47460508 3.40000000
 C	-17.06110364 2.33309452 3.40000000
 C	13.96890595 10.06974484 3.40000000
 C	-19.44807887 1.73795476 3.40000000
 C	16.35571409 10.66484295 3.40000000
 C	-21.83505409 1.14281499 3.40000000
 C	18.74268931 11.25998272 3.40000000
 C	-24.22186223 0.54771689 3.40000000
 C	21.12949745 11.85508082 3.40000000
 C	23.51647268 12.45022059 3.40000000
 C	25.90344790 13.04536035 3.40000000
 C	28.29042313 13.64050012 3.40000000
 C	30.67723127 14.23559823 3.40000000
 C	33.06420649 14.83073799 3.40000000
 C	-5.12656169 5.30871003 3.40000000
 C	2.03419690 7.09408767 3.40000000
 C	35.45101463 15.42583610 3.40000000
 C	37.83798986 16.02097586 3.40000000
 C	40.22496508 16.61611563 3.40000000
 C	42.61194031 17.21125540 3.40000000
 C	44.99874845 17.80635350 3.40000000
 C	-7.51353691 4.71357027 3.40000000
 C	4.42117213 7.68922744 3.40000000
 C	-9.90034505 4.11847216 3.40000000
 C	6.80798027 8.28432555 3.40000000
 C	-12.63092438 4.90145318 3.40000000
 C	8.85135139 10.25758609 3.40000000
 C	-3.08319056 7.28197058 3.40000000
 C	-0.69627103 7.87709646 3.40000000
 C	-15.01778821 4.30634118 3.40000000
 C	11.23832662 10.85272586 3.40000000
 C	-17.40470774 3.71121531 3.40000000
 C	13.62524615 11.44785174 3.40000000
 C	-19.79168297 3.11607554 3.40000000
 C	16.01210998 12.04296373 3.40000000
 C	-22.17849111 2.52097743 3.40000000
 C	18.39908521 12.63810350 3.40000000
 C	-24.56546634 1.92583767 3.40000000
 C	20.78606043 13.23324326 3.40000000
 C	23.17286857 13.82834137 3.40000000
 C	25.55984380 14.42348113 3.40000000
 C	27.94676333 15.01860701 3.40000000
 C	30.33362716 15.61371901 3.40000000
 C	32.72060239 16.20885877 3.40000000
 C	-5.47016579 6.68683082 3.40000000
 C	1.69059280 8.47220845 3.40000000
 C	35.10757762 16.80399854 3.40000000
 C	37.49438576 17.39909665 3.40000000
 C	39.88136098 17.99423641 3.40000000
 C	42.26828051 18.58936229 3.40000000
 C	44.65514435 19.18447428 3.40000000
 C	-7.85697393 6.09173271 3.40000000
 C	4.07756803 9.06734822 3.40000000
 C	-10.24394915 5.49659294 3.40000000
 C	6.46454325 9.66248799 3.40000000
 C	-2.06150500 8.26860087 3.40000000
 C	-13.99604696 5.29298535 3.40000000
 C	9.87303695 11.24421638 3.40000000
 C	-16.38302219 4.69784559 3.40000000
 C	12.26001218 11.83935614 3.40000000
 C	-18.76999741 4.10270582 3.40000000
 C	14.64698740 12.43449591 3.40000000
 C	-21.15697264 3.50756606 3.40000000
 C	17.03379554 13.02959401 3.40000000
 C	-23.54378078 2.91246795 3.40000000
 C	19.42077077 13.62473378 3.40000000
 C	-4.44848023 7.67346110 3.40000000
 C	21.80757891 14.21983189 3.40000000
 C	0.32547022 8.86374063 3.40000000
 C	24.19455413 14.81497165 3.40000000
 C	26.58152936 15.41011142 3.40000000
 C	28.96850458 16.00525118 3.40000000
 C	31.35531272 16.60034929 3.40000000
 C	33.74228795 17.19548906 3.40000000
 C	36.12909609 17.79058716 3.40000000
 C	38.51607131 18.38572693 3.40000000
 C	40.90304654 18.98086669 3.40000000
 C	43.29002176 19.57600646 3.40000000
 C	45.67682991 20.17110457 3.40000000
 C	-6.83545545 7.07832133 3.40000000
 C	2.71227836 9.45883874 3.40000000
 C	-9.22226359 6.48322323 3.40000000
 C	5.09925359 10.05397850 3.40000000
 C	-11.60923882 5.88808346 3.40000000
 C	7.48606173 10.64907661 3.40000000
 C	-2.40512493 9.64666648 3.40000000
 C	-14.33972258 6.67103708 3.40000000
 C	9.52941703 12.62228199 3.40000000
 C	-16.72664211 6.07591120 3.40000000
 C	11.91639225 13.21742176 3.40000000
 C	-19.11361734 5.48077144 3.40000000
 C	14.30331178 13.81254764 3.40000000
 C	-21.50042548 4.88567333 3.40000000
 C	16.69017562 14.40765963 3.40000000
 C	-23.88740070 4.29053356 3.40000000
 C	19.07715084 15.00279939 3.40000000
 C	-4.79210016 9.05152671 3.40000000
 C	21.46412607 15.59793916 3.40000000
 C	-0.01820540 10.24179236 3.40000000
 C	23.85093421 16.19303727 3.40000000
 C	26.23790943 16.78817703 3.40000000
 C	28.62482896 17.38330291 3.40000000
 C	31.01169280 17.97841490 3.40000000
 C	33.39866802 18.57355467 3.40000000
 C	35.78564325 19.16869444 3.40000000
 C	38.17245139 19.76379254 3.40000000
 C	40.55942661 20.35893231 3.40000000
 C	42.94634614 20.95405819 3.40000000
 C	-7.17890830 8.45642861 3.40000000
 C	45.33320998 21.54917018 3.40000000
 C	2.36865844 10.83690435 3.40000000
 C	-9.56588352 7.86128884 3.40000000
 C	4.75563366 11.43204412 3.40000000
 C	-11.95285875 7.26614908 3.40000000
 C	7.14260889 12.02718388 3.40000000
 C	-13.31796550 7.65773642 3.40000000
 C	8.16414318 13.01382767 3.40000000
 C	-3.77039877 10.03821216 3.40000000
 C	-1.38342355 10.63335193 3.40000000
 C	-15.70494073 7.06259665 3.40000000
 C	10.55111841 13.60896744 3.40000000
 C	-18.09191595 6.46745689 3.40000000
 C	12.93809363 14.20410721 3.40000000
 C	-20.47889118 5.87231712 3.40000000
 C	15.32506886 14.79924697 3.40000000
 C	-22.86569932 5.27721901 3.40000000
 C	17.71187700 15.39434508 3.40000000
 C	20.09885222 15.98948484 3.40000000
 C	22.48566037 16.58458295 3.40000000
 C	24.87263559 17.17972272 3.40000000
 C	27.25961082 17.77486248 3.40000000
 C	29.64658604 18.37000225 3.40000000
 C	32.03339418 18.96510035 3.40000000
 C	-6.15737400 9.44307240 3.40000000
 C	1.00355168 11.22849170 3.40000000
 C	34.42036941 19.56024012 3.40000000
 C	36.80717755 20.15533823 3.40000000
 C	39.19415277 20.75047799 3.40000000
 C	41.58112800 21.34561776 3.40000000
 C	43.96810322 21.94075752 3.40000000
 C	46.35491136 22.53585563 3.40000000
 C	-8.54418214 8.84797429 3.40000000
 C	3.39035982 11.82358980 3.40000000
 C	-10.93115736 8.25283453 3.40000000
 C	5.77733504 12.41872957 3.40000000
 C	-13.66167277 9.03567779 3.40000000
 C	7.82065870 14.39182459 3.40000000
 C	-4.11405034 11.41616742 3.40000000
 C	-1.72707512 12.01130719 3.40000000
 C	-16.04859230 8.44055191 3.40000000
 C	10.20746684 14.98692270 3.40000000
 C	-18.43556752 7.84541215 3.40000000
 C	12.59444207 15.58206247 3.40000000
 C	-20.82237566 7.25031404 3.40000000
 C	14.98136160 16.17718835 3.40000000
 C	-23.20935089 6.65517428 3.40000000
 C	17.36822543 16.77230034 3.40000000
 C	19.75520066 17.36744011 3.40000000
 C	22.14217588 17.96257987 3.40000000
 C	24.52898402 18.55767798 3.40000000
 C	26.91595925 19.15281774 3.40000000
 C	29.30287878 19.74794362 3.40000000
 C	31.68974261 20.34305562 3.40000000
 C	-6.50085848 10.82106932 3.40000000
 C	0.65984441 12.60643307 3.40000000
 C	34.07671784 20.93819538 3.40000000
 C	36.46369306 21.53333515 3.40000000
 C	38.85050120 22.12843325 3.40000000
 C	41.23747643 22.72357302 3.40000000
 C	43.62439596 23.31869890 3.40000000
 C	46.01125979 23.91381089 3.40000000
 C	-8.88783371 10.22592955 3.40000000
 C	3.04670825 13.20154506 3.40000000
 C	-11.27480893 9.63078979 3.40000000
 C	5.43368347 13.79668483 3.40000000
 C	-3.09236478 12.40279770 3.40000000
 C	-15.02690674 9.42718219 3.40000000
 C	8.84217718 15.37841321 3.40000000
 C	-17.41388196 8.83204242 3.40000000
 C	11.22915240 15.97355297 3.40000000
 C	-19.80085719 8.23690266 3.40000000
 C	13.61612763 16.56869274 3.40000000
 C	-22.18766533 7.64180455 3.40000000
 C	16.00310285 17.16383251 3.40000000
 C	18.38991099 17.75893061 3.40000000
 C	20.77688622 18.35407038 3.40000000
 C	-5.47934000 11.80765793 3.40000000
 C	-0.70538955 12.99793746 3.40000000
 C	23.16369436 18.94916849 3.40000000
 C	25.55066958 19.54430825 3.40000000
 C	27.93764481 20.13944802 3.40000000
 C	30.32462003 20.73458778 3.40000000
 C	32.71142817 21.32968589 3.40000000
 C	35.09840340 21.92482566 3.40000000
 C	37.48521154 22.51992376 3.40000000
 C	39.87218676 23.11506353 3.40000000
 C	42.25916199 23.71020329 3.40000000
 C	-7.86614815 11.21255983 3.40000000
 C	44.64613721 24.30534306 3.40000000
 C	1.68158567 13.59307723 3.40000000
 C	47.03294535 24.90044117 3.40000000
 C	-10.25312337 10.61742006 3.40000000
 C	4.06839381 14.18817534 3.40000000
 C	-12.63993151 10.02232195 3.40000000
 C	6.45536904 14.78331510 3.40000000
 C	-3.43596888 13.78091849 3.40000000
 C	-15.37051084 10.80530298 3.40000000
 C	8.49874016 16.75657566 3.40000000
 C	-17.75748607 10.21016321 3.40000000
 C	10.88554830 17.35167377 3.40000000
 C	-20.14429421 9.61506511 3.40000000
 C	13.27252352 17.94681353 3.40000000
 C	-22.53126943 9.01992534 3.40000000
 C	15.65944305 18.54193941 3.40000000
 C	18.04630689 19.13705140 3.40000000
 C	-5.82277702 13.18582038 3.40000000
 C	20.43328211 19.73219117 3.40000000
 C	-1.04899366 14.37605826 3.40000000
 C	22.82025734 20.32733094 3.40000000
 C	25.20706548 20.92242904 3.40000000
 C	27.59404070 21.51756881 3.40000000
 C	29.98096023 22.11269469 3.40000000
 C	32.36782407 22.70780668 3.40000000
 C	34.75479929 23.30294645 3.40000000
 C	37.14177452 23.89808621 3.40000000
 C	39.52858266 24.49318432 3.40000000
 C	41.91555788 25.08832408 3.40000000
 C	-8.20975225 12.59068062 3.40000000
 C	44.30247741 25.68344996 3.40000000
 C	1.33792587 14.97118413 3.40000000
 C	46.68934125 26.27856196 3.40000000
 C	-10.59672747 11.99554085 3.40000000
 C	3.72478971 15.56629613 3.40000000
 C	-12.98359131 11.40042886 3.40000000
 C	6.11176493 16.16143589 3.40000000
 C	-14.34882528 11.79193325 3.40000000
 C	7.13345049 17.14806617 3.40000000
 C	-4.80125855 14.17240900 3.40000000
 C	-2.41428332 14.76754876 3.40000000
 C	-16.73580050 11.19679349 3.40000000
 C	9.52025863 17.74316427 3.40000000
 C	-19.12277573 10.60165372 3.40000000
 C	11.90723386 18.33830404 3.40000000
 C	-21.50958387 10.00655561 3.40000000
 C	14.29420908 18.93344380 3.40000000
 C	16.68118431 19.52858357 3.40000000
 C	19.06799245 20.12368168 3.40000000
 C	21.45496767 20.71882144 3.40000000
 C	23.84177581 21.31391955 3.40000000
 C	26.22875104 21.90905932 3.40000000
 C	28.61572627 22.50419908 3.40000000
 C	31.00270149 23.09933885 3.40000000
 C	-7.18806669 13.57731089 3.40000000
 C	-0.02730810 15.36268853 3.40000000
 C	33.38950963 23.69443695 3.40000000
 C	35.77648486 24.28957672 3.40000000
 C	38.16329300 24.88467483 3.40000000
 C	40.55026822 25.47981459 3.40000000
 C	42.93724345 26.07495436 3.40000000
 C	45.32421867 26.67009412 3.40000000
 C	47.71102681 27.26519223 3.40000000
 C	-9.57504191 12.98217112 3.40000000
 C	2.35966713 15.95782829 3.40000000
 C	-11.96185005 12.38707302 3.40000000
 C	4.74647527 16.55292640 3.40000000
 C	-14.69242938 13.17005404 3.40000000
 C	6.78984639 18.52618696 3.40000000
 C	-5.14469557 15.55057145 3.40000000
 C	-2.75788743 16.14566955 3.40000000
 C	-17.07940461 12.57491428 3.40000000
 C	9.17682161 19.12132672 3.40000000
 C	-19.46621275 11.97981617 3.40000000
 C	11.56362975 19.71642483 3.40000000
 C	-21.85318797 11.38467640 3.40000000
 C	13.95060498 20.31156460 3.40000000
 C	16.33752451 20.90669048 3.40000000
 C	18.72438834 21.50180247 3.40000000
 C	21.11136357 22.09694223 3.40000000
 C	23.49833880 22.69208200 3.40000000
 C	25.88514694 23.28718011 3.40000000
 C	28.27212216 23.88231987 3.40000000
 C	30.65904169 24.47744575 3.40000000
 C	-7.53167079 14.95543168 3.40000000
 C	-0.37091220 16.74080932 3.40000000
 C	33.04590553 25.07255774 3.40000000
 C	35.43288075 25.66769751 3.40000000
 C	37.81985598 26.26283728 3.40000000
 C	40.20666412 26.85793538 3.40000000
 C	42.59363934 27.45307515 3.40000000
 C	44.98055887 28.04820103 3.40000000
 C	47.36742271 28.64331302 3.40000000
 C	-9.91864602 14.36029192 3.40000000
 C	2.01600733 17.33593520 3.40000000
 C	-12.30550985 13.76517992 3.40000000
 C	4.40287116 17.93104719 3.40000000
 C	-4.12322456 16.53699453 3.40000000
 C	-16.05776651 13.56137902 3.40000000
 C	7.81148449 19.51265170 3.40000000
 C	10.19829263 20.10774981 3.40000000
 C	-18.44474174 12.96623926 3.40000000
 C	-20.83154988 12.37114115 3.40000000
 C	12.58526785 20.70288957 3.40000000
 C	14.97224308 21.29802934 3.40000000
 C	17.35921830 21.89316911 3.40000000
 C	-6.51003270 15.94189642 3.40000000
 C	-1.73624933 17.13213430 3.40000000
 C	19.74602644 22.48826721 3.40000000
 C	22.13300167 23.08340698 3.40000000
 C	24.51980981 23.67850508 3.40000000
 C	26.90678503 24.27364485 3.40000000
 C	29.29376026 24.86878462 3.40000000
 C	31.68073548 25.46392438 3.40000000
 C	34.06754362 26.05902249 3.40000000
 C	36.45451885 26.65416225 3.40000000
 C	38.84132699 27.24926036 3.40000000
 C	41.22830221 27.84440013 3.40000000
 C	43.61527744 28.43953989 3.40000000
 C	-8.89700792 15.34675666 3.40000000
 C	0.65072589 17.72727406 3.40000000
 C	46.00225266 29.03467966 3.40000000
 C	48.38906080 29.62977777 3.40000000
 C	-11.28381606 14.75165855 3.40000000
 C	3.03770112 18.32241383 3.40000000
 C	-13.67079129 14.15651879 3.40000000
 C	5.42450926 18.91751194 3.40000000
 C	-4.46666158 17.91515698 3.40000000
 C	-16.40137062 14.93949981 3.40000000
 C	7.46788038 20.89077249 3.40000000
 C	-18.78817876 14.34440171 3.40000000
 C	9.85485561 21.48591226 3.40000000
 C	-21.17515398 13.74926194 3.40000000
 C	12.24166375 22.08101036 3.40000000
 C	14.62863897 22.67615013 3.40000000
 C	17.01555850 23.27127601 3.40000000
 C	-6.85363680 17.32001722 3.40000000
 C	-2.07985343 18.51025509 3.40000000
 C	19.40242234 23.86638800 3.40000000
 C	21.78939756 24.46152777 3.40000000
 C	24.17637279 25.05666753 3.40000000
 C	26.56318093 25.65176564 3.40000000
 C	28.95015615 26.24690541 3.40000000
 C	31.33707568 26.84203129 3.40000000
 C	33.72393952 27.43714328 3.40000000
 C	36.11091474 28.03228305 3.40000000
 C	38.49788997 28.62742281 3.40000000
 C	40.88469811 29.22252092 3.40000000
 C	43.27167333 29.81766068 3.40000000
 C	-9.24061203 16.72487745 3.40000000
 C	0.30712179 19.10539485 3.40000000
 C	45.65859286 30.41278656 3.40000000
 C	48.04545670 31.00789856 3.40000000
 C	-11.62747586 16.12976546 3.40000000
 C	2.69404132 19.70052073 3.40000000
 C	-14.01439539 15.53463958 3.40000000
 C	5.08090516 20.29563273 3.40000000
 C	-15.37968506 15.92613010 3.40000000
 C	6.10259072 21.28226301 3.40000000
 C	-5.83195124 18.30664750 3.40000000
 C	-3.44514310 18.90174561 3.40000000
 C	-17.76666028 15.33099033 3.40000000
 C	8.48956594 21.87740278 3.40000000
 C	-20.15346842 14.73589222 3.40000000
 C	10.87637408 22.47250088 3.40000000
 C	13.26334931 23.06764065 3.40000000
 C	15.65032453 23.66278041 3.40000000
 C	18.03729976 24.25792018 3.40000000
 C	20.42410790 24.85301829 3.40000000
 C	22.81108312 25.44815805 3.40000000
 C	25.19789126 26.04325616 3.40000000
 C	27.58486649 26.63839592 3.40000000
 C	29.97184171 27.23353569 3.40000000
 C	-8.21892647 17.71150773 3.40000000
 C	-1.05816788 19.49688537 3.40000000
 C	32.35881694 27.82867546 3.40000000
 C	34.74562508 28.42377356 3.40000000
 C	37.13260030 29.01891333 3.40000000
 C	39.51940844 29.61401144 3.40000000
 C	41.90638367 30.20915120 3.40000000
 C	44.29335889 30.80429097 3.40000000
 C	46.68033412 31.39943073 3.40000000
 C	49.06714226 31.99452884 3.40000000
 C	-10.60573461 17.11640963 3.40000000
 C	1.32880735 20.09202514 3.40000000
 C	-12.99270983 16.52126986 3.40000000
 C	3.71578257 20.68716490 3.40000000
 C	-15.72328916 17.30425088 3.40000000
 C	5.75898661 22.66038379 3.40000000
 C	-6.17555534 19.68476828 3.40000000
 C	-3.78858012 20.27990805 3.40000000
 C	-18.11009730 16.70915277 3.40000000
 C	8.14596184 23.25552356 3.40000000
 C	-20.49707252 16.11401300 3.40000000
 C	10.53293706 23.85066332 3.40000000
 C	12.91974520 24.44576143 3.40000000
 C	15.30672043 25.04090119 3.40000000
 C	17.69363996 25.63602707 3.40000000
 C	20.08050379 26.23113907 3.40000000
 C	22.46747902 26.82627883 3.40000000
 C	24.85445424 27.42141860 3.40000000
 C	27.24126238 28.01651671 3.40000000
 C	29.62823761 28.61165647 3.40000000
 C	-8.56253057 19.08962851 3.40000000
 C	-1.40177198 20.87500615 3.40000000
 C	32.01515714 29.20678235 3.40000000
 C	34.40202098 29.80189434 3.40000000
 C	36.78899620 30.39703411 3.40000000
 C	39.17597143 30.99217388 3.40000000
 C	41.56277957 31.58727198 3.40000000
 C	43.94975479 32.18241175 3.40000000
 C	46.33667432 32.77753763 3.40000000
 C	48.72353816 33.37264962 3.40000000
 C	-10.94939440 18.49451652 3.40000000
 C	0.98520325 21.47014592 3.40000000
 C	-13.33631393 17.89939064 3.40000000
 C	3.37212278 22.06527180 3.40000000
 C	-5.15386978 20.67139856 3.40000000
 C	-17.08857882 17.69574139 3.40000000
 C	6.78067217 23.64701407 3.40000000
 C	-19.47538697 17.10064329 3.40000000
 C	9.16764740 24.24215384 3.40000000
 C	11.55445554 24.83725195 3.40000000
 C	13.94143076 25.43239171 3.40000000
 C	16.32840599 26.02753148 3.40000000
 C	-7.54084501 20.07625880 3.40000000
 C	-2.76706164 21.26649667 3.40000000
 C	18.71538121 26.62267124 3.40000000
 C	21.10218935 27.21776935 3.40000000
 C	23.48916458 27.81290912 3.40000000
 C	25.87597272 28.40800722 3.40000000
 C	28.26294794 29.00314699 3.40000000
 C	30.64992317 29.59828675 3.40000000
 C	33.03689839 30.19342652 3.40000000
 C	35.42370653 30.78852463 3.40000000
 C	37.81068176 31.38366439 3.40000000
 C	40.19748990 31.97876250 3.40000000
 C	-9.92765315 19.48116069 3.40000000
 C	42.58446513 32.57390227 3.40000000
 C	-0.38008642 21.86163644 3.40000000
 C	44.97144035 33.16904203 3.40000000
 C	47.35841558 33.76418180 3.40000000
 C	49.74522372 34.35927990 3.40000000
 C	-12.31462837 18.88602093 3.40000000
 C	2.00688881 22.45677620 3.40000000
 C	-14.70160360 18.29088116 3.40000000
 C	4.39386403 23.05191597 3.40000000
 C	-5.49748971 22.04946418 3.40000000
 C	-17.43203167 19.07384867 3.40000000
 C	6.43705225 25.02507969 3.40000000
 C	-19.81900689 18.47870890 3.40000000
 C	8.82402747 25.62021945 3.40000000
 C	11.21100270 26.21535922 3.40000000
 C	13.59781084 26.81045733 3.40000000
 C	15.98478606 27.40559709 3.40000000
 C	-7.88446494 21.45432441 3.40000000
 C	18.37170559 28.00072297 3.40000000
 C	-3.11051448 22.64460394 3.40000000
 C	20.75856943 28.59583496 3.40000000
 C	23.14554465 29.19097473 3.40000000
 C	25.53251988 29.78611450 3.40000000
 C	27.91932802 30.38121260 3.40000000
 C	30.30630324 30.97635237 3.40000000
 C	32.69322277 31.57147825 3.40000000
 C	35.08008661 32.16659024 3.40000000
 C	37.46706183 32.76173001 3.40000000
 C	39.85403706 33.35686977 3.40000000
 C	-10.27132877 20.85921242 3.40000000
 C	42.24084520 33.95196788 3.40000000
 C	-0.72370634 23.23970205 3.40000000
 C	44.62782042 34.54710765 3.40000000
 C	47.01473995 35.14223352 3.40000000
 C	49.40160379 35.73734552 3.40000000
 C	-12.65824830 20.26408654 3.40000000
 C	1.66326888 23.83484182 3.40000000
 C	-15.04522353 19.66894677 3.40000000
 C	4.05018841 24.42996770 3.40000000
 C	-16.41049737 20.06049246 3.40000000
 C	5.07194549 25.41666703 3.40000000
 C	-6.86276355 22.44100986 3.40000000
 C	-4.47578833 23.03614963 3.40000000
 C	-18.79730551 19.46539435 3.40000000
 C	7.45875363 26.01176514 3.40000000
 C	9.84572885 26.60690490 3.40000000
 C	12.23253699 27.20200301 3.40000000
 C	14.61951222 27.79714278 3.40000000
 C	17.00648745 28.39228254 3.40000000
 C	19.39346267 28.98742231 3.40000000
 C	21.78027081 29.58252042 3.40000000
 C	24.16724604 30.17766018 3.40000000
 C	26.55405418 30.77275829 3.40000000
 C	28.94102940 31.36789805 3.40000000
 C	-9.24957169 21.84591176 3.40000000
 C	-2.08898019 23.63124773 3.40000000
 C	31.32800463 31.96303782 3.40000000
 C	33.71497985 32.55817758 3.40000000
 C	36.10178799 33.15327569 3.40000000
 C	38.48876322 33.74841546 3.40000000
 C	40.87557136 34.34351356 3.40000000
 C	43.26254658 34.93865333 3.40000000
 C	45.64952181 35.53379310 3.40000000
 C	48.03649703 36.12893286 3.40000000
 C	50.42330517 36.72403097 3.40000000
 C	-11.63654692 21.25077199 3.40000000
 C	0.29799504 24.22638750 3.40000000
 C	-14.02352214 20.65563222 3.40000000
 C	2.68497026 24.82152727 3.40000000
 C	-16.75398185 21.43848938 3.40000000
 C	4.72823822 26.79460841 3.40000000
 C	-7.20641512 23.81896512 3.40000000
 C	-4.81943990 24.41410489 3.40000000
 C	-19.14095708 20.84334961 3.40000000
 C	7.11510206 27.38972040 3.40000000
 C	9.50207729 27.98486017 3.40000000
 C	11.88905251 28.57999993 3.40000000
 C	14.27586065 29.17509804 3.40000000
 C	16.66283588 29.77023780 3.40000000
 C	19.04975541 30.36536368 3.40000000
 C	21.43661924 30.96047568 3.40000000
 C	23.82359447 31.55561544 3.40000000
 C	26.21056969 32.15075521 3.40000000
 C	28.59737783 32.74585331 3.40000000
 C	-9.59327896 23.22385313 3.40000000
 C	-2.43246467 25.00924465 3.40000000
 C	30.98435306 33.34099308 3.40000000
 C	33.37127259 33.93611896 3.40000000
 C	35.75813642 34.53123095 3.40000000
 C	38.14511165 35.12637072 3.40000000
 C	40.53208687 35.72151048 3.40000000
 C	42.91889501 36.31660859 3.40000000
 C	45.30587024 36.91174836 3.40000000
 C	47.69278977 37.50687424 3.40000000
 C	50.07965360 38.10198623 3.40000000
 C	-11.98019849 22.62872725 3.40000000
 C	-0.04565653 25.60434276 3.40000000
 C	-14.36717371 22.03358749 3.40000000
 C	2.34131869 26.19948253 3.40000000
 C	-6.18472956 24.80559540 3.40000000
 C	-18.11927152 21.82997989 3.40000000
 C	5.74997948 27.78125257 3.40000000
 C	8.13678762 28.37635067 3.40000000
 C	10.52376285 28.97149044 3.40000000
 C	12.91057099 29.56658855 3.40000000
 C	15.29754621 30.16172831 3.40000000
 C	-8.57153770 24.21049729 3.40000000
 C	17.68452144 30.75686808 3.40000000
 C	-3.79775433 25.40073516 3.40000000
 C	20.07149666 31.35200784 3.40000000
 C	22.45830480 31.94710595 3.40000000
 C	24.84528003 32.54224572 3.40000000
 C	27.23208817 33.13734382 3.40000000
 C	29.61906339 33.73248359 3.40000000
 C	32.00603862 34.32762335 3.40000000
 C	34.39301384 34.92276312 3.40000000
 C	36.77982198 35.51786123 3.40000000
 C	39.16679721 36.11300099 3.40000000
 C	-10.95851293 23.61535752 3.40000000
 C	-1.41094619 25.99583327 3.40000000
 C	41.55360535 36.70809910 3.40000000
 C	43.94058057 37.30323886 3.40000000
 C	46.32755580 37.89837863 3.40000000
 C	48.71453103 38.49351840 3.40000000
 C	51.10133917 39.08861650 3.40000000
 C	-13.34548815 23.02021776 3.40000000
 C	0.97602903 26.59097303 3.40000000
 C	-15.73246338 22.42507799 3.40000000
 C	3.36300426 27.18611280 3.40000000
 C	-6.52833366 26.18371619 3.40000000
 C	-18.46287562 23.20810068 3.40000000
 C	5.40631968 29.15935947 3.40000000
 C	7.79318352 29.75447146 3.40000000
 C	10.18015874 30.34961123 3.40000000
 C	12.56713397 30.94475100 3.40000000
 C	14.95394211 31.53984910 3.40000000
 C	-8.91519750 25.58860419 3.40000000
 C	17.34091733 32.13498887 3.40000000
 C	-4.14135844 26.77885595 3.40000000
 C	19.72783686 32.73011475 3.40000000
 C	22.11470070 33.32522674 3.40000000
 C	24.50167592 33.92036651 3.40000000
 C	26.88865115 34.51550627 3.40000000
 C	29.27545929 35.11060438 3.40000000
 C	31.66243451 35.70574414 3.40000000
 C	34.04935404 36.30087002 3.40000000
 C	36.43621788 36.89598202 3.40000000
 C	38.82319310 37.49112178 3.40000000
 C	-11.30211703 24.99347832 3.40000000
 C	41.21016833 38.08626155 3.40000000
 C	-1.75438321 27.37399572 3.40000000
 C	43.59697647 38.68135966 3.40000000
 C	45.98395170 39.27649942 3.40000000
 C	48.37087123 39.87162530 3.40000000
 C	50.75773506 40.46673729 3.40000000
 C	-13.68909225 24.39833855 3.40000000
 C	0.63242493 27.96909383 3.40000000
 C	-16.07590039 23.80324044 3.40000000
 C	3.01940015 28.56423359 3.40000000
 C	-17.44119006 24.19473095 3.40000000
 C	4.04108571 29.55086387 3.40000000
 C	-7.89345624 26.57524835 3.40000000
 C	-5.50664810 27.17034646 3.40000000
 C	6.42806094 30.14600363 3.40000000
 C	8.81486908 30.74110174 3.40000000
 C	11.20184430 31.33624150 3.40000000
 C	13.58865244 31.93133961 3.40000000
 C	15.97562767 32.52647938 3.40000000
 C	18.36260289 33.12161914 3.40000000
 C	20.74957812 33.71675891 3.40000000
 C	23.13638626 34.31185701 3.40000000
 C	25.52336149 34.90699678 3.40000000
 C	27.91016963 35.50209489 3.40000000
 C	-10.28043147 25.98010859 3.40000000
 C	-3.11967288 27.76548623 3.40000000
 C	30.29714485 36.09723465 3.40000000
 C	32.68412008 36.69237442 3.40000000
 C	35.07109530 37.28751418 3.40000000
 C	37.45790344 37.88261229 3.40000000
 C	39.84487867 38.47775206 3.40000000
 C	42.23168681 39.07285016 3.40000000
 C	44.61866203 39.66798993 3.40000000
 C	47.00563726 40.26312969 3.40000000
 C	49.39261248 40.85826946 3.40000000
 C	51.77942062 41.45336757 3.40000000
 C	-12.66740669 25.38496882 3.40000000
 C	-0.73286474 28.36058433 3.40000000
 C	-15.05438192 24.78982906 3.40000000
 C	1.65411049 28.95572410 3.40000000
 C	-17.78479416 25.57285174 3.40000000
 C	3.69748161 30.92898466 3.40000000
 C	-8.23711604 27.95335526 3.40000000
 C	-5.85025221 28.54846725 3.40000000
 C	6.08440114 31.52411054 3.40000000
 C	8.47126497 32.11922253 3.40000000
 C	10.85824020 32.71436229 3.40000000
 C	13.24521542 33.30950206 3.40000000
 C	15.63202356 33.90460017 3.40000000
 C	18.01899879 34.49973993 3.40000000
 C	20.40591832 35.09486581 3.40000000
 C	22.79278216 35.68997780 3.40000000
 C	25.17975738 36.28511757 3.40000000
 C	27.56673261 36.88025734 3.40000000
 C	-10.62403557 27.35822938 3.40000000
 C	-3.46327698 29.14360702 3.40000000
 C	29.95354075 37.47535544 3.40000000
 C	32.34051597 38.07049521 3.40000000
 C	34.72743550 38.66562109 3.40000000
 C	37.11429934 39.26073308 3.40000000
 C	39.50127456 39.85587285 3.40000000
 C	41.88824979 40.45101261 3.40000000
 C	44.27505793 41.04611072 3.40000000
 C	46.66203315 41.64125049 3.40000000
 C	49.04895268 42.23637636 3.40000000
 C	51.43581652 42.83148836 3.40000000
 C	-13.01101080 26.76308961 3.40000000
 C	-1.07630176 29.73874678 3.40000000
 C	-15.39781894 26.16799151 3.40000000
 C	1.31050638 30.33384489 3.40000000
 C	-7.21542225 28.93983389 3.40000000
 C	4.71911971 31.91544940 3.40000000
 C	7.10609493 32.51058917 3.40000000
 C	9.49290307 33.10568727 3.40000000
 C	11.87987830 33.70082704 3.40000000
 C	14.26668644 34.29592514 3.40000000
 C	-9.60239748 28.34469412 3.40000000
 C	-4.82861411 29.53493200 3.40000000
 C	16.65366166 34.89106491 3.40000000
 C	19.04063689 35.48620468 3.40000000
 C	21.42761211 36.08134444 3.40000000
 C	23.81442025 36.67644255 3.40000000
 C	26.20139548 37.27158231 3.40000000
 C	28.58820362 37.86668042 3.40000000
 C	30.97517884 38.46182019 3.40000000
 C	33.36215407 39.05695995 3.40000000
 C	35.74912929 39.65209972 3.40000000
 C	38.13593743 40.24719783 3.40000000
 C	40.52291266 40.84233759 3.40000000
 C	-11.98937270 27.74955436 3.40000000
 C	-2.44163888 30.13007176 3.40000000
 C	42.90972080 41.43743570 3.40000000
 C	45.29669602 42.03257546 3.40000000
 C	47.68367125 42.62771523 3.40000000
 C	50.07064647 43.22285499 3.40000000
 C	52.45745462 43.81795310 3.40000000
 C	-0.05483074 30.72516987 3.40000000
 C	-14.37634793 27.15441459 3.40000000
 C	-16.76315607 26.55931649 3.40000000
 C	2.33214448 31.32030963 3.40000000
 C	-7.55908205 30.31794079 3.40000000
 C	4.37551560 33.29357019 3.40000000
 C	6.76243513 33.88869607 3.40000000
 C	9.14929897 34.48380806 3.40000000
 C	11.53627419 35.07894783 3.40000000
 C	13.92324942 35.67408759 3.40000000
 C	-9.94600158 29.72281491 3.40000000
 C	-5.17221821 30.91305279 3.40000000
 C	16.31005756 36.26918570 3.40000000
 C	18.69703278 36.86432547 3.40000000
 C	21.08395231 37.45945135 3.40000000
 C	23.47081615 38.05456334 3.40000000
 C	25.85779137 38.64970311 3.40000000
 C	28.24476660 39.24484287 3.40000000
 C	30.63157474 39.83994098 3.40000000
 C	33.01854996 40.43508074 3.40000000
 C	35.40546949 41.03020662 3.40000000
 C	37.79233333 41.62531862 3.40000000
 C	40.17930855 42.22045838 3.40000000
 C	-12.33297681 29.12767515 3.40000000
 C	-2.78524299 31.50819255 3.40000000
 C	42.56628378 42.81559815 3.40000000
 C	44.95309192 43.41069625 3.40000000
 C	47.34006715 44.00583602 3.40000000
 C	49.72698668 44.60096190 3.40000000
 C	52.11385051 45.19607389 3.40000000
 C	-14.71978495 28.53257704 3.40000000
 C	-0.39826776 32.10333232 3.40000000
 C	-17.10676017 27.93743728 3.40000000
 C	1.98854038 32.69843042 3.40000000
 C	3.01022594 33.68506071 3.40000000
 C	-8.92431602 30.70944520 3.40000000
 C	-6.53734080 31.30458496 3.40000000
 C	5.39720116 34.28020047 3.40000000
 C	7.78417639 34.87534024 3.40000000
 C	10.17098453 35.47043835 3.40000000
 C	12.55795975 36.06557811 3.40000000
 C	14.94476789 36.66067622 3.40000000
 C	17.33174312 37.25581598 3.40000000
 C	19.71871834 37.85095575 3.40000000
 C	22.10569357 38.44609552 3.40000000
 C	24.49250171 39.04119362 3.40000000
 C	26.87947693 39.63633339 3.40000000
 C	-11.31129125 30.11430543 3.40000000
 C	-4.15053266 31.89968307 3.40000000
 C	29.26628507 40.23143150 3.40000000
 C	31.65326030 40.82657126 3.40000000
 C	34.04023552 41.42171103 3.40000000
 C	36.42721075 42.01685079 3.40000000
 C	38.81401889 42.61194890 3.40000000
 C	41.20099411 43.20708867 3.40000000
 C	43.58780225 43.80218677 3.40000000
 C	45.97477748 44.39732654 3.40000000
 C	48.36175270 44.99246630 3.40000000
 C	50.74872793 45.58760607 3.40000000
 C	-13.69826647 29.51916567 3.40000000
 C	-1.76355743 32.49482284 3.40000000
 C	53.13553607 46.18270418 3.40000000
 C	-16.08507461 28.92406756 3.40000000
 C	0.62325071 33.08992094 3.40000000
 C	2.66662183 35.06318149 3.40000000
 C	-9.26792012 32.08756598 3.40000000
 C	-6.88100059 32.68269186 3.40000000
 C	5.05359706 35.65832126 3.40000000
 C	7.44051659 36.25344713 3.40000000
 C	9.82738042 36.84855913 3.40000000
 C	12.21435565 37.44369889 3.40000000
 C	14.60133087 38.03883866 3.40000000
 C	16.98813901 38.63393677 3.40000000
 C	19.37511424 39.22907653 3.40000000
 C	21.76203377 39.82420241 3.40000000
 C	24.14889761 40.41931440 3.40000000
 C	26.53587283 41.01445417 3.40000000
 C	-11.65489535 31.49242621 3.40000000
 C	-4.49413676 33.27780385 3.40000000
 C	28.92284806 41.60959394 3.40000000
 C	31.30965620 42.20469204 3.40000000
 C	33.69663142 42.79983181 3.40000000
 C	36.08355095 43.39495769 3.40000000
 C	38.47041479 43.99006968 3.40000000
 C	40.85739001 44.58520945 3.40000000
 C	43.24436524 45.18034921 3.40000000
 C	45.63117338 45.77544732 3.40000000
 C	48.01814860 46.37058708 3.40000000
 C	50.40506813 46.96571296 3.40000000
 C	-14.04170349 30.89732811 3.40000000
 C	-2.10716153 33.87294362 3.40000000
 C	52.79193197 47.56082496 3.40000000
 C	-16.42867871 30.30218834 3.40000000
 C	0.27981369 34.46808338 3.40000000
 C	-8.24623456 33.07419626 3.40000000
 C	3.68830739 36.04981177 3.40000000
 C	6.07528262 36.64495154 3.40000000
 C	8.46225784 37.24009130 3.40000000
 C	10.84906598 37.83518941 3.40000000
 C	13.23604121 38.43032918 3.40000000
 C	-10.63320979 32.47905650 3.40000000
 C	15.62284935 39.02542728 3.40000000
 C	-5.85925934 33.66933603 3.40000000
 C	18.00982457 39.62056705 3.40000000
 C	20.39679980 40.21570681 3.40000000
 C	22.78377502 40.81084658 3.40000000
 C	25.17058316 41.40594469 3.40000000
 C	27.55755839 42.00108445 3.40000000
 C	29.94436653 42.59618256 3.40000000
 C	32.33134175 43.19132233 3.40000000
 C	34.71831698 43.78646209 3.40000000
 C	37.10529221 44.38160186 3.40000000
 C	39.49210035 44.97669996 3.40000000
 C	-13.02018501 31.88391673 3.40000000
 C	-3.47245120 34.26443413 3.40000000
 C	41.87907557 45.57183973 3.40000000
 C	44.26588371 46.16693784 3.40000000
 C	46.65285894 46.76207760 3.40000000
 C	49.03983416 47.35721737 3.40000000
 C	51.42680939 47.95235713 3.40000000
 C	53.81361753 48.54745524 3.40000000
 C	-15.40699315 31.28881862 3.40000000
 C	-1.08547597 34.85957390 3.40000000
 C	1.30133217 35.45467201 3.40000000
 C	-8.58985449 34.45226188 3.40000000
 C	3.34468747 37.42787739 3.40000000
 C	5.73166269 38.02301715 3.40000000
 C	8.11858222 38.61814303 3.40000000
 C	10.50544606 39.21325503 3.40000000
 C	12.89242128 39.80839479 3.40000000
 C	-10.97682971 33.85712211 3.40000000
 C	15.27939651 40.40353456 3.40000000
 C	-6.20293496 35.04738776 3.40000000
 C	17.66620465 40.99863266 3.40000000
 C	20.05317987 41.59377243 3.40000000
 C	22.44009940 42.18889831 3.40000000
 C	24.82696324 42.78401030 3.40000000
 C	27.21393846 43.37915007 3.40000000
 C	29.60091369 43.97428983 3.40000000
 C	31.98772183 44.56938794 3.40000000
 C	34.37469705 45.16452771 3.40000000
 C	36.76161658 45.75965358 3.40000000
 C	-13.36363786 33.26202400 3.40000000
 C	39.14848042 46.35476558 3.40000000
 C	-3.81607112 35.64249975 3.40000000
 C	41.53545564 46.94990534 3.40000000
 C	43.92243087 47.54504511 3.40000000
 C	46.30923901 48.14014322 3.40000000
 C	48.69621424 48.73528298 3.40000000
 C	51.08313377 49.33040886 3.40000000
 C	53.46999760 49.92552085 3.40000000
 C	-15.75061308 32.66688424 3.40000000
 C	-1.42909590 36.23763951 3.40000000
 C	0.95787933 36.83277928 3.40000000
 C	1.97941362 37.81942307 3.40000000
 C	-9.95512833 34.84380756 3.40000000
 C	-7.56815311 35.43894733 3.40000000
 C	4.36638885 38.41456284 3.40000000
 C	6.75336407 39.00970260 3.40000000
 C	9.14033930 39.60484237 3.40000000
 C	11.52714744 40.19994048 3.40000000
 C	13.91412267 40.79508024 3.40000000
 C	16.30093081 41.39017835 3.40000000
 C	18.68790603 41.98531811 3.40000000
 C	21.07488126 42.58045788 3.40000000
 C	23.46185648 43.17559764 3.40000000
 C	25.84866462 43.77069575 3.40000000
 C	-12.34210356 34.24866779 3.40000000
 C	-5.18117788 36.03408709 3.40000000
 C	28.23563985 44.36583552 3.40000000
 C	30.62244799 44.96093362 3.40000000
 C	33.00942321 45.55607339 3.40000000
 C	35.39639844 46.15121316 3.40000000
 C	37.78337366 46.74635292 3.40000000
 C	40.17018180 47.34145103 3.40000000
 C	42.55715703 47.93659079 3.40000000
 C	44.94396517 48.53168890 3.40000000
 C	47.33094039 49.12682867 3.40000000
 C	49.71791562 49.72196843 3.40000000
 C	-14.72891170 33.65356969 3.40000000
 C	-2.79436974 36.62918520 3.40000000
 C	52.10489084 50.31710820 3.40000000
 C	54.49169898 50.91220630 3.40000000
 C	-0.40739452 37.22432496 3.40000000
 C	1.63592914 39.19741999 3.40000000
 C	-10.29877990 36.22176282 3.40000000
 C	-7.91180468 36.81690259 3.40000000
 C	4.02273728 39.79251810 3.40000000
 C	6.40971251 40.38765786 3.40000000
 C	8.79663204 40.98278374 3.40000000
 C	11.18349587 41.57789574 3.40000000
 C	13.57047110 42.17303550 3.40000000
 C	15.95744632 42.76817527 3.40000000
 C	18.34425446 43.36327337 3.40000000
 C	20.73122969 43.95841314 3.40000000
 C	23.11814922 44.55353902 3.40000000
 C	25.50501305 45.14865101 3.40000000
 C	-12.68558804 35.62666471 3.40000000
 C	-5.52488515 37.41202847 3.40000000
 C	27.89198828 45.74379078 3.40000000
 C	30.27896350 46.33893054 3.40000000
 C	32.66577164 46.93402865 3.40000000
 C	35.05274687 47.52916842 3.40000000
 C	37.43966640 48.12429430 3.40000000
 C	39.82653023 48.71940629 3.40000000
 C	42.21350546 49.31454606 3.40000000
 C	44.60048068 49.90968582 3.40000000
 C	46.98728882 50.50478393 3.40000000
 C	49.37426405 51.09992369 3.40000000
 C	-15.07256327 35.03152495 3.40000000
 C	-3.13802131 38.00714046 3.40000000
 C	51.76118358 51.69504957 3.40000000
 C	54.14804741 52.29016157 3.40000000
 C	-0.75104609 38.60228023 3.40000000
 C	-9.27709434 37.20839310 3.40000000
 C	2.65744762 40.18400861 3.40000000
 C	5.04442284 40.77914837 3.40000000
 C	7.43139807 41.37428814 3.40000000
 C	9.81837329 41.96942790 3.40000000
 C	12.20518143 42.56452601 3.40000000
 C	14.59215666 43.15966578 3.40000000
 C	-11.66406956 36.61325333 3.40000000
 C	-6.89011911 37.80353286 3.40000000
 C	16.97896480 43.75476388 3.40000000
 C	19.36594002 44.34990365 3.40000000
 C	21.75291525 44.94504341 3.40000000
 C	24.13989047 45.54018318 3.40000000
 C	26.52669861 46.13528129 3.40000000
 C	28.91367384 46.73042105 3.40000000
 C	31.30048198 47.32551916 3.40000000
 C	33.68745720 47.92065892 3.40000000
 C	36.07443243 48.51579869 3.40000000
 C	-14.05087770 36.01815522 3.40000000
 C	38.46140765 49.11093846 3.40000000
 C	-4.50314389 38.39867263 3.40000000
 C	40.84821580 49.70603656 3.40000000
 C	43.23519102 50.30117633 3.40000000
 C	45.62199916 50.89627444 3.40000000
 C	48.00897439 51.49141420 3.40000000
 C	50.39594961 52.08655397 3.40000000
 C	52.78292484 52.68169373 3.40000000
 C	-2.11633575 38.99377073 3.40000000
 C	0.27063948 39.58891050 3.40000000
 H	-32.11403083 -33.89426640 3.40000000
 H	-29.72710815 -33.29913975 3.40000000
 H	-27.34013292 -32.70399998 3.40000000
 H	-24.95317521 -32.10886458 3.40000000
 H	-22.56634956 -31.51376211 3.40000000
 H	-20.17937433 -30.91862234 3.40000000
 H	-17.79251365 -30.32351113 3.40000000
 H	-15.40559097 -29.72838447 3.40000000
 H	-13.01861574 -29.13324470 3.40000000
 H	-10.63165803 -28.53810930 3.40000000
 H	-8.24483238 -27.94300683 3.40000000
 H	-5.85785715 -27.34786707 3.40000000
 H	-3.47099647 -26.75275585 3.40000000
 H	-1.08407379 -26.15762919 3.40000000
 H	1.30290144 -25.56248943 3.40000000
 H	3.68985915 -24.96735403 3.40000000
 H	6.07668480 -24.37225155 3.40000000
 H	8.46366003 -23.77711179 3.40000000
 H	10.85052071 -23.18200057 3.40000000
 H	13.23744340 -22.58687392 3.40000000
 H	15.62441862 -21.99173415 3.40000000
 H	18.01137633 -21.39659875 3.40000000
 H	20.39820199 -20.80149628 3.40000000
 H	22.78517721 -20.20635651 3.40000000
 H	25.17203789 -19.61124530 3.40000000
 H	27.55896058 -19.01611864 3.40000000
 H	29.94593580 -18.42097887 3.40000000
 H	32.33289351 -17.82584347 3.40000000
 H	34.71971917 -17.23074100 3.40000000
 H	36.44182590 -15.56772187 3.40000000
 H	37.11989242 -13.20302286 3.40000000
 H	37.79794133 -10.83838527 3.40000000
 H	38.47602279 -8.47363420 3.40000000
 H	39.15409341 -6.10892096 3.40000000
 H	39.83213825 -3.74429760 3.40000000
 H	40.51021971 -1.37954654 3.40000000
 H	41.18828623 0.98515248 3.40000000
 H	41.86633515 3.34979007 3.40000000
 H	42.54441660 5.71454114 3.40000000
 H	43.22248722 8.07925437 3.40000000
 H	43.90053206 10.44387774 3.40000000
 H	44.57861352 12.80862880 3.40000000
 H	45.25668004 15.17332782 3.40000000
 H	45.93472896 17.53796541 3.40000000
 H	46.61281041 19.90271647 3.40000000
 H	47.29088103 22.26742971 3.40000000
 H	47.96892587 24.63205307 3.40000000
 H	48.64700733 26.99680414 3.40000000
 H	49.32507385 29.36150315 3.40000000
 H	50.00312277 31.72614074 3.40000000
 H	50.68120422 34.09089181 3.40000000
 H	51.35927484 36.45560505 3.40000000
 H	52.03731968 38.82022841 3.40000000
 H	52.71540114 41.18497947 3.40000000
 H	53.39346767 43.54967849 3.40000000
 H	54.07151658 45.91431608 3.40000000
 H	54.74959803 48.27906715 3.40000000
 H	55.42766865 50.64378038 3.40000000
 H	54.84846858 52.96655042 3.40000000
 H	52.54732731 53.62646116 3.40000000
 H	50.16039026 53.03133092 3.40000000
 H	47.77341504 52.43619115 3.40000000
 H	45.38655436 51.84107993 3.40000000
 H	42.99963167 51.24595328 3.40000000
 H	40.61265645 50.65081351 3.40000000
 H	38.22581012 50.05570589 3.40000000
 H	35.83887308 49.46057564 3.40000000
 H	33.45189785 48.86543587 3.40000000
 H	31.06503718 48.27032466 3.40000000
 H	28.67811449 47.67519800 3.40000000
 H	26.29113926 47.08005823 3.40000000
 H	23.90429294 46.48495061 3.40000000
 H	21.51735590 45.88982036 3.40000000
 H	19.13038067 45.29468060 3.40000000
 H	16.74351999 44.69956938 3.40000000
 H	14.35659731 44.10444272 3.40000000
 H	11.96962208 43.50930296 3.40000000
 H	9.58277576 42.91419533 3.40000000
 H	7.19583872 42.31906509 3.40000000
 H	4.80886349 41.72392532 3.40000000
 H	2.42200281 41.12881410 3.40000000
 H	0.03508013 40.53368745 3.40000000
 H	-2.35189510 39.93854768 3.40000000
 H	-4.73874142 39.34344006 3.40000000
 H	-7.12567846 38.74830981 3.40000000
 H	-9.51265369 38.15317004 3.40000000
 H	-11.89951437 37.55805883 3.40000000
 H	-14.28643705 36.96293217 3.40000000
 H	-16.00854378 35.29991304 3.40000000
 H	-16.68658275 32.93531016 3.40000000
 H	-17.36465922 30.57057644 3.40000000
 H	-18.04274068 28.20582537 3.40000000
 H	-18.72080721 25.84112635 3.40000000
 H	-19.39885614 23.47648877 3.40000000
 H	-20.07693759 21.11173770 3.40000000
 H	-20.75497656 18.74713482 3.40000000
 H	-21.43305303 16.38240110 3.40000000
 H	-22.11113449 14.01765003 3.40000000
 H	-22.78920102 11.65295102 3.40000000
 H	-23.46724995 9.28831343 3.40000000
 H	-24.14533141 6.92356237 3.40000000
 H	-24.82337037 4.55895949 3.40000000
 H	-25.50144684 2.19422576 3.40000000
 H	-26.17952830 -0.17052530 3.40000000
 H	-26.85759484 -2.53522432 3.40000000
 H	-27.53564376 -4.89986190 3.40000000
 H	-28.21372522 -7.26461297 3.40000000
 H	-28.89176418 -9.62921585 3.40000000
 H	-29.56984065 -11.99394957 3.40000000
 H	-30.24792211 -14.35870064 3.40000000
 H	-30.92598865 -16.72339966 3.40000000
 H	-31.60403757 -19.08803724 3.40000000
 H	-32.28211903 -21.45278831 3.40000000
 H	-32.96015799 -23.81739119 3.40000000
 H	-33.63823446 -26.18212491 3.40000000
 H	-34.31631592 -28.54687598 3.40000000
 H	-34.99438246 -30.91157499 3.40000000
 H	-34.41518647 -33.23435925 3.40000000
