 C	11.70557054 -21.11740825 3.40000000
 C	0.94783420 -27.08051888 3.40000000
 C	22.46340728 -15.15424197 3.40000000
 C	-1.20377331 -28.27317440 3.40000000
 C	24.61491438 -13.96164211 3.40000000
 C	-3.35528041 -29.46577426 3.40000000
 C	26.76652190 -12.76898659 3.40000000
 C	-5.50683772 -30.65840195 3.40000000
 C	28.91812941 -11.57633107 3.40000000
 C	-7.65844523 -31.85105747 3.40000000
 C	31.06958631 -10.38375904 3.40000000
 C	9.55406343 -22.31000812 3.40000000
 C	-9.80990213 -33.04362950 3.40000000
 C	33.22119382 -9.19110352 3.40000000
 C	13.85717805 -19.92475274 3.40000000
 C	-11.96150964 -34.23628502 3.40000000
 C	35.37275113 -7.99847583 3.40000000
 C	-14.11311715 -35.42894054 3.40000000
 C	37.52425823 -6.80587597 3.40000000
 C	-16.26462426 -36.62154040 3.40000000
 C	-18.41618157 -37.81416809 3.40000000
 C	-20.56778908 -39.00682361 3.40000000
 C	-22.71924598 -40.19939564 3.40000000
 C	7.40250613 -23.50263581 3.40000000
 C	16.00878556 -18.73209722 3.40000000
 C	5.25089862 -24.69529132 3.40000000
 C	18.16024246 -17.53952518 3.40000000
 C	3.09944171 -25.88786336 3.40000000
 C	20.31184997 -16.34686966 3.40000000
 C	1.67934797 -25.86307553 3.40000000
 C	21.04336374 -15.12942632 3.40000000
 C	10.28562740 -21.09253694 3.40000000
 C	12.43708430 -19.89996491 3.40000000
 C	-0.47225954 -27.05573105 3.40000000
 C	23.19497125 -13.93677080 3.40000000
 C	-2.62371644 -28.24830309 3.40000000
 C	25.34642815 -12.74419877 3.40000000
 C	-4.77532395 -29.44095861 3.40000000
 C	27.49803566 -11.55154325 3.40000000
 C	-6.92693147 -30.63361412 3.40000000
 C	29.64949256 -10.35897122 3.40000000
 C	-9.07853898 -31.82626964 3.40000000
 C	31.80110007 -9.16631570 3.40000000
 C	-11.22999588 -33.01884168 3.40000000
 C	33.95270758 -7.97366018 3.40000000
 C	-13.38160339 -34.21149719 3.40000000
 C	36.10431509 -6.78100466 3.40000000
 C	-15.53306029 -35.40406923 3.40000000
 C	38.25577200 -5.58843263 3.40000000
 C	-17.68466780 -36.59672475 3.40000000
 C	-19.83627531 -37.78938027 3.40000000
 C	8.13401989 -22.28519246 3.40000000
 C	14.58869181 -18.70730939 3.40000000
 C	-21.98788282 -38.98203578 3.40000000
 C	-24.13933972 -40.17460782 3.40000000
 C	5.98241238 -23.47784798 3.40000000
 C	16.74014872 -17.51473736 3.40000000
 C	3.83080487 -24.67050350 3.40000000
 C	18.89175623 -16.32208184 3.40000000
 C	0.99076798 -24.62084436 3.40000000
 C	20.35478375 -13.88719514 3.40000000
 C	9.59699721 -19.85033360 3.40000000
 C	11.74850432 -18.65773373 3.40000000
 C	-1.16083953 -25.81349988 3.40000000
 C	22.50634106 -12.69456745 3.40000000
 C	-3.31234663 -27.00609974 3.40000000
 C	24.65784816 -11.50196759 3.40000000
 C	-5.46390394 -28.19872743 3.40000000
 C	26.80945567 -10.30931207 3.40000000
 C	-7.61551145 -29.39138295 3.40000000
 C	28.96106319 -9.11665655 3.40000000
 C	-9.76696835 -30.58395498 3.40000000
 C	31.11252009 -7.92408452 3.40000000
 C	-11.91857586 -31.77661050 3.40000000
 C	33.26412760 -6.73142900 3.40000000
 C	-14.07018337 -32.96926602 3.40000000
 C	35.41568491 -5.53880131 3.40000000
 C	-16.22169048 -34.16186588 3.40000000
 C	37.56719201 -4.34620145 3.40000000
 C	-18.37324779 -35.35449357 3.40000000
 C	-20.52485530 -36.54714909 3.40000000
 C	7.44543991 -21.04296129 3.40000000
 C	13.90011183 -17.46507821 3.40000000
 C	-22.67631220 -37.73972112 3.40000000
 C	-24.82791971 -38.93237664 3.40000000
 C	5.29383239 -22.23561680 3.40000000
 C	16.05171934 -16.27242270 3.40000000
 C	3.14237549 -23.42818884 3.40000000
 C	18.20317624 -15.07985066 3.40000000
 C	10.32855818 -18.63303460 3.40000000
 C	-0.42932877 -24.59622871 3.40000000
 C	21.08629451 -12.66992397 3.40000000
 C	-2.58078567 -25.78880074 3.40000000
 C	23.23790202 -11.47726846 3.40000000
 C	-4.73239318 -26.98145626 3.40000000
 C	25.38935892 -10.28469642 3.40000000
 C	-6.88400069 -28.17411178 3.40000000
 C	27.54096643 -9.09204090 3.40000000
 C	29.69242334 -7.89946887 3.40000000
 C	-9.03560820 -29.36676730 3.40000000
 C	8.17695067 -19.82569012 3.40000000
 C	12.48001508 -17.44046256 3.40000000
 C	-11.18706510 -30.55933933 3.40000000
 C	31.84403085 -6.70681335 3.40000000
 C	-13.33867261 -31.75199485 3.40000000
 C	33.99563836 -5.51415783 3.40000000
 C	-15.49012952 -32.94456688 3.40000000
 C	36.14724587 -4.32150231 3.40000000
 C	-17.64173703 -34.13722240 3.40000000
 C	38.29870277 -3.12893028 3.40000000
 C	-19.79334454 -35.32987792 3.40000000
 C	-21.94495205 -36.52253344 3.40000000
 C	-24.09640895 -37.71510547 3.40000000
 C	6.02534315 -21.01834563 3.40000000
 C	14.63162259 -16.24780704 3.40000000
 C	16.78307949 -15.05523501 3.40000000
 C	3.87373564 -22.21100115 3.40000000
 C	1.72227874 -23.40357319 3.40000000
 C	18.93468700 -13.86257949 3.40000000
 C	9.63992799 -17.39083125 3.40000000
 C	-1.11790875 -23.35399753 3.40000000
 C	20.39771453 -11.42769280 3.40000000
 C	-3.26941586 -24.54659739 3.40000000
 C	22.54927183 -10.23506511 3.40000000
 C	-5.42097317 -25.73922508 3.40000000
 C	24.70077894 -9.04246524 3.40000000
 C	-7.57258068 -26.93188060 3.40000000
 C	26.85238645 -7.84980973 3.40000000
 C	-9.72403758 -28.12445263 3.40000000
 C	29.00399396 -6.65715421 3.40000000
 C	7.48837068 -18.58345894 3.40000000
 C	11.79143509 -16.19823139 3.40000000
 C	-11.87564509 -29.31710815 3.40000000
 C	31.15545086 -5.46458217 3.40000000
 C	-14.02725260 -30.50976367 3.40000000
 C	33.30705837 -4.27192665 3.40000000
 C	-16.17875970 -31.70236353 3.40000000
 C	35.45861568 -3.07929896 3.40000000
 C	-18.33031701 -32.89499122 3.40000000
 C	37.61012278 -1.88669910 3.40000000
 C	-20.48192452 -34.08764674 3.40000000
 C	-22.63338142 -35.28021878 3.40000000
 C	-24.78498894 -36.47287429 3.40000000
 C	5.33676317 -19.77611446 3.40000000
 C	13.94304260 -15.00557587 3.40000000
 C	3.18530627 -20.96868649 3.40000000
 C	16.09465011 -13.81292035 3.40000000
 C	1.03369876 -22.16134201 3.40000000
 C	18.24610701 -12.62034831 3.40000000
 C	-0.38639499 -22.13655418 3.40000000
 C	18.97762078 -11.40290496 3.40000000
 C	8.21988444 -17.36601559 3.40000000
 C	10.37149195 -16.17336007 3.40000000
 C	-2.53785190 -23.32912621 3.40000000
 C	21.12922829 -10.21024944 3.40000000
 C	-4.68945941 -24.52178173 3.40000000
 C	23.28083580 -9.01759393 3.40000000
 C	-6.84106692 -25.71443725 3.40000000
 C	25.43229270 -7.82502189 3.40000000
 C	-8.99267443 -26.90709277 3.40000000
 C	27.58390021 -6.63236637 3.40000000
 C	-11.14413133 -28.09966480 3.40000000
 C	29.73535711 -5.43979434 3.40000000
 C	-13.29573884 -29.29232032 3.40000000
 C	31.88696462 -4.24713882 3.40000000
 C	-15.44719574 -30.48489235 3.40000000
 C	34.03857213 -3.05448330 3.40000000
 C	-17.59880325 -31.67754787 3.40000000
 C	36.19017964 -1.86182778 3.40000000
 C	-19.75041076 -32.87020339 3.40000000
 C	38.34163654 -0.66925575 3.40000000
 C	-21.90201827 -34.06285891 3.40000000
 C	6.06827693 -18.55867110 3.40000000
 C	12.52294885 -14.98078803 3.40000000
 C	-24.05347518 -35.25543094 3.40000000
 C	3.91666942 -19.75132662 3.40000000
 C	14.67455636 -13.78813252 3.40000000
 C	1.76521252 -20.94389866 3.40000000
 C	16.82601326 -12.59556048 3.40000000
 C	-1.07497497 -20.89432301 3.40000000
 C	18.28904079 -10.16067379 3.40000000
 C	7.53130446 -16.12378442 3.40000000
 C	9.68286177 -14.93115673 3.40000000
 C	-3.22648208 -22.08692287 3.40000000
 C	20.44064831 -8.96801828 3.40000000
 C	-5.37803939 -23.27955056 3.40000000
 C	22.59220561 -7.77539058 3.40000000
 C	-7.52964690 -24.47220608 3.40000000
 C	24.74371272 -6.58279072 3.40000000
 C	-9.68110380 -25.66477811 3.40000000
 C	26.89532023 -5.39013520 3.40000000
 C	-11.83271131 -26.85743363 3.40000000
 C	29.04692774 -4.19747969 3.40000000
 C	-13.98431882 -28.05008915 3.40000000
 C	31.19838464 -3.00490765 3.40000000
 C	-16.13582593 -29.24268901 3.40000000
 C	33.34999215 -1.81225213 3.40000000
 C	-18.28738323 -30.43531670 3.40000000
 C	35.50154946 -0.61962444 3.40000000
 C	-20.43899074 -31.62797222 3.40000000
 C	37.65305656 0.57297542 3.40000000
 C	-22.59044765 -32.82054425 3.40000000
 C	5.37969695 -17.31643994 3.40000000
 C	11.83436887 -13.73855686 3.40000000
 C	-24.74205516 -34.01319977 3.40000000
 C	3.22824005 -18.50901197 3.40000000
 C	13.98597638 -12.54590135 3.40000000
 C	1.07663254 -19.70166749 3.40000000
 C	16.13758389 -11.35324583 3.40000000
 C	8.26281822 -14.90634107 3.40000000
 C	-2.49491812 -20.86945169 3.40000000
 C	19.02055455 -8.94323044 3.40000000
 C	-4.64652563 -22.06210721 3.40000000
 C	21.17216207 -7.75057492 3.40000000
 C	-6.79813314 -23.25476273 3.40000000
 C	23.32376958 -6.55791940 3.40000000
 C	-8.94974065 -24.44741824 3.40000000
 C	25.47522648 -5.36534737 3.40000000
 C	-11.10119755 -25.63999028 3.40000000
 C	27.62683399 -4.17269185 3.40000000
 C	6.11121071 -16.09899658 3.40000000
 C	-13.25280506 -26.83264580 3.40000000
 C	29.77829089 -2.98011982 3.40000000
 C	10.41442573 -13.71368555 3.40000000
 C	-15.40426196 -28.02521783 3.40000000
 C	31.92989840 -1.78746430 3.40000000
 C	-17.55586947 -29.21787335 3.40000000
 C	34.08150591 -0.59480878 3.40000000
 C	-19.70747698 -30.41052887 3.40000000
 C	36.23311342 0.59784674 3.40000000
 C	-21.85908449 -31.60318439 3.40000000
 C	38.38457032 1.79041877 3.40000000
 C	-24.01054140 -32.79575642 3.40000000
 C	3.95960320 -17.29165210 3.40000000
 C	12.56588263 -12.52111351 3.40000000
 C	1.80814630 -18.48422414 3.40000000
 C	14.71749014 -11.32845799 3.40000000
 C	-0.34346121 -19.67687965 3.40000000
 C	16.86894704 -10.13588596 3.40000000
 C	7.57423723 -13.66416728 3.40000000
 C	-3.18354931 -19.62730573 3.40000000
 C	18.33197357 -7.70105666 3.40000000
 C	-5.33510661 -20.81993342 3.40000000
 C	20.48358108 -6.50840114 3.40000000
 C	-7.48671413 -22.01258894 3.40000000
 C	22.63513839 -5.31577345 3.40000000
 C	-9.63817103 -23.20516097 3.40000000
 C	24.78664549 -4.12317358 3.40000000
 C	-11.78977854 -24.39781649 3.40000000
 C	26.93825300 -2.93051807 3.40000000
 C	-13.94138605 -25.59047201 3.40000000
 C	5.42262972 -14.85682280 3.40000000
 C	29.08986051 -1.73786255 3.40000000
 C	9.72579454 -12.47153959 3.40000000
 C	-16.09289315 -26.78307187 3.40000000
 C	31.24131741 -0.54529051 3.40000000
 C	-18.24445046 -27.97569956 3.40000000
 C	33.39292492 0.64736501 3.40000000
 C	-20.39605797 -29.16835508 3.40000000
 C	35.54448223 1.83999270 3.40000000
 C	-22.54751487 -30.36092712 3.40000000
 C	37.69598934 3.03259256 3.40000000
 C	-24.69912238 -31.55358263 3.40000000
 C	3.27117282 -16.04939483 3.40000000
 C	11.87730164 -11.27893973 3.40000000
 C	1.11956531 -17.24205035 3.40000000
 C	14.02890915 -10.08628421 3.40000000
 C	-1.03204220 -18.43470587 3.40000000
 C	16.18051667 -8.89362869 3.40000000
 C	-2.45198434 -18.40977717 3.40000000
 C	16.91188082 -7.67621144 3.40000000
 C	6.15414449 -13.63932206 3.40000000
 C	8.30575200 -12.44666654 3.40000000
 C	-4.60359185 -19.60243269 3.40000000
 C	19.06348833 -6.48355592 3.40000000
 C	-6.75519936 -20.79508820 3.40000000
 C	21.21509584 -5.29090040 3.40000000
 C	-8.90680687 -21.98774372 3.40000000
 C	23.36670336 -4.09824488 3.40000000
 C	-11.05826377 -23.18031576 3.40000000
 C	25.51816026 -2.90567285 3.40000000
 C	-13.20987128 -24.37297128 3.40000000
 C	27.66976777 -1.71301733 3.40000000
 C	-15.36132818 -25.56554331 3.40000000
 C	29.82122467 -0.52044530 3.40000000
 C	-17.51293569 -26.75819883 3.40000000
 C	31.97283218 0.67221022 3.40000000
 C	-19.66454320 -27.95085435 3.40000000
 C	34.12443969 1.86486574 3.40000000
 C	-21.81615072 -29.14350987 3.40000000
 C	36.27604720 3.05752126 3.40000000
 C	-23.96760762 -30.33608190 3.40000000
 C	38.42750410 4.25009329 3.40000000
 C	4.00253698 -14.83197758 3.40000000
 C	10.45735951 -11.25401103 3.40000000
 C	1.85108008 -16.02454962 3.40000000
 C	12.60881641 -10.06143899 3.40000000
 C	-0.30052744 -17.21720513 3.40000000
 C	14.76042392 -8.86878347 3.40000000
 C	-3.14061753 -17.16774599 3.40000000
 C	16.22344844 -6.43406895 3.40000000
 C	5.46556150 -12.39726306 3.40000000
 C	7.61716901 -11.20460754 3.40000000
 C	-5.29217484 -18.36037368 3.40000000
 C	18.37490534 -5.24149692 3.40000000
 C	-7.44378235 -19.55302920 3.40000000
 C	20.52651285 -4.04884140 3.40000000
 C	-9.59523925 -20.74560124 3.40000000
 C	22.67807016 -2.85621371 3.40000000
 C	-11.74684676 -21.93825675 3.40000000
 C	24.82957727 -1.66361385 3.40000000
 C	-13.89845427 -23.13091227 3.40000000
 C	26.98118478 -0.47095833 3.40000000
 C	-16.04996138 -24.32351213 3.40000000
 C	29.13279229 0.72169719 3.40000000
 C	-18.20151868 -25.51613983 3.40000000
 C	31.28424919 1.91426923 3.40000000
 C	-20.35312620 -26.70879534 3.40000000
 C	33.43585670 3.10692474 3.40000000
 C	-22.50458310 -27.90136738 3.40000000
 C	35.58741401 4.29955243 3.40000000
 C	-24.65619061 -29.09402290 3.40000000
 C	37.73892111 5.49215230 3.40000000
 C	3.31410460 -13.58983509 3.40000000
 C	9.76872632 -10.01197985 3.40000000
 C	1.16249708 -14.78249061 3.40000000
 C	11.92023342 -8.81937999 3.40000000
 C	-0.98911043 -15.97514613 3.40000000
 C	14.07184093 -7.62672447 3.40000000
 C	6.19707526 -11.17981972 3.40000000
 C	-4.56066107 -17.14293034 3.40000000
 C	16.95481160 -5.21670909 3.40000000
 C	-6.71226858 -18.33558586 3.40000000
 C	19.10641911 -4.02405357 3.40000000
 C	-8.86387609 -19.52824138 3.40000000
 C	21.25802662 -2.83139806 3.40000000
 C	-11.01533300 -20.72081341 3.40000000
 C	23.40963413 -1.63874254 3.40000000
 C	-13.16694051 -21.91346893 3.40000000
 C	25.56109103 -0.44617050 3.40000000
 C	-15.31839741 -23.10604096 3.40000000
 C	27.71269854 0.74648502 3.40000000
 C	4.04546775 -12.37247523 3.40000000
 C	8.34868277 -9.98716420 3.40000000
 C	-17.47000492 -24.29869648 3.40000000
 C	29.86415544 1.93905705 3.40000000
 C	-19.62161243 -25.49135200 3.40000000
 C	32.01576295 3.13171257 3.40000000
 C	-21.77321994 -26.68400752 3.40000000
 C	34.16737047 4.32436809 3.40000000
 C	-23.92467684 -27.87657955 3.40000000
 C	36.31897798 5.51702361 3.40000000
 C	38.47043488 6.70959564 3.40000000
 C	1.89401085 -13.56504727 3.40000000
 C	10.50029028 -8.79450868 3.40000000
 C	-0.25759666 -14.75770279 3.40000000
 C	12.65174719 -7.60193664 3.40000000
 C	-2.40905356 -15.95027482 3.40000000
 C	14.80335470 -6.40928113 3.40000000
 C	5.50849528 -9.93758854 3.40000000
 C	-5.24924106 -15.90069916 3.40000000
 C	16.26638222 -3.97439443 3.40000000
 C	-7.40084857 -17.09335468 3.40000000
 C	18.41783912 -2.78182240 3.40000000
 C	-9.55230547 -18.28592671 3.40000000
 C	20.56944663 -1.58916688 3.40000000
 C	-11.70391298 -19.47858223 3.40000000
 C	22.72100394 -0.39653919 3.40000000
 C	-13.85552049 -20.67123775 3.40000000
 C	24.87251105 0.79606068 3.40000000
 C	3.35703837 -11.13016057 3.40000000
 C	-16.00702760 -21.86383761 3.40000000
 C	27.02411856 1.98871619 3.40000000
 C	7.66010279 -8.74493302 3.40000000
 C	-18.15858490 -23.05646530 3.40000000
 C	29.17572607 3.18137171 3.40000000
 C	-20.31019242 -24.24912082 3.40000000
 C	31.32718297 4.37394375 3.40000000
 C	-22.46164932 -25.44169286 3.40000000
 C	33.47879048 5.56659926 3.40000000
 C	-24.61325683 -26.63434838 3.40000000
 C	35.63034779 6.75922696 3.40000000
 C	37.78185489 7.95182682 3.40000000
 C	1.20543086 -12.32281609 3.40000000
 C	9.81166009 -7.55230533 3.40000000
 C	-0.94617665 -13.51547161 3.40000000
 C	11.96316720 -6.35970547 3.40000000
 C	-3.09768375 -14.70807147 3.40000000
 C	14.11477471 -5.16704995 3.40000000
 C	-4.51772729 -14.68325582 3.40000000
 C	14.84628848 -3.94960661 3.40000000
 C	4.08840153 -9.91280071 3.40000000
 C	6.24000904 -8.72014519 3.40000000
 C	-6.66933480 -15.87591134 3.40000000
 C	16.99774538 -2.75703457 3.40000000
 C	-8.82094232 -17.06856686 3.40000000
 C	19.14935289 -1.56437905 3.40000000
 C	-10.97239922 -18.26113889 3.40000000
 C	21.30096040 -0.37172353 3.40000000
 C	-13.12400673 -19.45379441 3.40000000
 C	23.45256791 0.82093198 3.40000000
 C	-15.27546363 -20.64636644 3.40000000
 C	25.60402481 2.01350402 3.40000000
 C	-17.42707114 -21.83902196 3.40000000
 C	27.75563232 3.20615954 3.40000000
 C	-19.57867865 -23.03167748 3.40000000
 C	29.90708922 4.39873157 3.40000000
 C	-21.73028616 -24.22433300 3.40000000
 C	32.05869673 5.59138709 3.40000000
 C	-23.88174306 -25.41690503 3.40000000
 C	34.21030424 6.78404261 3.40000000
 C	36.36191176 7.97669813 3.40000000
 C	1.93694463 -11.10537275 3.40000000
 C	8.39161655 -7.52748968 3.40000000
 C	38.51336866 9.16927016 3.40000000
 C	-0.21466288 -12.29802827 3.40000000
 C	10.54322406 -6.33483416 3.40000000
 C	-2.36611978 -13.49060030 3.40000000
 C	12.69468096 -5.14226212 3.40000000
 C	-5.20630728 -13.44102464 3.40000000
 C	14.15770849 -2.70737543 3.40000000
 C	3.39997215 -8.67048605 3.40000000
 C	5.55142906 -7.47791402 3.40000000
 C	-7.35791479 -14.63368016 3.40000000
 C	16.30931600 -1.51471991 3.40000000
 C	-9.50937169 -15.82625219 3.40000000
 C	18.46077290 -0.32214787 3.40000000
 C	-11.66097920 -17.01890771 3.40000000
 C	20.61238041 0.87050764 3.40000000
 C	-13.81258671 -18.21156323 3.40000000
 C	22.76393772 2.06313533 3.40000000
 C	-15.96409382 -19.40416309 3.40000000
 C	24.91544482 3.25573520 3.40000000
 C	-18.11565113 -20.59679078 3.40000000
 C	27.06705234 4.44839071 3.40000000
 C	-20.26725864 -21.78944630 3.40000000
 C	29.21865985 5.64104623 3.40000000
 C	-22.41871554 -22.98201834 3.40000000
 C	31.37011675 6.83361827 3.40000000
 C	-24.57032305 -24.17467385 3.40000000
 C	33.52172426 8.02627379 3.40000000
 C	35.67328157 9.21890148 3.40000000
 C	1.24836464 -9.86314157 3.40000000
 C	7.70303657 -6.28525850 3.40000000
 C	37.82478867 10.41150134 3.40000000
 C	-0.90324287 -11.05579709 3.40000000
 C	9.85459387 -5.09263081 3.40000000
 C	-3.05474997 -12.24839695 3.40000000
 C	12.00610098 -3.90003095 3.40000000
 C	4.13133230 -7.45329837 3.40000000
 C	-6.62640403 -13.41640899 3.40000000
 C	14.88921925 -1.49010426 3.40000000
 C	17.04067615 -0.29753222 3.40000000
 C	-8.77801154 -14.60906451 3.40000000
 C	-10.92946844 -15.80163654 3.40000000
 C	19.19228366 0.89512329 3.40000000
 C	-13.08107595 -16.99429206 3.40000000
 C	21.34389117 2.08777881 3.40000000
 C	-15.23253285 -18.18686410 3.40000000
 C	23.49549868 3.28043433 3.40000000
 C	1.97987540 -8.64587040 3.40000000
 C	6.28293982 -6.26064285 3.40000000
 C	-17.38414037 -19.37951961 3.40000000
 C	25.64695558 4.47300637 3.40000000
 C	-19.53574788 -20.57217513 3.40000000
 C	27.79856310 5.66566188 3.40000000
 C	29.95002000 6.85823392 3.40000000
 C	-21.68735539 -21.76483065 3.40000000
 C	-23.83881229 -22.95740268 3.40000000
 C	32.10162751 8.05088944 3.40000000
 C	34.25323502 9.24354496 3.40000000
 C	36.40484253 10.43620047 3.40000000
 C	38.55629943 11.62877251 3.40000000
 C	-0.17173211 -9.83852592 3.40000000
 C	8.43454733 -5.06798733 3.40000000
 C	-2.32318901 -11.03109795 3.40000000
 C	10.58615484 -3.87533181 3.40000000
 C	-4.47479652 -12.22375347 3.40000000
 C	12.73761174 -2.68275978 3.40000000
 C	3.44290293 -6.21098370 3.40000000
 C	-7.31498402 -12.17417781 3.40000000
 C	14.20063926 -0.24787308 3.40000000
 C	-9.46644092 -13.36674985 3.40000000
 C	16.35224677 0.94478244 3.40000000
 C	-11.61804843 -14.55940537 3.40000000
 C	18.50370368 2.13735447 3.40000000
 C	-13.76965594 -15.75206088 3.40000000
 C	20.65531119 3.33000999 3.40000000
 C	-15.92116304 -16.94466075 3.40000000
 C	22.80686849 4.52263768 3.40000000
 C	1.29129542 -7.40363922 3.40000000
 C	5.59435983 -5.01841167 3.40000000
 C	-18.07272035 -18.13728844 3.40000000
 C	24.95837560 5.71523754 3.40000000
 C	-20.22432786 -19.32994395 3.40000000
 C	27.10998311 6.90789306 3.40000000
 C	-22.37578476 -20.52251599 3.40000000
 C	29.26159062 8.10054858 3.40000000
 C	-24.52739227 -21.71517151 3.40000000
 C	31.41304752 9.29312061 3.40000000
 C	33.56465503 10.48577613 3.40000000
 C	35.71621234 11.67840382 3.40000000
 C	37.86771945 12.87100369 3.40000000
 C	-0.86031209 -8.59629474 3.40000000
 C	7.74596734 -3.82575615 3.40000000
 C	-3.01181920 -9.78889460 3.40000000
 C	9.89752465 -2.63312846 3.40000000
 C	-5.16337651 -10.98152229 3.40000000
 C	12.04903175 -1.44052860 3.40000000
 C	-6.58347026 -10.95673446 3.40000000
 C	12.78054551 -0.22308525 3.40000000
 C	2.02280918 -6.18619587 3.40000000
 C	4.17426608 -4.99362384 3.40000000
 C	-8.73507777 -12.14938998 3.40000000
 C	14.93215302 0.96957027 3.40000000
 C	-10.88653467 -13.34196201 3.40000000
 C	17.08360993 2.16214231 3.40000000
 C	-13.03814218 -14.53461753 3.40000000
 C	19.23521744 3.35479782 3.40000000
 C	-15.18959908 -15.72718957 3.40000000
 C	21.38682495 4.54745334 3.40000000
 C	-17.34120659 -16.91984508 3.40000000
 C	23.53843246 5.74010886 3.40000000
 C	-19.49281410 -18.11250060 3.40000000
 C	25.68988936 6.93268090 3.40000000
 C	-21.64442161 -19.30515612 3.40000000
 C	27.84149687 8.12533641 3.40000000
 C	-23.79587851 -20.49772815 3.40000000
 C	29.99295377 9.31790845 3.40000000
 C	32.14456128 10.51056397 3.40000000
 C	34.29616879 11.70321948 3.40000000
 C	-0.12879833 -7.37885139 3.40000000
 C	6.32587359 -3.80096832 3.40000000
 C	36.44777630 12.89587500 3.40000000
 C	38.59923321 14.08844704 3.40000000
 C	-2.28025523 -8.57142342 3.40000000
 C	8.47748110 -2.60831280 3.40000000
 C	-4.43186275 -9.76407894 3.40000000
 C	10.62908861 -1.41565728 3.40000000
 C	-7.27205024 -9.71450329 3.40000000
 C	12.09196553 1.01914592 3.40000000
 C	1.33422920 -4.94396470 3.40000000
 C	3.48583671 -3.75130918 3.40000000
 C	-9.42350714 -10.90707533 3.40000000
 C	14.24357304 2.21180144 3.40000000
 C	-11.57511465 -12.09973084 3.40000000
 C	16.39518055 3.40445696 3.40000000
 C	-13.72672216 -13.29238636 3.40000000
 C	18.54663746 4.59702899 3.40000000
 C	-15.87822926 -14.48498622 3.40000000
 C	20.69824497 5.78968451 3.40000000
 C	-18.02978657 -15.67761392 3.40000000
 C	22.84980227 6.98231220 3.40000000
 C	-20.18139408 -16.87026943 3.40000000
 C	25.00130938 8.17491206 3.40000000
 C	-22.33285098 -18.06284147 3.40000000
 C	27.15291689 9.36756758 3.40000000
 C	-24.48445850 -19.25549699 3.40000000
 C	29.30452440 10.56022310 3.40000000
 C	31.45598130 11.75279514 3.40000000
 C	33.60758881 12.94545065 3.40000000
 C	-0.81737831 -6.13662022 3.40000000
 C	5.63729361 -2.55873715 3.40000000
 C	35.75914612 14.13807834 3.40000000
 C	37.91065322 15.33067821 3.40000000
 C	-2.96888542 -7.32922008 3.40000000
 C	7.78890112 -1.36608163 3.40000000
 C	-5.12044273 -8.52184777 3.40000000
 C	9.94045843 -0.17345394 3.40000000
 C	2.06574296 -3.72652135 3.40000000
 C	-8.69214399 -9.68971546 3.40000000
 C	12.82347929 2.23658927 3.40000000
 C	-10.84360089 -10.88228749 3.40000000
 C	14.97508680 3.42924479 3.40000000
 C	-12.99520840 -12.07494301 3.40000000
 C	17.12654370 4.62181683 3.40000000
 C	-15.14666530 -13.26751504 3.40000000
 C	19.27815122 5.81447235 3.40000000
 C	-17.29827281 -14.46017056 3.40000000
 C	21.42975873 7.00712786 3.40000000
 C	-0.08586455 -4.91917687 3.40000000
 C	4.21719986 -2.53394932 3.40000000
 C	-19.44988032 -15.65282608 3.40000000
 C	23.58136624 8.19978338 3.40000000
 C	-21.60148783 -16.84548160 3.40000000
 C	25.73282314 9.39235542 3.40000000
 C	-23.75294473 -18.03805363 3.40000000
 C	27.88443065 10.58501093 3.40000000
 C	30.03588755 11.77758297 3.40000000
 C	32.18749506 12.97023849 3.40000000
 C	34.33910257 14.16289401 3.40000000
 C	36.49071008 15.35554952 3.40000000
 C	38.64216698 16.54812156 3.40000000
 C	-2.23732145 -6.11174890 3.40000000
 C	6.36880737 -1.34129380 3.40000000
 C	-4.38892897 -7.30440442 3.40000000
 C	8.52041488 -0.14863828 3.40000000
 C	-6.54053648 -8.49705994 3.40000000
 C	10.67202239 1.04401724 3.40000000
 C	1.37716197 -2.48434756 3.40000000
 C	-9.38057437 -8.44745819 3.40000000
 C	12.13489831 3.47876306 3.40000000
 C	-11.53218188 -9.64011371 3.40000000
 C	14.28650582 4.67141858 3.40000000
 C	-13.68378939 -10.83276922 3.40000000
 C	16.43811333 5.86407410 3.40000000
 C	-15.83529649 -12.02536909 3.40000000
 C	18.58957023 7.05664613 3.40000000
 C	-17.98685380 -13.21799678 3.40000000
 C	20.74117774 8.24930165 3.40000000
 C	-20.13846131 -14.41065230 3.40000000
 C	-0.77444554 -3.67700308 3.40000000
 C	22.89273505 9.44192934 3.40000000
 C	3.52876948 -1.29169204 3.40000000
 C	-22.28991821 -15.60322433 3.40000000
 C	25.04424215 10.63452920 3.40000000
 C	-24.44152572 -16.79587985 3.40000000
 C	27.19584966 11.82718472 3.40000000
 C	29.34745717 13.01984024 3.40000000
 C	31.49891407 14.21241227 3.40000000
 C	33.65052159 15.40506779 3.40000000
 C	35.80207889 16.59769548 3.40000000
 C	37.95358600 17.79029534 3.40000000
 C	-2.92595265 -4.86960294 3.40000000
 C	5.68022638 -0.09912001 3.40000000
 C	-5.07750995 -6.06223063 3.40000000
 C	7.83183389 1.09353551 3.40000000
 C	-7.22911746 -7.25488615 3.40000000
 C	9.98339120 2.28616320 3.40000000
 C	-8.64921021 -7.23004094 3.40000000
 C	10.71495617 3.50369176 3.40000000
 C	-0.04293077 -2.45950235 3.40000000
 C	2.10867674 -1.26684683 3.40000000
 C	-10.80066711 -8.42261297 3.40000000
 C	12.86641307 4.69626380 3.40000000
 C	-12.95227462 -9.61526849 3.40000000
 C	15.01802058 5.88891931 3.40000000
 C	-15.10373152 -10.80784052 3.40000000
 C	17.16947748 7.08149135 3.40000000
 C	-17.25533903 -12.00049604 3.40000000
 C	19.32108499 8.27414687 3.40000000
 C	-19.40694654 -13.19315156 3.40000000
 C	21.47269251 9.46680238 3.40000000
 C	-21.55855405 -14.38580708 3.40000000
 C	23.62430002 10.65945790 3.40000000
 C	-23.71001096 -15.57837911 3.40000000
 C	25.77575692 11.85202994 3.40000000
 C	27.92736443 13.04468546 3.40000000
 C	30.07882133 14.23725749 3.40000000
 C	32.23042884 15.42991301 3.40000000
 C	-2.19438768 -3.65207438 3.40000000
 C	4.26013364 -0.07427479 3.40000000
 C	34.38203635 16.62256853 3.40000000
 C	36.53364386 17.81522405 3.40000000
 C	38.68510076 19.00779608 3.40000000
 C	-4.34599519 -4.84472990 3.40000000
 C	6.41174115 1.11838072 3.40000000
 C	-6.49760270 -6.03738542 3.40000000
 C	8.56334866 2.31103624 3.40000000
 C	-9.33764259 -5.98789845 3.40000000
 C	10.02632298 4.74572294 3.40000000
 C	-0.73151377 -1.21744334 3.40000000
 C	1.42009375 -0.02478783 3.40000000
 C	-11.48925010 -7.18055397 3.40000000
 C	12.17783008 5.93832280 3.40000000
 C	-13.64085761 -8.37320949 3.40000000
 C	14.32943759 7.13097832 3.40000000
 C	-15.79236472 -9.56580935 3.40000000
 C	16.48104510 8.32363384 3.40000000
 C	-17.94392202 -10.75843704 3.40000000
 C	18.63250200 9.51620587 3.40000000
 C	-20.09552953 -11.95109256 3.40000000
 C	20.78410951 10.70886139 3.40000000
 C	-22.24698644 -13.14366459 3.40000000
 C	22.93566682 11.90148908 3.40000000
 C	-24.39859395 -14.33632011 3.40000000
 C	25.08717393 13.09408894 3.40000000
 C	27.23878144 14.28674446 3.40000000
 C	29.39038895 15.47939998 3.40000000
 C	31.54184585 16.67197201 3.40000000
 C	-2.88302087 -2.41004321 3.40000000
 C	3.57170126 1.16786769 3.40000000
 C	33.69345336 17.86462753 3.40000000
 C	35.84501067 19.05725522 3.40000000
 C	37.99651777 20.24985508 3.40000000
 C	-5.03457818 -3.60267090 3.40000000
 C	5.72315816 2.36043973 3.40000000
 C	-7.18618569 -4.79532641 3.40000000
 C	7.87476567 3.55309525 3.40000000
 C	0.00000000 0.00000000 3.40000000
 C	-10.75773634 -5.96311062 3.40000000
 C	10.75788694 5.96319411 3.40000000
 C	-12.90934385 -7.15576614 3.40000000
 C	12.90934385 7.15576614 3.40000000
 C	-15.06080075 -8.34833818 3.40000000
 C	15.06095136 8.34842166 3.40000000
 C	-17.21240826 -9.54099369 3.40000000
 C	17.21240826 9.54099369 3.40000000
 C	-19.36401577 -10.73364921 3.40000000
 C	19.36401577 10.73364921 3.40000000
 C	-2.15145690 -1.19257203 3.40000000
 C	-21.51562328 -11.92630473 3.40000000
 C	21.51562328 11.92630473 3.40000000
 C	2.15160751 1.19265552 3.40000000
 C	-23.66708018 -13.11887677 3.40000000
 C	23.66723079 13.11896025 3.40000000
 C	25.81868769 14.31153228 3.40000000
 C	27.97029520 15.50418780 3.40000000
 C	30.12175210 16.69675984 3.40000000
 C	32.27335962 17.88941536 3.40000000
 C	34.42496713 19.08207087 3.40000000
 C	36.57657464 20.27472639 3.40000000
 C	38.72803154 21.46729843 3.40000000
 C	-4.30306441 -2.38522755 3.40000000
 C	4.30306441 2.38522755 3.40000000
 C	-6.45467192 -3.57788307 3.40000000
 C	6.45467192 3.57788307 3.40000000
 C	-8.60627943 -4.77053859 3.40000000
 C	8.60627943 4.77053859 3.40000000
 C	-0.68857999 1.24223118 3.40000000
 C	-11.44631632 -4.72087945 3.40000000
 C	10.06925676 7.20539746 3.40000000
 C	-13.59792383 -5.91353496 3.40000000
 C	12.22076386 8.39799732 3.40000000
 C	-15.74943094 -7.10613483 3.40000000
 C	14.37237137 9.59065284 3.40000000
 C	-17.90098824 -8.29876252 3.40000000
 C	16.52397888 10.78330836 3.40000000
 C	-20.05259575 -9.49141804 3.40000000
 C	18.67543578 11.97588039 3.40000000
 C	-2.84008709 0.04963132 3.40000000
 C	-22.20405266 -10.68399007 3.40000000
 C	20.82704329 13.16853591 3.40000000
 C	1.46302753 2.43488670 3.40000000
 C	-24.35566017 -11.87664559 3.40000000
 C	22.97860060 14.36116360 3.40000000
 C	25.13010771 15.55376346 3.40000000
 C	27.28171522 16.74641898 3.40000000
 C	29.43332273 17.93907450 3.40000000
 C	31.58477963 19.13164653 3.40000000
 C	33.73638714 20.32430205 3.40000000
 C	35.88794445 21.51692974 3.40000000
 C	38.03945155 22.70952960 3.40000000
 C	-4.99164440 -1.14299638 3.40000000
 C	3.61463504 3.62754221 3.40000000
 C	-7.14325191 -2.33565189 3.40000000
 C	5.76609194 4.82011425 3.40000000
 C	-9.29470881 -3.52822393 3.40000000
 C	7.91769945 6.01276977 3.40000000
 C	-10.71480256 -3.50343610 3.40000000
 C	8.64921321 7.23021311 3.40000000
 C	-2.10852312 1.26710249 3.40000000
 C	0.04293378 2.45967452 3.40000000
 C	-12.86641007 -4.69609162 3.40000000
 C	10.80082072 8.42286863 3.40000000
 C	-15.01786697 -5.88866366 3.40000000
 C	12.95227763 9.61544066 3.40000000
 C	-17.16947448 -7.08131917 3.40000000
 C	15.10388514 10.80809618 3.40000000
 C	-19.32108199 -8.27397469 3.40000000
 C	17.25534204 12.00066822 3.40000000
 C	-21.47268950 -9.46663021 3.40000000
 C	19.40694955 13.19332373 3.40000000
 C	-23.62414640 -10.65920224 3.40000000
 C	21.55855706 14.38597925 3.40000000
 C	23.71016457 15.57863477 3.40000000
 C	25.86162147 16.77120681 3.40000000
 C	28.01322898 17.96386232 3.40000000
 C	30.16468588 19.15643436 3.40000000
 C	-4.26013063 0.07444697 3.40000000
 C	2.19454129 3.65233004 3.40000000
 C	32.31629339 20.34908988 3.40000000
 C	34.46790091 21.54174539 3.40000000
 C	36.61950842 22.73440091 3.40000000
 C	38.77096532 23.92697295 3.40000000
 C	-6.41173814 -1.11820855 3.40000000
 C	4.34599819 4.84490207 3.40000000
 C	-8.56334565 -2.31086407 3.40000000
 C	6.49760570 6.03755759 3.40000000
 C	-11.40338254 -2.26120493 3.40000000
 C	7.96063323 8.47244429 3.40000000
 C	-2.79715331 2.50930584 3.40000000
 C	-0.64564621 3.70190570 3.40000000
 C	-13.55499005 -3.45386044 3.40000000
 C	10.11219054 9.66507198 3.40000000
 C	-15.70649716 -4.64646031 3.40000000
 C	12.26369764 10.85767184 3.40000000
 C	-17.85805446 -5.83908800 3.40000000
 C	14.41530515 12.05032736 3.40000000
 C	-20.00966198 -7.03174351 3.40000000
 C	16.56691266 13.24298288 3.40000000
 C	-22.16111888 -8.22431555 3.40000000
 C	18.71836956 14.43555491 3.40000000
 C	-24.31272639 -9.41697107 3.40000000
 C	20.86997707 15.62821043 3.40000000
 C	23.02153438 16.82083812 3.40000000
 C	25.17304149 18.01343798 3.40000000
 C	27.32464900 19.20609350 3.40000000
 C	29.47625651 20.39874902 3.40000000
 C	-4.94871062 1.31667815 3.40000000
 C	1.50596130 4.89456122 3.40000000
 C	31.62771341 21.59132105 3.40000000
 C	33.77932092 22.78397657 3.40000000
 C	35.93087823 23.97660426 3.40000000
 C	38.08238533 25.16920413 3.40000000
 C	-7.10031813 0.12402263 3.40000000
 C	3.65756882 6.08721674 3.40000000
 C	-9.25177503 -1.06854941 3.40000000
 C	5.80902572 7.27978877 3.40000000
 C	-2.06559235 3.72660483 3.40000000
 C	-12.82347929 -2.23658927 3.40000000
 C	8.69214399 9.68971546 3.40000000
 C	-14.97493619 -3.42916131 3.40000000
 C	10.84375150 10.88237098 3.40000000
 C	-17.12654370 -4.62181683 3.40000000
 C	12.99520840 12.07494301 3.40000000
 C	-19.27815122 -5.81447235 3.40000000
 C	15.14681591 13.26759853 3.40000000
 C	17.29827281 14.46017056 3.40000000
 C	-21.42975873 -7.00712786 3.40000000
 C	-4.21719986 2.53394932 3.40000000
 C	0.08586455 4.91917687 3.40000000
 C	-23.58121563 -8.19969990 3.40000000
 C	19.44988032 15.65282608 3.40000000
 C	21.60148783 16.84548160 3.40000000
 C	23.75309534 18.03813712 3.40000000
 C	25.90455225 19.23070915 3.40000000
 C	28.05615976 20.42336467 3.40000000
 C	30.20761666 21.61593671 3.40000000
 C	32.35922417 22.80859222 3.40000000
 C	34.51083168 24.00124774 3.40000000
 C	36.66243919 25.19390326 3.40000000
 C	38.81389609 26.38647529 3.40000000
 C	-6.36880737 1.34129380 3.40000000
 C	2.23747206 6.11183239 3.40000000
 C	4.38892897 7.30440442 3.40000000
 C	-8.52041488 0.14863828 3.40000000
 C	-10.67187178 -1.04393376 3.40000000
 C	6.54053648 8.49705994 3.40000000
 C	-2.75422254 4.96880818 3.40000000
 C	-13.51205928 -0.99435810 3.40000000
 C	8.00356400 10.93194663 3.40000000
 C	-15.66356638 -2.18695796 3.40000000
 C	10.15512131 12.12457433 3.40000000
 C	-17.81512369 -3.37958565 3.40000000
 C	12.30662841 13.31717419 3.40000000
 C	-19.96673120 -4.57224117 3.40000000
 C	14.45823592 14.50982971 3.40000000
 C	-22.11818810 -5.76481320 3.40000000
 C	16.60984344 15.70248522 3.40000000
 C	-4.90577984 3.77618049 3.40000000
 C	-0.60271543 6.16140805 3.40000000
 C	-24.26979561 -6.95746872 3.40000000
 C	18.76130034 16.89505726 3.40000000
 C	20.91290785 18.08771278 3.40000000
 C	23.06446516 19.28034047 3.40000000
 C	25.21597226 20.47294033 3.40000000
 C	27.36757977 21.66559585 3.40000000
 C	29.51918728 22.85825137 3.40000000
 C	31.67064418 24.05082340 3.40000000
 C	33.82225169 25.24347892 3.40000000
 C	35.97380900 26.43610661 3.40000000
 C	38.12531611 27.62870647 3.40000000
 C	-7.05738736 2.58352497 3.40000000
 C	1.54889208 7.35406356 3.40000000
 C	-9.20884426 1.39095294 3.40000000
 C	3.70049959 8.54671908 3.40000000
 C	-11.36045177 0.19829742 3.40000000
 C	5.85195649 9.73929112 3.40000000
 C	-12.78054552 0.22308526 3.40000000
 C	6.58347025 10.95673447 3.40000000
 C	-4.17426608 4.99362385 3.40000000
 C	-2.02265857 6.18627936 3.40000000
 C	-14.93200242 -0.96948678 3.40000000
 C	8.73507776 12.14938999 3.40000000
 C	-17.08360993 -2.16214230 3.40000000
 C	10.88668527 13.34204551 3.40000000
 C	-19.23521744 -3.35479782 3.40000000
 C	13.03814217 14.53461754 3.40000000
 C	-21.38682495 -4.54745333 3.40000000
 C	15.18974969 15.72727306 3.40000000
 C	-23.53828185 -5.74002537 3.40000000
 C	17.34120659 16.91984509 3.40000000
 C	19.49281410 18.11250061 3.40000000
 C	21.64442161 19.30515613 3.40000000
 C	23.79602912 20.49781165 3.40000000
 C	25.94748602 21.69038368 3.40000000
 C	28.09909353 22.88303920 3.40000000
 C	-6.32587359 3.80096833 3.40000000
 C	0.12879833 7.37885140 3.40000000
 C	30.25055043 24.07561123 3.40000000
 C	32.40215794 25.26826675 3.40000000
 C	34.55376545 26.46092227 3.40000000
 C	36.70537297 27.65357779 3.40000000
 C	38.85682987 28.84614982 3.40000000
 C	-8.47748111 2.60831281 3.40000000
 C	2.28040584 8.57150692 3.40000000
 C	-10.62893801 1.41574077 3.40000000
 C	4.43186274 9.76407895 3.40000000
 C	-13.46912550 1.46531642 3.40000000
 C	5.89489027 12.19896564 3.40000000
 C	-4.86284606 6.23585501 3.40000000
 C	-2.71128876 7.42848270 3.40000000
 C	-15.62063260 0.27271656 3.40000000
 C	8.04649778 13.39162116 3.40000000
 C	-17.77218991 -0.91991113 3.40000000
 C	10.19805509 14.58424885 3.40000000
 C	-19.92379742 -2.11256665 3.40000000
 C	12.34956219 15.77684871 3.40000000
 C	-22.07525432 -3.30513868 3.40000000
 C	14.50116970 16.96950423 3.40000000
 C	-24.22686183 -4.49779420 3.40000000
 C	16.65277722 18.16215975 3.40000000
 C	18.80423412 19.35473178 3.40000000
 C	20.95584163 20.54738730 3.40000000
 C	23.10739893 21.74001499 3.40000000
 C	25.25890604 22.93261485 3.40000000
 C	27.41051355 24.12527037 3.40000000
 C	-7.01445358 5.04319950 3.40000000
 C	-0.55978165 8.62108257 3.40000000
 C	29.56212106 25.31792589 3.40000000
 C	31.71357796 26.51049792 3.40000000
 C	33.86518547 27.70315344 3.40000000
 C	36.01674278 28.89578113 3.40000000
 C	38.16824989 30.08838099 3.40000000
 C	-9.16591048 3.85062746 3.40000000
 C	1.59182586 9.81373808 3.40000000
 C	-11.31751799 2.65797194 3.40000000
 C	3.74343337 11.00639360 3.40000000
 C	-4.13133230 7.45329837 3.40000000
 C	-14.88906864 1.49018774 3.40000000
 C	6.62640403 13.41640899 3.40000000
 C	-17.04067615 0.29753222 3.40000000
 C	8.77801154 14.60906451 3.40000000
 C	-19.19228366 -0.89512329 3.40000000
 C	10.92961905 15.80172003 3.40000000
 C	-21.34389117 -2.08777881 3.40000000
 C	13.08107595 16.99429206 3.40000000
 C	-23.49534807 -3.28035085 3.40000000
 C	15.23268346 18.18694758 3.40000000
 C	-6.28293982 6.26064285 3.40000000
 C	17.38414037 19.37951961 3.40000000
 C	-1.97972479 8.64595388 3.40000000
 C	19.53574788 20.57217513 3.40000000
 C	21.68735539 21.76483065 3.40000000
 C	23.83896290 22.95748617 3.40000000
 C	25.99041980 24.15005820 3.40000000
 C	28.14202731 25.34271372 3.40000000
 C	30.29348421 26.53528576 3.40000000
 C	32.44509172 27.72794127 3.40000000
 C	34.59669923 28.92059679 3.40000000
 C	36.74830674 30.11325231 3.40000000
 C	38.89976365 31.30582435 3.40000000
 C	-8.43454733 5.06798733 3.40000000
 C	0.17173211 9.83852592 3.40000000
 C	-10.58600423 3.87541530 3.40000000
 C	2.32333962 11.03118144 3.40000000
 C	-12.73761174 2.68275978 3.40000000
 C	4.47479652 12.22375347 3.40000000
 C	-4.81991329 8.69547215 3.40000000
 C	-15.57769983 2.73233370 3.40000000
 C	5.93782304 14.65858278 3.40000000
 C	-17.72925714 1.53970601 3.40000000
 C	8.08943055 15.85123829 3.40000000
 C	-19.88086465 0.34705049 3.40000000
 C	10.24098786 17.04386598 3.40000000
 C	-22.03232155 -0.84552154 3.40000000
 C	12.39249497 18.23646585 3.40000000
 C	-24.18392906 -2.03817706 3.40000000
 C	14.54410248 19.42912137 3.40000000
 C	-6.97152080 7.50281663 3.40000000
 C	16.69570999 20.62177688 3.40000000
 C	-2.66835598 9.88809984 3.40000000
 C	18.84716689 21.81434892 3.40000000
 C	20.99877440 23.00700444 3.40000000
 C	23.15033171 24.19963213 3.40000000
 C	25.30183881 25.39223199 3.40000000
 C	27.45344632 26.58488751 3.40000000
 C	29.60505383 27.77754303 3.40000000
 C	31.75651074 28.97011506 3.40000000
 C	33.90811825 30.16277058 3.40000000
 C	36.05967555 31.35539827 3.40000000
 C	-9.12297770 6.31024460 3.40000000
 C	38.21118266 32.54799813 3.40000000
 C	-0.51684888 11.08069970 3.40000000
 C	-11.27458522 5.11758908 3.40000000
 C	1.63475863 12.27335522 3.40000000
 C	-13.42619273 3.92493356 3.40000000
 C	3.78636614 13.46601074 3.40000000
 C	-14.84613486 3.94986226 3.40000000
 C	4.51773030 14.68342799 3.40000000
 C	-6.24000604 8.72031737 3.40000000
 C	-4.08839853 9.91297289 3.40000000
 C	-16.99774237 2.75720674 3.40000000
 C	6.66933781 15.87608351 3.40000000
 C	-19.14934988 1.56455123 3.40000000
 C	8.82094532 17.06873903 3.40000000
 C	-21.30095739 0.37189571 3.40000000
 C	10.97255283 18.26139455 3.40000000
 C	-23.45241429 -0.82067633 3.40000000
 C	13.12400973 19.45396658 3.40000000
 C	15.27561724 20.64662210 3.40000000
 C	17.42707415 21.83919413 3.40000000
 C	19.57868166 23.03184965 3.40000000
 C	21.73028917 24.22450517 3.40000000
 C	23.88189668 25.41716069 3.40000000
 C	26.03335358 26.60973272 3.40000000
 C	-8.39161355 7.52766185 3.40000000
 C	-1.93679101 11.10562841 3.40000000
 C	28.18496109 27.80238824 3.40000000
 C	30.33641799 28.99496028 3.40000000
 C	32.48802550 30.18761580 3.40000000
 C	34.63963301 31.38027131 3.40000000
 C	36.79124052 32.57292683 3.40000000
 C	38.94269743 33.76549887 3.40000000
 C	-10.54307045 6.33508982 3.40000000
 C	0.21466589 12.29820044 3.40000000
 C	-12.69467796 5.14243430 3.40000000
 C	2.36627340 13.49085596 3.40000000
 C	-15.53476805 5.19189344 3.40000000
 C	3.82929792 15.92557048 3.40000000
 C	-6.92858903 9.96237637 3.40000000
 C	-4.77698152 11.15503189 3.40000000
 C	-17.68632536 3.99926575 3.40000000
 C	5.98075482 17.11814251 3.40000000
 C	-19.83793287 2.80661023 3.40000000
 C	8.13236233 18.31079803 3.40000000
 C	-21.98938977 1.61403820 3.40000000
 C	10.28391964 19.50342572 3.40000000
 C	-24.14099729 0.42138268 3.40000000
 C	12.43542674 20.69602559 3.40000000
 C	14.58703425 21.88868110 3.40000000
 C	16.73864176 23.08133662 3.40000000
 C	18.89009867 24.27390866 3.40000000
 C	21.04170618 25.46656417 3.40000000
 C	23.19326348 26.65919187 3.40000000
 C	25.34477059 27.85179173 3.40000000
 C	-9.08004593 8.76980434 3.40000000
 C	-2.62542421 12.34765958 3.40000000
 C	27.49637810 29.04444725 3.40000000
 C	29.64798561 30.23710276 3.40000000
 C	31.79944251 31.42967480 3.40000000
 C	33.95105002 32.62233032 3.40000000
 C	36.10260733 33.81495801 3.40000000
 C	38.25411443 35.00755787 3.40000000
 C	-11.23165344 7.57714882 3.40000000
 C	-0.47391710 13.54025944 3.40000000
 C	-13.38326095 6.38449330 3.40000000
 C	1.67769041 14.73291496 3.40000000
 C	-6.19707526 11.17981972 3.40000000
 C	-16.95481160 5.21670909 3.40000000
 C	4.56066107 17.14293034 3.40000000
 C	-19.10641911 4.02405357 3.40000000
 C	6.71226858 18.33558586 3.40000000
 C	-21.25802662 2.83139806 3.40000000
 C	8.86387609 19.52824138 3.40000000
 C	-23.40948352 1.63882602 3.40000000
 C	11.01548361 20.72089689 3.40000000
 C	13.16694051 21.91346893 3.40000000
 C	15.31854802 23.10612445 3.40000000
 C	-8.34868277 9.98716420 3.40000000
 C	-4.04546775 12.37247523 3.40000000
 C	17.47000492 24.29869648 3.40000000
 C	19.62161243 25.49135200 3.40000000
 C	21.77321994 26.68400752 3.40000000
 C	23.92482745 27.87666304 3.40000000
 C	26.07628435 29.06923507 3.40000000
 C	28.22789186 30.26189059 3.40000000
 C	30.37934877 31.45446262 3.40000000
 C	32.53095628 32.64711814 3.40000000
 C	34.68256379 33.83977366 3.40000000
 C	-10.50013967 8.79459216 3.40000000
 C	36.83417130 35.03242918 3.40000000
 C	-1.89386024 13.56513075 3.40000000
 C	38.98562820 36.22500121 3.40000000
 C	-12.65174719 7.60193664 3.40000000
 C	0.25759666 14.75770279 3.40000000
 C	-14.80320409 6.40936461 3.40000000
 C	2.40920417 15.95035831 3.40000000
 C	-6.88565525 12.42205089 3.40000000
 C	-17.64339158 6.45894027 3.40000000
 C	3.87223170 18.38524500 3.40000000
 C	-19.79499909 5.26628475 3.40000000
 C	6.02368860 19.57781704 3.40000000
 C	-21.94645600 4.07371272 3.40000000
 C	8.17529611 20.77047255 3.40000000
 C	-24.09806351 2.88105720 3.40000000
 C	10.32685342 21.96310024 3.40000000
 C	12.47836052 23.15570011 3.40000000
 C	-9.03711215 11.22947886 3.40000000
 C	14.62996803 24.34835562 3.40000000
 C	-4.73404774 13.61470641 3.40000000
 C	16.78157554 25.54101114 3.40000000
 C	18.93303244 26.73358318 3.40000000
 C	21.08463996 27.92623870 3.40000000
 C	23.23619726 29.11886639 3.40000000
 C	25.38770437 30.31146625 3.40000000
 C	27.53931188 31.50412177 3.40000000
 C	29.69091939 32.69677729 3.40000000
 C	31.84237629 33.88934932 3.40000000
 C	33.99398380 35.08200484 3.40000000
 C	-11.18871966 10.03682334 3.40000000
 C	36.14554111 36.27463253 3.40000000
 C	-2.58249043 14.80733410 3.40000000
 C	38.29704821 37.46723239 3.40000000
 C	-13.34032717 8.84416782 3.40000000
 C	-0.43098332 15.99993396 3.40000000
 C	-15.49183428 7.65156796 3.40000000
 C	1.72062419 17.19258948 3.40000000
 C	-16.91187782 7.67638361 3.40000000
 C	2.45213795 18.41003283 3.40000000
 C	-8.30574899 12.44683872 3.40000000
 C	-6.15414148 13.63949424 3.40000000
 C	-19.06348533 6.48372809 3.40000000
 C	4.60359485 19.60260486 3.40000000
 C	-21.21509284 5.29107258 3.40000000
 C	6.75520236 20.79526038 3.40000000
 C	-23.36654974 4.09850054 3.40000000
 C	8.90680987 21.98791590 3.40000000
 C	11.05841739 23.18057142 3.40000000
 C	13.20987429 24.37314345 3.40000000
 C	15.36148180 25.56579897 3.40000000
 C	17.51293870 26.75837100 3.40000000
 C	19.66454621 27.95102652 3.40000000
 C	21.81615372 29.14368204 3.40000000
 C	23.96776123 30.33633756 3.40000000
 C	-10.45720589 11.25426668 3.40000000
 C	-4.00253397 14.83214976 3.40000000
 C	26.11921813 31.52890959 3.40000000
 C	28.27082564 32.72156511 3.40000000
 C	30.42228254 33.91413714 3.40000000
 C	32.57389006 35.10679266 3.40000000
 C	34.72549757 36.29944818 3.40000000
 C	36.87710508 37.49210370 3.40000000
 C	39.02856198 38.68467573 3.40000000
 C	-12.60881341 10.06161117 3.40000000
 C	-1.85092646 16.02480527 3.40000000
 C	-14.76027031 8.86903913 3.40000000
 C	0.30053044 17.21737731 3.40000000
 C	-17.60045780 8.91861479 3.40000000
 C	1.76355797 19.65226400 3.40000000
 C	-8.99417837 13.68915338 3.40000000
 C	-6.84272147 14.88172541 3.40000000
 C	-19.75206531 7.72595927 3.40000000
 C	3.91516548 20.84491952 3.40000000
 C	-21.90352222 6.53338724 3.40000000
 C	6.06662238 22.03749156 3.40000000
 C	-24.05512973 5.34073172 3.40000000
 C	8.21822989 23.23014707 3.40000000
 C	10.36978720 24.42277477 3.40000000
 C	12.52129430 25.61537463 3.40000000
 C	14.67290181 26.80803015 3.40000000
 C	16.82450932 28.00068566 3.40000000
 C	18.97596622 29.19325770 3.40000000
 C	21.12757373 30.38591322 3.40000000
 C	23.27913104 31.57854091 3.40000000
 C	-11.14578588 12.49649786 3.40000000
 C	-4.69111396 16.07438093 3.40000000
 C	25.43063815 32.77114077 3.40000000
 C	27.58224566 33.96379629 3.40000000
 C	29.73385317 35.15645181 3.40000000
 C	31.88531007 36.34902384 3.40000000
 C	34.03691758 37.54167936 3.40000000
 C	36.18847489 38.73430705 3.40000000
 C	38.33998199 39.92690691 3.40000000
 C	-13.29739339 11.30384234 3.40000000
 C	-2.53955665 17.26700862 3.40000000
 C	-15.44890050 10.11124248 3.40000000
 C	-0.38804955 18.45960849 3.40000000
 C	-8.26281822 14.90634107 3.40000000
 C	-19.02055455 8.94323044 3.40000000
 C	2.49506873 20.86953517 3.40000000
 C	4.64652563 22.06210721 3.40000000
 C	-21.17216207 7.75057492 3.40000000
 C	-23.32361897 6.55800289 3.40000000
 C	6.79813314 23.25476273 3.40000000
 C	8.94974065 24.44741824 3.40000000
 C	11.10134816 25.64007376 3.40000000
 C	-10.41427512 13.71376903 3.40000000
 C	-6.11121071 16.09899658 3.40000000
 C	13.25280506 26.83264580 3.40000000
 C	15.40441257 28.02530132 3.40000000
 C	17.55586947 29.21787335 3.40000000
 C	19.70747698 30.41052887 3.40000000
 C	21.85908449 31.60318439 3.40000000
 C	24.01069201 32.79583990 3.40000000
 C	26.16214891 33.98841194 3.40000000
 C	28.31375642 35.18106746 3.40000000
 C	30.46521332 36.37363949 3.40000000
 C	32.61682083 37.56629501 3.40000000
 C	34.76842834 38.75895053 3.40000000
 C	-12.56588263 12.52111351 3.40000000
 C	-3.95960320 17.29165210 3.40000000
 C	36.92003585 39.95160605 3.40000000
 C	39.07149275 41.14417808 3.40000000
 C	-14.71733953 11.32854148 3.40000000
 C	-1.80799569 18.48430762 3.40000000
 C	-16.86894704 10.13588596 3.40000000
 C	0.34346121 19.67687965 3.40000000
 C	-8.95124760 16.14865573 3.40000000
 C	-19.70913454 10.18546162 3.40000000
 C	1.80648874 22.11176635 3.40000000
 C	-21.86059144 8.99288958 3.40000000
 C	3.95809625 23.30442187 3.40000000
 C	-24.01219895 7.80023407 3.40000000
 C	6.10955315 24.49699390 3.40000000
 C	8.26116066 25.68964942 3.40000000
 C	10.41271797 26.88227711 3.40000000
 C	-11.10285511 14.95600021 3.40000000
 C	-6.79979069 17.34122776 3.40000000
 C	12.56422508 28.07487697 3.40000000
 C	14.71583259 29.26753249 3.40000000
 C	16.86744010 30.46018801 3.40000000
 C	19.01889700 31.65276005 3.40000000
 C	21.17050451 32.84541556 3.40000000
 C	23.32206182 34.03804325 3.40000000
 C	25.47356892 35.23064312 3.40000000
 C	27.62517643 36.42329864 3.40000000
 C	29.77678394 37.61595415 3.40000000
 C	31.92824084 38.80852619 3.40000000
 C	34.07984836 40.00118171 3.40000000
 C	-13.25446262 13.76334469 3.40000000
 C	-4.64818318 18.53388328 3.40000000
 C	36.23140566 41.19380940 3.40000000
 C	38.38291277 42.38640926 3.40000000
 C	-15.40596972 12.57074483 3.40000000
 C	-2.49662588 19.72651097 3.40000000
 C	-17.55752703 11.37811714 3.40000000
 C	-0.34511877 20.91911083 3.40000000
 C	-18.97762078 11.40290497 3.40000000
 C	0.38639499 22.13655418 3.40000000
 C	-10.37134135 16.17344356 3.40000000
 C	-8.21988444 17.36601559 3.40000000
 C	-21.12922829 10.21024945 3.40000000
 C	2.53800250 23.32920970 3.40000000
 C	-23.28068519 9.01767742 3.40000000
 C	4.68945940 24.52178174 3.40000000
 C	6.84106691 25.71443726 3.40000000
 C	8.99267442 26.90709277 3.40000000
 C	11.14428193 28.09974829 3.40000000
 C	13.29573884 29.29232033 3.40000000
 C	15.44734635 30.48497585 3.40000000
 C	17.59880325 31.67754788 3.40000000
 C	19.75041076 32.87020340 3.40000000
 C	21.90201827 34.06285892 3.40000000
 C	-12.52294886 14.98078804 3.40000000
 C	-6.06827693 18.55867111 3.40000000
 C	24.05362578 35.25551443 3.40000000
 C	26.20508268 36.44808647 3.40000000
 C	28.35669019 37.64074199 3.40000000
 C	30.50814709 38.83331402 3.40000000
 C	32.65975460 40.02596954 3.40000000
 C	34.81136212 41.21862506 3.40000000
 C	36.96296963 42.41128058 3.40000000
 C	39.11442653 43.60385261 3.40000000
 C	-14.67440576 13.78821601 3.40000000
 C	-3.91666942 19.75132663 3.40000000
 C	-16.82601327 12.59556049 3.40000000
 C	-1.76506191 20.94398215 3.40000000
 C	-19.66620076 12.64513614 3.40000000
 C	-0.30218499 23.37878535 3.40000000
 C	-11.05992133 17.41567473 3.40000000
 C	-8.90831382 18.60833025 3.40000000
 C	-21.81765766 11.45256411 3.40000000
 C	1.84942252 24.57144087 3.40000000
 C	-23.96926517 10.25990859 3.40000000
 C	4.00103003 25.76409639 3.40000000
 C	6.15248693 26.95666842 3.40000000
 C	8.30409444 28.14932394 3.40000000
 C	10.45565175 29.34195163 3.40000000
 C	12.60715885 30.53455150 3.40000000
 C	14.75876637 31.72720701 3.40000000
 C	16.91037388 32.91986253 3.40000000
 C	19.06183078 34.11243457 3.40000000
 C	21.21343829 35.30509008 3.40000000
 C	-13.21152884 16.22301921 3.40000000
 C	-6.75685691 19.80090228 3.40000000
 C	23.36499560 36.49771778 3.40000000
 C	25.51650270 37.69031764 3.40000000
 C	27.66811021 38.88297316 3.40000000
 C	29.81971772 40.07562867 3.40000000
 C	31.97117462 41.26820071 3.40000000
 C	34.12278213 42.46085623 3.40000000
 C	36.27433944 43.65348392 3.40000000
 C	38.42584655 44.84608378 3.40000000
 C	-15.36303594 15.03041935 3.40000000
 C	-4.60524940 20.99355780 3.40000000
 C	-17.51459325 13.83779166 3.40000000
 C	-2.45369210 22.18618549 3.40000000
 C	-10.32840757 18.63311808 3.40000000
 C	-21.08629451 12.66992397 3.40000000
 C	0.42932877 24.59622871 3.40000000
 C	-23.23775141 11.47735194 3.40000000
 C	2.58093628 25.78888422 3.40000000
 C	4.73239318 26.98145626 3.40000000
 C	6.88400069 28.17411178 3.40000000
 C	9.03560820 29.36676730 3.40000000
 C	-12.48001508 17.44046256 3.40000000
 C	-8.17695067 19.82569012 3.40000000
 C	11.18721571 30.55942281 3.40000000
 C	13.33867261 31.75199485 3.40000000
 C	15.49028013 32.94465037 3.40000000
 C	17.64173703 34.13722240 3.40000000
 C	19.79334454 35.32987792 3.40000000
 C	21.94495205 36.52253344 3.40000000
 C	24.09655956 37.71518896 3.40000000
 C	26.24801646 38.90776099 3.40000000
 C	28.39962397 40.10041651 3.40000000
 C	30.55108087 41.29298854 3.40000000
 C	-14.63147198 16.24789053 3.40000000
 C	32.70268838 42.48564406 3.40000000
 C	-6.02534315 21.01834563 3.40000000
 C	34.85429589 43.67829958 3.40000000
 C	37.00590341 44.87095510 3.40000000
 C	39.15736031 46.06352713 3.40000000
 C	-16.78307949 15.05523501 3.40000000
 C	-3.87373564 22.21100115 3.40000000
 C	-18.93468700 13.86257949 3.40000000
 C	-1.72212813 23.40365667 3.40000000
 C	-11.01698855 19.87529187 3.40000000
 C	-21.77472489 13.91218124 3.40000000
 C	-0.25925222 25.83840249 3.40000000
 C	-23.92633240 12.71952573 3.40000000
 C	1.89235529 27.03105801 3.40000000
 C	4.04396280 28.22371353 3.40000000
 C	6.19541970 29.41628556 3.40000000
 C	8.34702722 30.60894108 3.40000000
 C	-13.16859606 18.68263635 3.40000000
 C	10.49858452 31.80156877 3.40000000
 C	-8.86538104 21.06794739 3.40000000
 C	12.65009163 32.99416863 3.40000000
 C	14.80169914 34.18682415 3.40000000
 C	16.95330665 35.37947967 3.40000000
 C	19.10476355 36.57205170 3.40000000
 C	21.25637106 37.76470722 3.40000000
 C	23.40792837 38.95733491 3.40000000
 C	25.55943547 40.14993478 3.40000000
 C	27.71104298 41.34259029 3.40000000
 C	29.86265049 42.53524581 3.40000000
 C	-15.32010317 17.49003649 3.40000000
 C	32.01410740 43.72781785 3.40000000
 C	-6.71392414 22.26051942 3.40000000
 C	34.16571491 44.92047337 3.40000000
 C	36.31727221 46.11310106 3.40000000
 C	38.46877932 47.30570092 3.40000000
 C	-17.47166048 16.29740880 3.40000000
 C	-4.56231663 23.45317494 3.40000000
 C	-19.62326799 15.10475328 3.40000000
 C	-2.41075932 24.64580263 3.40000000
 C	-21.04336073 15.12959849 3.40000000
 C	-1.67919435 25.86333119 3.40000000
 C	-12.43708130 19.90013708 3.40000000
 C	-10.28547379 21.09279260 3.40000000
 C	-23.19481763 13.93702646 3.40000000
 C	0.47226255 27.05590323 3.40000000
 C	2.62387006 28.24855875 3.40000000
 C	4.77532696 29.44113078 3.40000000
 C	6.92693447 30.63378630 3.40000000
 C	9.07854198 31.82644182 3.40000000
 C	11.23014949 33.01909733 3.40000000
 C	13.38160639 34.21166937 3.40000000
 C	15.53321390 35.40432489 3.40000000
 C	17.68467081 36.59689692 3.40000000
 C	19.83627832 37.78955244 3.40000000
 C	-14.58853820 18.70756505 3.40000000
 C	-8.13401689 22.28536464 3.40000000
 C	21.98788583 38.98220796 3.40000000
 C	24.13949334 40.17486348 3.40000000
 C	26.29095024 41.36743551 3.40000000
 C	28.44255775 42.56009103 3.40000000
 C	30.59401465 43.75266306 3.40000000
 C	32.74562216 44.94531858 3.40000000
 C	34.89722967 46.13797410 3.40000000
 C	37.04883718 47.33062962 3.40000000
 C	39.20029409 48.52320165 3.40000000
 C	-16.74014571 17.51490953 3.40000000
 C	-5.98240938 23.47802016 3.40000000
 C	-18.89175322 16.32225401 3.40000000
 C	-3.83080186 24.67067567 3.40000000
 C	-21.73179311 16.37174098 3.40000000
 C	-2.36782755 27.10536237 3.40000000
 C	-13.12566429 21.14219609 3.40000000
 C	-10.97405678 22.33485161 3.40000000
 C	-23.88340062 15.17908546 3.40000000
 C	-0.21632044 28.29796223 3.40000000
 C	1.93528707 29.49061775 3.40000000
 C	4.08689458 30.68327327 3.40000000
 C	6.23835148 31.87584530 3.40000000
 C	8.38995899 33.06850082 3.40000000
 C	10.54151630 34.26112851 3.40000000
 C	12.69302340 35.45372837 3.40000000
 C	14.84463091 36.64638389 3.40000000
 C	16.99623842 37.83903941 3.40000000
 C	19.14769533 39.03161144 3.40000000
 C	-15.27717139 19.94959623 3.40000000
 C	-8.82244927 23.52750712 3.40000000
 C	21.29930284 40.22426696 3.40000000
 C	23.45086014 41.41689465 3.40000000
 C	25.60236725 42.60949451 3.40000000
 C	27.75397476 43.80215003 3.40000000
 C	29.90558227 44.99480555 3.40000000
 C	32.05703917 46.18737759 3.40000000
 C	34.20864668 47.38003310 3.40000000
 C	36.36020399 48.57266079 3.40000000
 C	38.51171110 49.76526066 3.40000000
 C	-17.42872870 18.75696854 3.40000000
 C	-6.67099237 24.72007916 3.40000000
 C	-19.58033621 17.56431302 3.40000000
 C	-4.51938486 25.91273468 3.40000000
 C	-12.39415052 22.35963943 3.40000000
 C	-23.15188686 16.39652881 3.40000000
 C	-1.63626358 28.32283354 3.40000000
 C	0.51519332 29.51540557 3.40000000
 C	2.66680083 30.70806109 3.40000000
 C	4.81825773 31.90063313 3.40000000
 C	6.96986525 33.09328864 3.40000000
 C	-14.54560743 21.16706740 3.40000000
 C	9.12147276 34.28594416 3.40000000
 C	-10.24254301 23.55229495 3.40000000
 C	11.27308027 35.47859968 3.40000000
 C	13.42453717 36.67117172 3.40000000
 C	15.57614468 37.86382723 3.40000000
 C	17.72760158 39.05639927 3.40000000
 C	19.87920909 40.24905479 3.40000000
 C	22.03081660 41.44171031 3.40000000
 C	24.18242411 42.63436582 3.40000000
 C	26.33388101 43.82693786 3.40000000
 C	28.48548853 45.01959338 3.40000000
 C	-16.69721494 19.97441188 3.40000000
 C	-8.09108611 24.74486698 3.40000000
 C	30.63694543 46.21216541 3.40000000
 C	32.78855294 47.40482093 3.40000000
 C	34.94016045 48.59747645 3.40000000
 C	37.09176796 49.79013197 3.40000000
 C	39.24322486 50.98270400 3.40000000
 C	-18.84882245 18.78175636 3.40000000
 C	-5.93947860 25.93752250 3.40000000
 C	-21.00042996 17.58910084 3.40000000
 C	-3.78787109 27.13017802 3.40000000
 C	-13.08273051 23.60187061 3.40000000
 C	-23.84046684 17.63875999 3.40000000
 C	-2.32489377 29.56503689 3.40000000
 C	-0.17338666 30.75763675 3.40000000
 C	1.97822085 31.95029227 3.40000000
 C	4.12982836 33.14294779 3.40000000
 C	6.28128526 34.33551982 3.40000000
 C	-15.23423761 22.40927075 3.40000000
 C	8.43289277 35.52817534 3.40000000
 C	-10.93112300 24.79452613 3.40000000
 C	10.58445008 36.72080303 3.40000000
 C	12.73595718 37.91340289 3.40000000
 C	14.88756469 39.10605841 3.40000000
 C	17.03917220 40.29871393 3.40000000
 C	19.19062911 41.49128596 3.40000000
 C	21.34223662 42.68394148 3.40000000
 C	23.49379392 43.87656917 3.40000000
 C	25.64530103 45.06916904 3.40000000
 C	27.79690854 46.26182455 3.40000000
 C	-17.38579492 21.21664306 3.40000000
 C	29.94851605 47.45448007 3.40000000
 C	-8.77951549 25.98718165 3.40000000
 C	32.09997295 48.64705211 3.40000000
 C	34.25158046 49.83970762 3.40000000
 C	36.40313777 51.03233532 3.40000000
 C	38.55464487 52.22493518 3.40000000
 C	-19.53740243 20.02398754 3.40000000
 C	-6.62805859 27.17975368 3.40000000
 C	-21.68885933 18.83141550 3.40000000
 C	-4.47645108 28.37240920 3.40000000
 C	-23.10895308 18.85620333 3.40000000
 C	-3.74493731 29.58985254 3.40000000
 C	-14.50267365 23.62674192 3.40000000
 C	-12.35121674 24.81931395 3.40000000
 C	-1.59332980 30.78250806 3.40000000
 C	0.55812710 31.97508009 3.40000000
 C	2.70973461 33.16773561 3.40000000
 C	4.86119151 34.36030765 3.40000000
 C	7.01279902 35.55296317 3.40000000
 C	9.16440654 36.74561868 3.40000000
 C	11.31601405 37.93827420 3.40000000
 C	13.46747095 39.13084624 3.40000000
 C	15.61907846 40.32350176 3.40000000
 C	17.77053536 41.51607379 3.40000000
 C	-16.65428116 22.43408640 3.40000000
 C	-10.19960923 26.01196947 3.40000000
 C	19.92214287 42.70872931 3.40000000
 C	22.07375038 43.90138483 3.40000000
 C	24.22535789 45.09404034 3.40000000
 C	26.37681479 46.28661238 3.40000000
 C	28.52842230 47.47926790 3.40000000
 C	30.67987921 48.67183993 3.40000000
 C	32.83148672 49.86449545 3.40000000
 C	34.98309423 51.05715097 3.40000000
 C	37.13470174 52.24980649 3.40000000
 C	39.28615864 53.44237852 3.40000000
 C	-18.80588867 21.24143088 3.40000000
 C	-8.04815233 27.20454151 3.40000000
 C	-20.95749618 20.04877536 3.40000000
 C	-5.89654482 28.39719702 3.40000000
 C	-23.79753307 20.09843451 3.40000000
 C	-4.43351730 30.83208372 3.40000000
 C	-15.19130383 24.86894527 3.40000000
 C	-13.03979673 26.06154513 3.40000000
 C	-2.28195999 32.02471141 3.40000000
 C	-0.13045288 33.21731127 3.40000000
 C	2.02115463 34.40996679 3.40000000
 C	4.17276214 35.60262231 3.40000000
 C	6.32421904 36.79519434 3.40000000
 C	8.47582655 37.98784986 3.40000000
 C	10.62738386 39.18047755 3.40000000
 C	12.77889096 40.37307741 3.40000000
 C	14.93049847 41.56573293 3.40000000
 C	17.08210598 42.75838845 3.40000000
 C	-17.34286114 23.67631758 3.40000000
 C	-10.88818922 27.25420065 3.40000000
 C	19.23356288 43.95096049 3.40000000
 C	21.38517040 45.14361600 3.40000000
 C	23.53672770 46.33624369 3.40000000
 C	25.68823481 47.52884356 3.40000000
 C	27.83984232 48.72149907 3.40000000
 C	29.99144983 49.91415459 3.40000000
 C	32.14290673 51.10672663 3.40000000
 C	34.29451424 52.29938215 3.40000000
 C	36.44607155 53.49200984 3.40000000
 C	38.59757865 54.68460970 3.40000000
 C	-19.49446865 22.48366206 3.40000000
 C	-8.73658171 28.44685617 3.40000000
 C	-21.64592555 21.29109002 3.40000000
 C	-6.58512481 29.63942820 3.40000000
 C	-14.45974287 26.08624427 3.40000000
 C	-3.70200654 32.04935489 3.40000000
 C	-1.55039903 33.24201041 3.40000000
 C	0.60105788 34.43458244 3.40000000
 C	2.75266539 35.62723796 3.40000000
 C	4.90412229 36.81980999 3.40000000
 C	-16.61135038 24.89358875 3.40000000
 C	-12.30828597 27.27881630 3.40000000
 C	7.05572980 38.01246551 3.40000000
 C	9.20733731 39.20512103 3.40000000
 C	11.35894482 40.39777655 3.40000000
 C	13.51040172 41.59034858 3.40000000
 C	15.66200923 42.78300410 3.40000000
 C	17.81346613 43.97557614 3.40000000
 C	19.96507364 45.16823165 3.40000000
 C	22.11668116 46.36088717 3.40000000
 C	24.26828867 47.55354269 3.40000000
 C	26.41974557 48.74611473 3.40000000
 C	28.57135308 49.93877024 3.40000000
 C	-18.76295789 23.70093323 3.40000000
 C	-10.15667846 28.47147182 3.40000000
 C	30.72280998 51.13134228 3.40000000
 C	32.87441749 52.32399780 3.40000000
 C	35.02602500 53.51665332 3.40000000
 C	37.17763251 54.70930883 3.40000000
 C	39.32908941 55.90188087 3.40000000
 C	-8.00522156 29.66404385 3.40000000
 C	-20.91456540 22.50827771 3.40000000
 C	-23.06602231 21.31570568 3.40000000
 C	-5.85361405 30.85669937 3.40000000
 C	-15.14837306 27.32844761 3.40000000
 C	-4.39058652 33.29158607 3.40000000
 C	-2.23902921 34.48421376 3.40000000
 C	-0.08752211 35.67681362 3.40000000
 C	2.06408540 36.86946914 3.40000000
 C	4.21569291 38.06212466 3.40000000
 C	-17.29993037 26.13581992 3.40000000
 C	-12.99686596 28.52104748 3.40000000
 C	6.36714981 39.25469669 3.40000000
 C	8.51875732 40.44735221 3.40000000
 C	10.67031463 41.63997990 3.40000000
 C	12.82182174 42.83257976 3.40000000
 C	14.97342925 44.02523528 3.40000000
 C	17.12503676 45.21789080 3.40000000
 C	19.27649366 46.41046283 3.40000000
 C	21.42810117 47.60311835 3.40000000
 C	23.57965848 48.79574604 3.40000000
 C	25.73116558 49.98834590 3.40000000
 C	27.88277309 51.18100142 3.40000000
 C	-19.45153788 24.94316441 3.40000000
 C	-10.84525845 29.71370300 3.40000000
 C	30.03438060 52.37365694 3.40000000
 C	32.18583751 53.56622897 3.40000000
 C	34.33744502 54.75888449 3.40000000
 C	36.48900232 55.95151218 3.40000000
 C	38.64050943 57.14411205 3.40000000
 C	-21.60299478 23.75059237 3.40000000
 C	-8.69365093 30.90635851 3.40000000
 C	-23.75460229 22.55793685 3.40000000
 C	-6.54219403 32.09893055 3.40000000
 C	-5.81068027 33.31637390 3.40000000
 C	-16.56841661 27.35326328 3.40000000
 C	-14.41680910 28.54591879 3.40000000
 C	-3.65907276 34.50902942 3.40000000
 C	-1.50746525 35.70168494 3.40000000
 C	0.64399165 36.89425697 3.40000000
 C	2.79559916 38.08691249 3.40000000
 C	4.94705606 39.27948452 3.40000000
 C	7.09866357 40.47214004 3.40000000
 C	9.25027108 41.66479556 3.40000000
 C	11.40187859 42.85745108 3.40000000
 C	13.55333550 44.05002311 3.40000000
 C	15.70494301 45.24267863 3.40000000
 C	-18.72002412 26.16060776 3.40000000
 C	-12.26535220 29.73849083 3.40000000
 C	17.85639991 46.43525067 3.40000000
 C	20.00800742 47.62790618 3.40000000
 C	22.15961493 48.82056170 3.40000000
 C	24.31122244 50.01321722 3.40000000
 C	26.46267934 51.20578926 3.40000000
 C	28.61428685 52.39844477 3.40000000
 C	30.76574375 53.59101681 3.40000000
 C	32.91735127 54.78367233 3.40000000
 C	35.06895878 55.97632785 3.40000000
 C	37.22056629 57.16898336 3.40000000
 C	-20.87163163 24.96795224 3.40000000
 C	-10.11374469 30.93114635 3.40000000
 C	39.37202319 58.36155540 3.40000000
 C	-23.02308853 23.77538021 3.40000000
 C	-7.96228778 32.12371838 3.40000000
 C	-6.49926025 34.55860507 3.40000000
 C	-17.25699659 28.59549445 3.40000000
 C	-15.10543928 29.78812214 3.40000000
 C	-4.34765274 35.75126059 3.40000000
 C	-2.19609544 36.94388828 3.40000000
 C	-0.04458833 38.13648814 3.40000000
 C	2.10701918 39.32914366 3.40000000
 C	4.25862669 40.52179918 3.40000000
 C	6.41008359 41.71437121 3.40000000
 C	8.56169110 42.90702673 3.40000000
 C	10.71324841 44.09965442 3.40000000
 C	12.86475552 45.29225428 3.40000000
 C	15.01636303 46.48490980 3.40000000
 C	-19.40860410 27.40283893 3.40000000
 C	-12.95393218 30.98072200 3.40000000
 C	17.16797054 47.67756532 3.40000000
 C	19.31942744 48.87013735 3.40000000
 C	21.47103495 50.06279287 3.40000000
 C	23.62259226 51.25542056 3.40000000
 C	25.77409936 52.44802042 3.40000000
 C	27.92570687 53.64067594 3.40000000
 C	30.07731438 54.83333146 3.40000000
 C	32.22877128 56.02590350 3.40000000
 C	34.38037880 57.21855901 3.40000000
 C	36.53193610 58.41118670 3.40000000
 C	-21.56006100 26.21026689 3.40000000
 C	-10.80232467 32.17337752 3.40000000
 C	38.68344321 59.60378657 3.40000000
 C	-23.71166851 25.01761137 3.40000000
 C	-8.65071716 33.36603303 3.40000000
 C	-16.52548283 29.81293780 3.40000000
 C	-5.76774649 35.77604842 3.40000000
 C	-3.61613898 36.96870394 3.40000000
 C	-1.46453147 38.16135946 3.40000000
 C	0.68692543 39.35393149 3.40000000
 C	2.83853294 40.54658701 3.40000000
 C	-18.67709034 28.62028228 3.40000000
 C	4.98998984 41.73915905 3.40000000
 C	-14.37387532 31.00559332 3.40000000
 C	7.14159735 42.93181456 3.40000000
 C	9.29320486 44.12447008 3.40000000
 C	11.44481237 45.31712560 3.40000000
 C	13.59626928 46.50969763 3.40000000
 C	15.74787679 47.70235315 3.40000000
 C	17.89933369 48.89492519 3.40000000
 C	20.05094120 50.08758071 3.40000000
 C	22.20254871 51.28023622 3.40000000
 C	24.35415622 52.47289174 3.40000000
 C	26.50561312 53.66546378 3.40000000
 C	-20.82869785 27.42762676 3.40000000
 C	-12.22241842 32.19816535 3.40000000
 C	28.65722063 54.85811930 3.40000000
 C	30.80867753 56.05069133 3.40000000
 C	32.96028504 57.24334685 3.40000000
 C	35.11189256 58.43600237 3.40000000
 C	37.26350007 59.62865788 3.40000000
 C	39.41495697 60.82122992 3.40000000
 C	-22.98015475 26.23505473 3.40000000
 C	-10.07081091 33.39082087 3.40000000
 C	-7.91935400 34.58339290 3.40000000
 C	-17.21406382 31.05511158 3.40000000
 C	-6.45632748 37.01822221 3.40000000
 C	-4.30471997 38.21087773 3.40000000
 C	-2.15316266 39.40350542 3.40000000
 C	-0.00165556 40.59610528 3.40000000
 C	2.14995195 41.78876080 3.40000000
 C	-19.36567133 29.86245607 3.40000000
 C	4.30155946 42.98141632 3.40000000
 C	-15.06250651 32.24773927 3.40000000
 C	6.45301637 44.17398835 3.40000000
 C	8.60462388 45.36664387 3.40000000
 C	10.75618118 46.55927156 3.40000000
 C	12.90768829 47.75187142 3.40000000
 C	15.05929580 48.94452694 3.40000000
 C	17.21090331 50.13718246 3.40000000
 C	19.36236021 51.32975449 3.40000000
 C	21.51396772 52.52241001 3.40000000
 C	23.66552503 53.71503770 3.40000000
 C	-21.51712823 28.66988403 3.40000000
 C	25.81703213 54.90763756 3.40000000
 C	-12.91099940 33.44033914 3.40000000
 C	27.96863965 56.10029308 3.40000000
 C	30.12024716 57.29294860 3.40000000
 C	32.27170406 58.48552063 3.40000000
 C	34.42331157 59.67817615 3.40000000
 C	36.57486888 60.87080384 3.40000000
 C	38.72637598 62.06340371 3.40000000
 C	-23.66873574 27.47722851 3.40000000
 C	-10.75939189 34.63299465 3.40000000
 C	-8.60778438 35.82565017 3.40000000
 C	-7.87642023 37.04306742 3.40000000
 C	-18.63415656 31.07995680 3.40000000
 C	-16.48254905 32.27261232 3.40000000
 C	-5.72481271 38.23572294 3.40000000
 C	-3.57320520 39.42837846 3.40000000
 C	-1.42159769 40.62103398 3.40000000
 C	0.72985921 41.81360601 3.40000000
 C	2.88146672 43.00626153 3.40000000
 C	5.03292362 44.19883357 3.40000000
 C	7.18453113 45.39148908 3.40000000
 C	9.33613864 46.58414460 3.40000000
 C	11.48774615 47.77680012 3.40000000
 C	13.63920305 48.96937216 3.40000000
 C	-20.78576407 29.88730128 3.40000000
 C	-14.33094154 33.46526784 3.40000000
 C	15.79081057 50.16202767 3.40000000
 C	17.94226747 51.35459971 3.40000000
 C	20.09387498 52.54725523 3.40000000
 C	22.24548249 53.73991075 3.40000000
 C	24.39709000 54.93256626 3.40000000
 C	26.54854690 56.12513830 3.40000000
 C	28.70015441 57.31779382 3.40000000
 C	30.85161131 58.51036585 3.40000000
 C	33.00321882 59.70302137 3.40000000
 C	35.15482633 60.89567689 3.40000000
 C	-22.93722097 28.69472925 3.40000000
 C	-12.17948464 34.65783987 3.40000000
 C	37.30643385 62.08833241 3.40000000
 C	39.45789075 63.28090444 3.40000000
 C	-10.02787713 35.85049539 3.40000000
 C	-8.56485261 38.28520991 3.40000000
 C	-19.32273955 32.32201580 3.40000000
 C	-17.17113204 33.51467132 3.40000000
 C	-6.41339570 39.47778195 3.40000000
 C	-4.26178819 40.67043746 3.40000000
 C	-2.11023089 41.86306515 3.40000000
 C	0.04127622 43.05566502 3.40000000
 C	2.19288373 44.24832054 3.40000000
 C	4.34449124 45.44097605 3.40000000
 C	6.49594814 46.63354809 3.40000000
 C	8.64755565 47.82620361 3.40000000
 C	10.79911296 49.01883130 3.40000000
 C	12.95062006 50.21143116 3.40000000
 C	-21.47419645 31.12944377 3.40000000
 C	-15.01957473 34.70729901 3.40000000
 C	15.10222758 51.40408668 3.40000000
 C	17.25383509 52.59674220 3.40000000
 C	19.40529199 53.78931423 3.40000000
 C	21.55689950 54.98196975 3.40000000
 C	23.70845681 56.17459744 3.40000000
 C	25.85996391 57.36719730 3.40000000
 C	28.01157142 58.55985282 3.40000000
 C	30.16317893 59.75250834 3.40000000
 C	32.31463583 60.94508037 3.40000000
 C	34.46624334 62.13773589 3.40000000
 C	-23.62580396 29.93678825 3.40000000
 C	-12.86806763 35.89989887 3.40000000
 C	36.61780065 63.33036358 3.40000000
 C	38.76930776 64.52296344 3.40000000
 C	-10.71646012 37.09255439 3.40000000
 C	-18.59122579 33.53945915 3.40000000
 C	-7.83348945 39.50256977 3.40000000
 C	-5.68188194 40.69522529 3.40000000
 C	-3.53027443 41.88788081 3.40000000
 C	-1.37866692 43.08053633 3.40000000
 C	0.77278998 44.27310836 3.40000000
 C	2.92439749 45.46576388 3.40000000
 C	-20.74283330 32.34680363 3.40000000
 C	-16.43961828 34.73211467 3.40000000
 C	5.07585440 46.65833591 3.40000000
 C	7.22746191 47.85099143 3.40000000
 C	9.37906942 49.04364695 3.40000000
 C	11.53067693 50.23630247 3.40000000
 C	13.68213383 51.42887450 3.40000000
 C	15.83374134 52.62153002 3.40000000
 C	17.98519824 53.81410206 3.40000000
 C	20.13680575 55.00675757 3.40000000
 C	22.28841326 56.19941309 3.40000000
 C	-22.89429020 31.15423159 3.40000000
 C	24.44002077 57.39206861 3.40000000
 C	-14.28801076 35.92477018 3.40000000
 C	26.59147768 58.58464064 3.40000000
 C	28.74308519 59.77729616 3.40000000
 C	30.89454209 60.96986820 3.40000000
 C	33.04614960 62.16252372 3.40000000
 C	35.19775711 63.35517923 3.40000000
 C	37.34936462 64.54783475 3.40000000
 C	-12.13655386 37.11734222 3.40000000
 C	-9.98494635 38.30999774 3.40000000
 H	-22.24729010 -41.05107008 3.40000000
 H	-20.09572995 -39.85844082 3.40000000
 H	-17.94412244 -38.66578530 3.40000000
 H	-15.79253071 -37.47313853 3.40000000
 H	-13.64105803 -36.28055775 3.40000000
 H	-11.48945052 -35.08790223 3.40000000
 H	-9.33794626 -33.89530393 3.40000000
 H	-7.18638610 -32.70267468 3.40000000
 H	-5.03477859 -31.51001916 3.40000000
 H	-2.88318687 -30.31737239 3.40000000
 H	-0.73171418 -29.12479160 3.40000000
 H	1.41989333 -27.93213609 3.40000000
 H	3.57139759 -26.73953779 3.40000000
 H	5.72295774 -25.54690853 3.40000000
 H	7.87456525 -24.35425302 3.40000000
 H	10.02615698 -23.16160625 3.40000000
 H	12.17762967 -21.96902546 3.40000000
 H	14.32923718 -20.77636994 3.40000000
 H	16.48074143 -19.58377165 3.40000000
 H	18.63230159 -18.39114239 3.40000000
 H	20.78390910 -17.19848687 3.40000000
 H	22.93550082 -16.00584011 3.40000000
 H	25.08697351 -14.81325932 3.40000000
 H	27.23858102 -13.62060380 3.40000000
 H	29.39008528 -12.42800551 3.40000000
 H	31.54164543 -11.23537625 3.40000000
 H	33.69325295 -10.04272073 3.40000000
 H	35.84484467 -8.85007396 3.40000000
 H	37.99631736 -7.65749318 3.40000000
 H	39.22932370 -5.60542603 3.40000000
 H	39.27225653 -3.14580565 3.40000000
 H	39.31518824 -0.68624916 3.40000000
 H	39.35812202 1.77342536 3.40000000
 H	39.40105512 4.23306054 3.40000000
 H	39.44398658 6.69260223 3.40000000
 H	39.48692036 9.15227675 3.40000000
 H	39.52985319 11.61189714 3.40000000
 H	39.57278490 14.07145363 3.40000000
 H	39.61571868 16.53112815 3.40000000
 H	39.65865178 18.99076333 3.40000000
 H	39.70158324 21.45030502 3.40000000
 H	39.74451702 23.90997954 3.40000000
 H	39.78744985 26.36959992 3.40000000
 H	39.83038156 28.82915641 3.40000000
 H	39.87331534 31.28883093 3.40000000
 H	39.91624844 33.74846611 3.40000000
 H	39.95917990 36.20800781 3.40000000
 H	40.00211368 38.66768233 3.40000000
 H	40.04504651 41.12730271 3.40000000
 H	40.08797822 43.58685920 3.40000000
 H	40.13091200 46.04653372 3.40000000
 H	40.17384510 48.50616890 3.40000000
 H	40.21677656 50.96571059 3.40000000
 H	40.25971034 53.42538512 3.40000000
 H	40.30264317 55.88500550 3.40000000
 H	40.34557488 58.34456199 3.40000000
 H	40.38850866 60.80423651 3.40000000
 H	40.43144176 63.26387169 3.40000000
 H	39.27080033 65.35758725 3.40000000
 H	36.87727108 65.39943288 3.40000000
 H	34.72569798 64.20679644 3.40000000
 H	32.57409047 63.01414092 3.40000000
 H	30.42258621 61.82154263 3.40000000
 H	28.27102606 60.62891337 3.40000000
 H	26.11941855 59.43625785 3.40000000
 H	23.96792723 58.24366674 3.40000000
 H	21.81635414 57.05103030 3.40000000
 H	19.66474663 55.85837478 3.40000000
 H	17.51324237 54.66577649 3.40000000
 H	15.36168221 53.47314723 3.40000000
 H	13.21007470 52.28049171 3.40000000
 H	11.05858338 51.08790060 3.40000000
 H	8.90701029 49.89526416 3.40000000
 H	6.75540278 48.70260864 3.40000000
 H	4.60389852 47.51001034 3.40000000
 H	2.45233837 46.31738109 3.40000000
 H	0.30073086 45.12472557 3.40000000
 H	-1.85076046 43.93213446 3.40000000
 H	-4.00233356 42.73949802 3.40000000
 H	-6.15394107 41.54684250 3.40000000
 H	-8.30544532 40.35424420 3.40000000
 H	-10.45700548 39.16161495 3.40000000
 H	-12.60861299 37.96895943 3.40000000
 H	-14.76010431 36.77636832 3.40000000
 H	-16.91167740 35.58373187 3.40000000
 H	-19.06328491 34.39107636 3.40000000
 H	-21.21478917 33.19847806 3.40000000
 H	-23.36634933 32.00584880 3.40000000
 H	-24.59935567 29.95378166 3.40000000
 H	-24.64228675 27.49426127 3.40000000
 H	-24.68522021 25.03460478 3.40000000
 H	-24.72815399 22.57493026 3.40000000
 H	-24.77108682 20.11530988 3.40000000
 H	-24.81401855 17.65575339 3.40000000
 H	-24.85695233 15.19607887 3.40000000
 H	-24.89988341 12.73655848 3.40000000
 H	-24.94281687 10.27690200 3.40000000
 H	-24.98575065 7.81722748 3.40000000
 H	-25.02868348 5.35760709 3.40000000
 H	-25.07161521 2.89805060 3.40000000
 H	-25.11454899 0.43837608 3.40000000
 H	-25.15748008 -2.02114431 3.40000000
 H	-25.20041353 -4.48080079 3.40000000
 H	-25.24334731 -6.94047531 3.40000000
 H	-25.28628015 -9.40009570 3.40000000
 H	-25.32921187 -11.85965218 3.40000000
 H	-25.37214565 -14.31932670 3.40000000
 H	-25.41507674 -16.77884709 3.40000000
 H	-25.45801019 -19.23850358 3.40000000
 H	-25.50094397 -21.69817810 3.40000000
 H	-25.54387681 -24.15779848 3.40000000
 H	-25.58680853 -26.61735497 3.40000000
 H	-25.62974231 -29.07702949 3.40000000
 H	-25.67267340 -31.53654988 3.40000000
 H	-25.71560685 -33.99620636 3.40000000
 H	-25.75854063 -36.45588088 3.40000000
 H	-25.80147347 -38.91550127 3.40000000
 H	-24.64083230 -41.00923162 3.40000000
