 C	3.77705926 -23.84741362 3.40000000
 C	-8.37141014 -25.77154215 3.40000000
 C	15.92564205 -21.92326713 3.40000000
 C	-10.80117205 -26.15637863 3.40000000
 C	18.35529057 -21.53844861 3.40000000
 C	-13.23082058 -26.54119715 3.40000000
 C	20.78505248 -21.15361213 3.40000000
 C	-15.66052580 -26.92602465 3.40000000
 C	23.21481440 -20.76877565 3.40000000
 C	-18.09028771 -27.31086113 3.40000000
 C	25.64440623 -20.38396611 3.40000000
 C	1.34741073 -24.23223214 3.40000000
 C	-20.51987954 -27.69567067 3.40000000
 C	28.07416814 -19.99912963 3.40000000
 C	6.20682117 -23.46257714 3.40000000
 C	-22.94964145 -28.08050715 3.40000000
 C	30.50387336 -19.61430213 3.40000000
 C	-25.37940337 -28.46534363 3.40000000
 C	32.93352189 -19.22948360 3.40000000
 C	-27.80905189 -28.85016216 3.40000000
 C	-30.23875711 -29.23498966 3.40000000
 C	-32.66851902 -29.61982614 3.40000000
 C	-35.09811086 -30.00463568 3.40000000
 C	-1.08229449 -24.61705964 3.40000000
 C	8.63658308 -23.07774066 3.40000000
 C	-3.51205640 -25.00189612 3.40000000
 C	11.06617492 -22.69293112 3.40000000
 C	-5.94164823 -25.38670567 3.40000000
 C	13.49593683 -22.30809464 3.40000000
 C	-7.26762191 -24.87771206 3.40000000
 C	14.59972506 -21.41426455 3.40000000
 C	2.45125566 -23.33839308 3.40000000
 C	4.88084749 -22.95358354 3.40000000
 C	-9.69738382 -25.26254854 3.40000000
 C	17.02948697 -21.02942807 3.40000000
 C	-12.12697565 -25.64735809 3.40000000
 C	19.45907881 -20.64461853 3.40000000
 C	-14.55673756 -26.03219457 3.40000000
 C	21.88884072 -20.25978205 3.40000000
 C	-16.98649948 -26.41703105 3.40000000
 C	24.31843255 -19.87497251 3.40000000
 C	-19.41626139 -26.80186753 3.40000000
 C	26.74819446 -19.49013602 3.40000000
 C	-21.84585322 -27.18667707 3.40000000
 C	29.17795637 -19.10529954 3.40000000
 C	-24.27561513 -27.57151355 3.40000000
 C	31.60771829 -18.72046306 3.40000000
 C	-26.70520696 -27.95632309 3.40000000
 C	34.03731012 -18.33565352 3.40000000
 C	-29.13496888 -28.34115957 3.40000000
 C	-31.56473079 -28.72599605 3.40000000
 C	0.02149375 -23.72322956 3.40000000
 C	7.31060941 -22.56874706 3.40000000
 C	-33.99449270 -29.11083254 3.40000000
 C	-36.42408453 -29.49564208 3.40000000
 C	-2.40826816 -24.10806604 3.40000000
 C	9.74020124 -22.18393751 3.40000000
 C	-4.83803008 -24.49290252 3.40000000
 C	12.16996315 -21.79910103 3.40000000
 C	-7.48980735 -23.47488837 3.40000000
 C	14.37753962 -20.01144086 3.40000000
 C	2.22901352 -21.93557836 3.40000000
 C	4.65866205 -21.55075984 3.40000000
 C	-9.91956927 -23.85972485 3.40000000
 C	16.80724483 -19.62661335 3.40000000
 C	-12.34921779 -24.24454337 3.40000000
 C	19.23689336 -19.24179483 3.40000000
 C	-14.77892301 -24.62937087 3.40000000
 C	21.66665527 -18.85695835 3.40000000
 C	-17.20868492 -25.01420735 3.40000000
 C	24.09641718 -18.47212187 3.40000000
 C	-19.63827675 -25.39901689 3.40000000
 C	26.52600902 -18.08731233 3.40000000
 C	-22.06803867 -25.78385337 3.40000000
 C	28.95577093 -17.70247585 3.40000000
 C	-24.49780058 -26.16868985 3.40000000
 C	31.38547615 -17.31764835 3.40000000
 C	-26.92744910 -26.55350838 3.40000000
 C	33.81512467 -16.93282983 3.40000000
 C	-29.35715432 -26.93833588 3.40000000
 C	-31.78691624 -27.32317236 3.40000000
 C	-0.20069170 -22.32040586 3.40000000
 C	7.08842396 -21.16592336 3.40000000
 C	-34.21650807 -27.70798190 3.40000000
 C	-36.64626998 -28.09281838 3.40000000
 C	-2.63045361 -22.70524234 3.40000000
 C	9.51818587 -20.78108688 3.40000000
 C	-5.06004544 -23.09005189 3.40000000
 C	11.94777770 -20.39627734 3.40000000
 C	3.33279674 -21.04190006 3.40000000
 C	-8.81584274 -22.96605553 3.40000000
 C	15.48126614 -19.11777154 3.40000000
 C	-11.24543457 -23.35086507 3.40000000
 C	17.91102805 -18.73293505 3.40000000
 C	-13.67519649 -23.73570155 3.40000000
 C	20.34061988 -18.34812551 3.40000000
 C	-16.10495840 -24.12053803 3.40000000
 C	22.77038180 -17.96328903 3.40000000
 C	25.19997363 -17.57847949 3.40000000
 C	-18.53472031 -24.50537451 3.40000000
 C	0.90303483 -21.42673654 3.40000000
 C	5.76238857 -20.65709052 3.40000000
 C	-20.96431214 -24.89018405 3.40000000
 C	27.62973554 -17.19364301 3.40000000
 C	-23.39407406 -25.27502053 3.40000000
 C	30.05949745 -16.80880653 3.40000000
 C	-25.82366589 -25.65983008 3.40000000
 C	32.48925936 -16.42397005 3.40000000
 C	-28.25342780 -26.04466656 3.40000000
 C	34.91885120 -16.03916050 3.40000000
 C	-30.68318971 -26.42950304 3.40000000
 C	-33.11295162 -26.81433952 3.40000000
 C	-35.54254346 -27.19914906 3.40000000
 C	-1.52672709 -21.81157302 3.40000000
 C	8.19215048 -20.27225404 3.40000000
 C	10.62174231 -19.88744450 3.40000000
 C	-3.95648900 -22.19640950 3.40000000
 C	-6.38608083 -22.58121905 3.40000000
 C	13.05150423 -19.50260802 3.40000000
 C	3.11055460 -19.63908535 3.40000000
 C	-9.03802819 -21.56323183 3.40000000
 C	15.25908069 -17.71494784 3.40000000
 C	-11.46767671 -21.94805035 3.40000000
 C	17.68878591 -17.33012034 3.40000000
 C	-13.89738193 -22.33287785 3.40000000
 C	20.11843444 -16.94530182 3.40000000
 C	-16.32714385 -22.71771433 3.40000000
 C	22.54819635 -16.56046534 3.40000000
 C	-18.75673568 -23.10252388 3.40000000
 C	24.97795826 -16.17562885 3.40000000
 C	0.68084938 -20.02391285 3.40000000
 C	5.54020312 -19.25426682 3.40000000
 C	-21.18649759 -23.48736036 3.40000000
 C	27.40755009 -15.79081931 3.40000000
 C	-23.61625950 -23.87219684 3.40000000
 C	29.83731201 -15.40598283 3.40000000
 C	-26.04590803 -24.25701536 3.40000000
 C	32.26701722 -15.02115533 3.40000000
 C	-28.47561325 -24.64184286 3.40000000
 C	34.69666575 -14.63633681 3.40000000
 C	-30.90537516 -25.02667934 3.40000000
 C	-33.33496699 -25.41148888 3.40000000
 C	-35.76472890 -25.79632536 3.40000000
 C	-1.74891253 -20.40874933 3.40000000
 C	7.96996504 -18.86943034 3.40000000
 C	-4.17850436 -20.79355887 3.40000000
 C	10.39972695 -18.48459386 3.40000000
 C	-6.60826628 -21.17839535 3.40000000
 C	12.82931878 -18.09978432 3.40000000
 C	-7.93423996 -20.66940174 3.40000000
 C	13.93310701 -17.20595423 3.40000000
 C	1.78463761 -19.13008275 3.40000000
 C	4.21439952 -18.74524627 3.40000000
 C	-10.36383179 -21.05421128 3.40000000
 C	16.36286893 -16.82111775 3.40000000
 C	-12.79359370 -21.43904776 3.40000000
 C	18.79263084 -16.43628127 3.40000000
 C	-15.22335561 -21.82388424 3.40000000
 C	21.22222267 -16.05147172 3.40000000
 C	-17.65311753 -22.20872072 3.40000000
 C	23.65198458 -15.66663524 3.40000000
 C	-20.08270936 -22.59353026 3.40000000
 C	26.08157641 -15.28182570 3.40000000
 C	-22.51247127 -22.97836674 3.40000000
 C	28.51133833 -14.89698922 3.40000000
 C	-24.94206310 -23.36317629 3.40000000
 C	30.94110024 -14.51215274 3.40000000
 C	-27.37182501 -23.74801277 3.40000000
 C	33.37086215 -14.12731626 3.40000000
 C	-29.80158693 -24.13284925 3.40000000
 C	35.80045398 -13.74250672 3.40000000
 C	-32.23134884 -24.51768573 3.40000000
 C	-0.64512430 -19.51491923 3.40000000
 C	6.64399136 -18.36043673 3.40000000
 C	-34.66094067 -24.90249527 3.40000000
 C	-3.07488621 -19.89975571 3.40000000
 C	9.07375327 -17.97560025 3.40000000
 C	-5.50447804 -20.28456526 3.40000000
 C	11.50334510 -17.59079071 3.40000000
 C	-8.15642540 -19.26657805 3.40000000
 C	13.71092157 -15.80313054 3.40000000
 C	1.56245217 -17.72725907 3.40000000
 C	3.99215739 -17.34243157 3.40000000
 C	-10.58607393 -19.65139657 3.40000000
 C	16.14068348 -15.41829406 3.40000000
 C	-13.01577915 -20.03622407 3.40000000
 C	18.57038870 -15.03346656 3.40000000
 C	-15.44554106 -20.42106055 3.40000000
 C	21.00003722 -14.64864804 3.40000000
 C	-17.87513289 -20.80587010 3.40000000
 C	23.42979914 -14.26381156 3.40000000
 C	-20.30489480 -21.19070658 3.40000000
 C	25.85956105 -13.87897508 3.40000000
 C	-22.73465671 -21.57554306 3.40000000
 C	28.28915288 -13.49416553 3.40000000
 C	-25.16430524 -21.96036158 3.40000000
 C	30.71891479 -13.10932905 3.40000000
 C	-27.59401046 -22.34518908 3.40000000
 C	33.14862001 -12.72450155 3.40000000
 C	-30.02377237 -22.73002556 3.40000000
 C	35.57826854 -12.33968303 3.40000000
 C	-32.45336420 -23.11483510 3.40000000
 C	-0.86730974 -18.11209555 3.40000000
 C	6.42180591 -16.95761304 3.40000000
 C	-34.88312611 -23.49967159 3.40000000
 C	-3.29690158 -18.49690509 3.40000000
 C	8.85156782 -16.57277656 3.40000000
 C	-5.72666349 -18.88174157 3.40000000
 C	11.28132974 -16.18794008 3.40000000
 C	2.66624040 -16.83342897 3.40000000
 C	-9.48222900 -18.75755750 3.40000000
 C	14.81470980 -14.90930045 3.40000000
 C	-11.91199091 -19.14239398 3.40000000
 C	17.24447171 -14.52446397 3.40000000
 C	-14.34175283 -19.52723046 3.40000000
 C	19.67423363 -14.13962749 3.40000000
 C	-16.77151474 -19.91206694 3.40000000
 C	22.10382546 -13.75481794 3.40000000
 C	-19.20110657 -20.29687648 3.40000000
 C	24.53358737 -13.36998146 3.40000000
 C	0.23647849 -17.21826545 3.40000000
 C	-21.63086848 -20.68171297 3.40000000
 C	26.96317920 -12.98517192 3.40000000
 C	5.09600231 -16.44859249 3.40000000
 C	-24.06046031 -21.06652251 3.40000000
 C	29.39294111 -12.60033544 3.40000000
 C	-26.49022223 -21.45135899 3.40000000
 C	31.82270303 -12.21549896 3.40000000
 C	-28.91998414 -21.83619547 3.40000000
 C	34.25246494 -11.83066248 3.40000000
 C	-31.34974605 -22.22103195 3.40000000
 C	36.68205677 -11.44585294 3.40000000
 C	-33.77933788 -22.60584149 3.40000000
 C	-2.19328342 -17.60310193 3.40000000
 C	7.52559414 -16.06378295 3.40000000
 C	-4.62287526 -17.98791148 3.40000000
 C	9.95535606 -15.67894647 3.40000000
 C	-7.05263717 -18.37274796 3.40000000
 C	12.38494789 -15.29413693 3.40000000
 C	2.44403438 -15.43065886 3.40000000
 C	-9.70449171 -17.35479637 3.40000000
 C	14.59250378 -13.50653034 3.40000000
 C	-12.13419693 -17.73962387 3.40000000
 C	17.02226570 -13.12169386 3.40000000
 C	-14.56395884 -18.12446035 3.40000000
 C	19.45197092 -12.73686636 3.40000000
 C	-16.99355067 -18.50926990 3.40000000
 C	21.88161944 -12.35204783 3.40000000
 C	-19.42331259 -18.89410638 3.40000000
 C	24.31138135 -11.96721135 3.40000000
 C	-21.85307450 -19.27894286 3.40000000
 C	0.01427247 -15.81549535 3.40000000
 C	26.74114327 -11.58237487 3.40000000
 C	4.87373960 -15.04583136 3.40000000
 C	-24.28272302 -19.66376138 3.40000000
 C	29.17073510 -11.19756533 3.40000000
 C	-26.71242824 -20.04858888 3.40000000
 C	31.60049701 -10.81272885 3.40000000
 C	-29.14219015 -20.43342536 3.40000000
 C	34.03020223 -10.42790135 3.40000000
 C	-31.57178199 -20.81823490 3.40000000
 C	36.45985075 -10.04308283 3.40000000
 C	-34.00154390 -21.20307138 3.40000000
 C	-2.41531936 -16.20030489 3.40000000
 C	7.30338813 -14.66101284 3.40000000
 C	-4.84508127 -16.58514137 3.40000000
 C	9.73315004 -14.27617636 3.40000000
 C	-7.27484318 -16.96997785 3.40000000
 C	12.16291195 -13.89133988 3.40000000
 C	-8.60062621 -16.46090372 3.40000000
 C	13.26655068 -12.99748315 3.40000000
 C	1.11808128 -14.92161167 3.40000000
 C	3.54784319 -14.53677519 3.40000000
 C	-11.03038813 -16.84574020 3.40000000
 C	15.69631259 -12.61264667 3.40000000
 C	-13.46015004 -17.23057668 3.40000000
 C	18.12607450 -12.22781019 3.40000000
 C	-15.88991195 -17.61541316 3.40000000
 C	20.55583641 -11.84297371 3.40000000
 C	-18.31950378 -18.00022271 3.40000000
 C	22.98542825 -11.45816416 3.40000000
 C	-20.74926569 -18.38505919 3.40000000
 C	25.41519016 -11.07332768 3.40000000
 C	-23.17885753 -18.76986873 3.40000000
 C	27.84478199 -10.68851814 3.40000000
 C	-25.60861944 -19.15470521 3.40000000
 C	30.27454390 -10.30368166 3.40000000
 C	-28.03838135 -19.53954169 3.40000000
 C	32.70430581 -9.91884518 3.40000000
 C	-30.46814326 -19.92437817 3.40000000
 C	35.13406773 -9.53400870 3.40000000
 C	-32.89773509 -20.30918771 3.40000000
 C	37.56365956 -9.14919916 3.40000000
 C	-1.31168064 -15.30644816 3.40000000
 C	5.97760510 -14.15193871 3.40000000
 C	-3.74127247 -15.69125770 3.40000000
 C	8.40719693 -13.76712917 3.40000000
 C	-6.17103438 -16.07609418 3.40000000
 C	10.83695884 -13.38229269 3.40000000
 C	-8.82293006 -15.05824977 3.40000000
 C	13.04447360 -11.59479328 3.40000000
 C	0.89583412 -13.51894874 3.40000000
 C	3.32559603 -13.13411226 3.40000000
 C	-11.25263528 -15.44307727 3.40000000
 C	15.47406543 -11.20998373 3.40000000
 C	-13.68239719 -15.82791375 3.40000000
 C	17.90382734 -10.82514725 3.40000000
 C	-16.11198903 -16.21272329 3.40000000
 C	20.33353256 -10.44031975 3.40000000
 C	-18.54175094 -16.59755977 3.40000000
 C	22.76318109 -10.05550123 3.40000000
 C	-20.97151285 -16.98239625 3.40000000
 C	25.19294300 -9.67066475 3.40000000
 C	-23.40116138 -17.36721477 3.40000000
 C	27.62270491 -9.28582827 3.40000000
 C	-25.83086659 -17.75204228 3.40000000
 C	30.05229674 -8.90101873 3.40000000
 C	-28.26062851 -18.13687876 3.40000000
 C	32.48205866 -8.51618225 3.40000000
 C	-30.69022034 -18.52168830 3.40000000
 C	34.91176388 -8.13135474 3.40000000
 C	-33.11998225 -18.90652478 3.40000000
 C	37.34141240 -7.74653622 3.40000000
 C	-1.53375771 -13.90375828 3.40000000
 C	5.75530125 -12.74928476 3.40000000
 C	-3.96351963 -14.28859476 3.40000000
 C	8.18494978 -12.36446624 3.40000000
 C	-6.39328154 -14.67343124 3.40000000
 C	10.61471169 -11.97962976 3.40000000
 C	1.99962235 -12.62511866 3.40000000
 C	-10.14884705 -14.54924718 3.40000000
 C	14.14809175 -10.70099013 3.40000000
 C	-12.57860896 -14.93408367 3.40000000
 C	16.57785367 -10.31615365 3.40000000
 C	-15.00837087 -15.31892015 3.40000000
 C	19.00761558 -9.93131717 3.40000000
 C	-17.43796270 -15.70372969 3.40000000
 C	21.43737749 -9.54648069 3.40000000
 C	-19.86772462 -16.08856617 3.40000000
 C	23.86696932 -9.16167115 3.40000000
 C	-22.29731645 -16.47337571 3.40000000
 C	26.29673123 -8.77683467 3.40000000
 C	-0.43013956 -13.00995514 3.40000000
 C	4.42938426 -12.24028218 3.40000000
 C	-24.72707836 -16.85821219 3.40000000
 C	28.72632307 -8.39202512 3.40000000
 C	-27.15684027 -17.24304867 3.40000000
 C	31.15608498 -8.00718864 3.40000000
 C	-29.58660219 -17.62788515 3.40000000
 C	33.58584689 -7.62235216 3.40000000
 C	-32.01619402 -18.01269470 3.40000000
 C	36.01560880 -7.23751568 3.40000000
 C	38.44520063 -6.85270614 3.40000000
 C	-2.85973139 -13.39476468 3.40000000
 C	6.85914618 -11.85544570 3.40000000
 C	-5.28949330 -13.77960116 3.40000000
 C	9.28873801 -11.47063615 3.40000000
 C	-7.71908514 -14.16441070 3.40000000
 C	11.71849992 -11.08579967 3.40000000
 C	1.77743691 -11.22229496 3.40000000
 C	-10.37103249 -13.14642349 3.40000000
 C	13.92607639 -9.29813950 3.40000000
 C	-12.80079441 -13.53125997 3.40000000
 C	16.35566822 -8.91332995 3.40000000
 C	-15.23038624 -13.91606951 3.40000000
 C	18.78543013 -8.52849347 3.40000000
 C	-17.66014815 -14.30090599 3.40000000
 C	21.21513535 -8.14366597 3.40000000
 C	-20.08991006 -14.68574247 3.40000000
 C	23.64478388 -7.75884745 3.40000000
 C	-0.65215493 -11.60710450 3.40000000
 C	-22.51955859 -15.07056099 3.40000000
 C	26.07454579 -7.37401097 3.40000000
 C	4.20719882 -10.83745848 3.40000000
 C	-24.94926381 -15.45538850 3.40000000
 C	28.50430770 -6.98917449 3.40000000
 C	-27.37902572 -15.84022498 3.40000000
 C	30.93389953 -6.60436495 3.40000000
 C	-29.80861755 -16.22503452 3.40000000
 C	33.36366144 -6.21952847 3.40000000
 C	-32.23837946 -16.60987100 3.40000000
 C	35.79336666 -5.83470097 3.40000000
 C	38.22301519 -5.44988244 3.40000000
 C	-3.08191684 -11.99194098 3.40000000
 C	6.63690404 -10.45263098 3.40000000
 C	-5.51167875 -12.37677747 3.40000000
 C	9.06655256 -10.06781246 3.40000000
 C	-7.94132728 -12.76159599 3.40000000
 C	11.49631448 -9.68297598 3.40000000
 C	-9.26724426 -12.25259341 3.40000000
 C	12.60010271 -8.78914589 3.40000000
 C	0.45146323 -10.71330136 3.40000000
 C	2.88122514 -10.32846488 3.40000000
 C	-11.69700617 -12.63742989 3.40000000
 C	15.02969454 -8.40433635 3.40000000
 C	-14.12676808 -13.02226637 3.40000000
 C	17.45945645 -8.01949987 3.40000000
 C	-16.55635992 -13.40707591 3.40000000
 C	19.88921837 -7.63466339 3.40000000
 C	-18.98612183 -13.79191239 3.40000000
 C	22.31898028 -7.24982691 3.40000000
 C	-21.41571366 -14.17672193 3.40000000
 C	24.74857211 -6.86501737 3.40000000
 C	-23.84547557 -14.56155841 3.40000000
 C	27.17833402 -6.48018089 3.40000000
 C	-26.27523749 -14.94639489 3.40000000
 C	29.60792585 -6.09537134 3.40000000
 C	-28.70499940 -15.33123137 3.40000000
 C	32.03768777 -5.71053486 3.40000000
 C	-31.13459123 -15.71604092 3.40000000
 C	34.46744968 -5.32569838 3.40000000
 C	36.89721159 -4.94086190 3.40000000
 C	-1.97812860 -11.09811090 3.40000000
 C	5.31098705 -9.94362840 3.40000000
 C	39.32680342 -4.55605236 3.40000000
 C	-4.40789052 -11.48294738 3.40000000
 C	7.74074896 -9.55879192 3.40000000
 C	-6.83748235 -11.86775692 3.40000000
 C	10.17034080 -9.17398237 3.40000000
 C	-9.48942971 -10.84976971 3.40000000
 C	12.37791726 -7.38632220 3.40000000
 C	0.22944786 -9.31045072 3.40000000
 C	2.65903969 -8.92564118 3.40000000
 C	-11.91919162 -11.23460619 3.40000000
 C	14.80767918 -7.00148572 3.40000000
 C	-14.34878345 -11.61941573 3.40000000
 C	17.23727101 -6.61667617 3.40000000
 C	-16.77854536 -12.00425221 3.40000000
 C	19.66703292 -6.23183969 3.40000000
 C	-19.20830727 -12.38908869 3.40000000
 C	22.09673814 -5.84701219 3.40000000
 C	-21.63795580 -12.77390722 3.40000000
 C	24.52638666 -5.46219367 3.40000000
 C	-24.06766102 -13.15873472 3.40000000
 C	26.95614858 -5.07735719 3.40000000
 C	-26.49742293 -13.54357120 3.40000000
 C	29.38591049 -4.69252071 3.40000000
 C	-28.92701476 -13.92838074 3.40000000
 C	31.81550232 -4.30771117 3.40000000
 C	-31.35677668 -14.31321722 3.40000000
 C	34.24526423 -3.92287469 3.40000000
 C	36.67496945 -3.53804719 3.40000000
 C	-2.20031405 -9.69528721 3.40000000
 C	5.08880161 -8.54080470 3.40000000
 C	39.10461798 -3.15322866 3.40000000
 C	-4.63007596 -10.08012369 3.40000000
 C	7.51850683 -8.15597720 3.40000000
 C	-7.05972449 -10.46494221 3.40000000
 C	9.94815535 -7.77115868 3.40000000
 C	1.33300431 -8.41680834 3.40000000
 C	-10.81546510 -10.34093687 3.40000000
 C	13.48164379 -6.49265288 3.40000000
 C	15.91123562 -6.10784333 3.40000000
 C	-13.24522701 -10.72577335 3.40000000
 C	-15.67481884 -11.11058289 3.40000000
 C	18.34099753 -5.72300685 3.40000000
 C	-18.10458075 -11.49541937 3.40000000
 C	20.77075944 -5.33817037 3.40000000
 C	-20.53417258 -11.88022892 3.40000000
 C	23.20052135 -4.95333389 3.40000000
 C	-1.09658753 -8.80161788 3.40000000
 C	3.76276622 -8.03197186 3.40000000
 C	-22.96393450 -12.26506540 3.40000000
 C	25.63011319 -4.56852435 3.40000000
 C	-25.39369641 -12.64990188 3.40000000
 C	28.05987510 -4.18368787 3.40000000
 C	30.48946693 -3.79887833 3.40000000
 C	-27.82345832 -13.03473836 3.40000000
 C	-30.25305015 -13.41954790 3.40000000
 C	32.91922884 -3.41404185 3.40000000
 C	35.34899076 -3.02920537 3.40000000
 C	37.77875267 -2.64436889 3.40000000
 C	40.20834450 -2.25955934 3.40000000
 C	-3.52634944 -9.18645437 3.40000000
 C	6.19252813 -7.64713538 3.40000000
 C	-5.95594127 -9.57126391 3.40000000
 C	8.62229004 -7.26229890 3.40000000
 C	-8.38570318 -9.95610039 3.40000000
 C	11.05188187 -6.87748936 3.40000000
 C	1.11098894 -7.01395771 3.40000000
 C	-11.03765054 -8.93811317 3.40000000
 C	13.25945834 -5.08982918 3.40000000
 C	-13.46724237 -9.32292272 3.40000000
 C	15.68922025 -4.70499270 3.40000000
 C	-15.89700429 -9.70775920 3.40000000
 C	18.11881208 -4.32018316 3.40000000
 C	-18.32676620 -10.09259568 3.40000000
 C	20.54857400 -3.93534668 3.40000000
 C	-20.75641472 -10.47741420 3.40000000
 C	22.97827922 -3.55051918 3.40000000
 C	-1.31877297 -7.39879419 3.40000000
 C	3.54058077 -6.62914817 3.40000000
 C	-23.18611994 -10.86224170 3.40000000
 C	25.40792774 -3.16570065 3.40000000
 C	-25.61588185 -11.24707818 3.40000000
 C	27.83768965 -2.78086417 3.40000000
 C	-28.04547369 -11.63188772 3.40000000
 C	30.26745157 -2.39602769 3.40000000
 C	-30.47523560 -12.01672420 3.40000000
 C	32.69704340 -2.01121815 3.40000000
 C	35.12680531 -1.62638167 3.40000000
 C	37.55651053 -1.24155417 3.40000000
 C	39.98615905 -0.85673565 3.40000000
 C	-3.74853488 -7.78363067 3.40000000
 C	5.97034268 -6.24431168 3.40000000
 C	-6.17818341 -8.16844919 3.40000000
 C	8.40004790 -5.85948418 3.40000000
 C	-8.60788863 -8.55327669 3.40000000
 C	10.82969643 -5.47466566 3.40000000
 C	-9.93386231 -8.04428308 3.40000000
 C	11.93348466 -4.58083557 3.40000000
 C	-0.21498474 -6.50496410 3.40000000
 C	2.21460709 -6.12015455 3.40000000
 C	-12.36362422 -8.42911956 3.40000000
 C	14.36324657 -4.19599909 3.40000000
 C	-14.79321605 -8.81392910 3.40000000
 C	16.79283840 -3.81118955 3.40000000
 C	-17.22297797 -9.19876558 3.40000000
 C	19.22260032 -3.42635306 3.40000000
 C	-19.65256980 -9.58357513 3.40000000
 C	21.65236223 -3.04151658 3.40000000
 C	-22.08233171 -9.96841161 3.40000000
 C	24.08212414 -2.65668010 3.40000000
 C	-24.51209362 -10.35324809 3.40000000
 C	26.51171597 -2.27187056 3.40000000
 C	-26.94185553 -10.73808457 3.40000000
 C	28.94147789 -1.88703408 3.40000000
 C	-29.37144737 -11.12289411 3.40000000
 C	31.37106972 -1.50222454 3.40000000
 C	33.80083163 -1.11738806 3.40000000
 C	36.23059354 -0.73255158 3.40000000
 C	-2.64474665 -6.88980058 3.40000000
 C	4.64436900 -5.73531807 3.40000000
 C	38.66035545 -0.34771510 3.40000000
 C	41.08994729 0.03709445 3.40000000
 C	-5.07433848 -7.27461012 3.40000000
 C	7.07413092 -5.35048159 3.40000000
 C	-7.50410040 -7.65944660 3.40000000
 C	9.50389283 -4.96564511 3.40000000
 C	-10.15604775 -6.64145939 3.40000000
 C	11.71129922 -3.17801188 3.40000000
 C	-0.43717018 -5.10214041 3.40000000
 C	1.99259173 -4.71730393 3.40000000
 C	-12.58563959 -7.02626894 3.40000000
 C	14.14106113 -2.79317540 3.40000000
 C	-15.01540150 -7.41110542 3.40000000
 C	16.57082304 -2.40833892 3.40000000
 C	-17.44516341 -7.79594190 3.40000000
 C	19.00041487 -2.02352938 3.40000000
 C	-19.87481194 -8.18076042 3.40000000
 C	21.43017678 -1.63869290 3.40000000
 C	-22.30451715 -8.56558792 3.40000000
 C	23.85988200 -1.25386540 3.40000000
 C	-24.73427907 -8.95042440 3.40000000
 C	26.28953053 -0.86904687 3.40000000
 C	-27.16387090 -9.33523394 3.40000000
 C	28.71929244 -0.48421039 3.40000000
 C	-29.59363281 -9.72007042 3.40000000
 C	31.14905435 -0.09937391 3.40000000
 C	33.57864619 0.28543563 3.40000000
 C	36.00840810 0.67027211 3.40000000
 C	-2.86693210 -5.48697689 3.40000000
 C	4.42218356 -4.33249439 3.40000000
 C	38.43811332 1.05509961 3.40000000
 C	40.86776184 1.43991813 3.40000000
 C	-5.29658062 -5.87179541 3.40000000
 C	6.85194547 -3.94765791 3.40000000
 C	-7.72628584 -6.25662291 3.40000000
 C	9.28165069 -3.56283040 3.40000000
 C	0.66661805 -4.20831032 3.40000000
 C	-11.48202143 -6.13246578 3.40000000
 C	12.81508745 -2.28418179 3.40000000
 C	-13.91161327 -6.51727532 3.40000000
 C	15.24484936 -1.89934531 3.40000000
 C	-16.34137518 -6.90211180 3.40000000
 C	17.67444119 -1.51453577 3.40000000
 C	-18.77096701 -7.28692135 3.40000000
 C	20.10420310 -1.12969929 3.40000000
 C	-21.20072892 -7.67175783 3.40000000
 C	22.53396502 -0.74486280 3.40000000
 C	-1.76314386 -4.59314680 3.40000000
 C	3.09620988 -3.82350077 3.40000000
 C	-23.63049083 -8.05659431 3.40000000
 C	24.96372693 -0.36002632 3.40000000
 C	-26.06025275 -8.44143079 3.40000000
 C	27.39331876 0.02478322 3.40000000
 C	-28.48984458 -8.82624033 3.40000000
 C	29.82308067 0.40961970 3.40000000
 C	32.25267251 0.79442924 3.40000000
 C	34.68243442 1.17926572 3.40000000
 C	37.11219633 1.56410220 3.40000000
 C	39.54195824 1.94893868 3.40000000
 C	41.97155007 2.33374823 3.40000000
 C	-4.19273570 -4.97795634 3.40000000
 C	5.52597179 -3.43866429 3.40000000
 C	-6.62249761 -5.36279282 3.40000000
 C	7.95573370 -3.05382781 3.40000000
 C	-9.05225952 -5.74762930 3.40000000
 C	10.38549562 -2.66899133 3.40000000
 C	0.44441203 -2.80554021 3.40000000
 C	-11.70405737 -4.72966873 3.40000000
 C	12.59288143 -0.88141168 3.40000000
 C	-14.13381928 -5.11450521 3.40000000
 C	15.02264334 -0.49657520 3.40000000
 C	-16.56358119 -5.49934170 3.40000000
 C	17.45240526 -0.11173872 3.40000000
 C	-18.99322972 -5.88416022 3.40000000
 C	19.88199709 0.27307082 3.40000000
 C	-21.42293494 -6.26898772 3.40000000
 C	22.31175900 0.65790730 3.40000000
 C	-23.85269685 -6.65382420 3.40000000
 C	-1.98534988 -3.19037669 3.40000000
 C	24.74146422 1.04273481 3.40000000
 C	2.87417394 -2.42070373 3.40000000
 C	-26.28228868 -7.03863374 3.40000000
 C	27.17111274 1.42755333 3.40000000
 C	-28.71205059 -7.42347022 3.40000000
 C	29.60087466 1.81238981 3.40000000
 C	32.03063657 2.19722629 3.40000000
 C	34.46022840 2.58203583 3.40000000
 C	36.88999031 2.96687231 3.40000000
 C	39.31969553 3.35169981 3.40000000
 C	41.74934406 3.73651833 3.40000000
 C	-4.41499841 -3.57519521 3.40000000
 C	5.30376578 -2.03589418 3.40000000
 C	-6.84470363 -3.96002271 3.40000000
 C	7.73352769 -1.65105770 3.40000000
 C	-9.27446554 -4.34485919 3.40000000
 C	10.16323291 -1.26623020 3.40000000
 C	-10.60041865 -3.83581200 3.40000000
 C	11.26709840 -0.37233755 3.40000000
 C	-0.88154108 -2.29649302 3.40000000
 C	1.54822084 -1.91165654 3.40000000
 C	-13.03001048 -4.22062154 3.40000000
 C	13.69669024 0.01247199 3.40000000
 C	-15.45977239 -4.60545802 3.40000000
 C	16.12645215 0.39730847 3.40000000
 C	-17.88936422 -4.99026757 3.40000000
 C	18.55604398 0.78211801 3.40000000
 C	-20.31912613 -5.37510405 3.40000000
 C	20.98580589 1.16695449 3.40000000
 C	-22.74888805 -5.75994053 3.40000000
 C	23.41556780 1.55179098 3.40000000
 C	-25.17864996 -6.14477701 3.40000000
 C	25.84532972 1.93662746 3.40000000
 C	-27.60824179 -6.52958655 3.40000000
 C	28.27492155 2.32143700 3.40000000
 C	30.70468346 2.70627348 3.40000000
 C	33.13427529 3.09108302 3.40000000
 C	35.56403721 3.47591950 3.40000000
 C	-3.31113291 -2.68130256 3.40000000
 C	3.97781267 -1.52684699 3.40000000
 C	37.99379912 3.86075598 3.40000000
 C	40.42356103 4.24559246 3.40000000
 C	42.85315286 4.63040201 3.40000000
 C	-5.74089482 -3.06613904 3.40000000
 C	6.40757458 -1.14201051 3.40000000
 C	-8.17065673 -3.45097552 3.40000000
 C	8.83733649 -0.75717403 3.40000000
 C	-10.82249572 -2.43312213 3.40000000
 C	11.04479455 1.03031640 3.40000000
 C	-1.10378823 -0.89383008 3.40000000
 C	1.32597368 -0.50899360 3.40000000
 C	-13.25225763 -2.81795861 3.40000000
 C	13.47444308 1.41513492 3.40000000
 C	-15.68201955 -3.20279509 3.40000000
 C	15.90420499 1.79997140 3.40000000
 C	-18.11166807 -3.58761361 3.40000000
 C	18.33396690 2.18480789 3.40000000
 C	-20.54137329 -3.97244111 3.40000000
 C	20.76355874 2.56961743 3.40000000
 C	-22.97113520 -4.35727759 3.40000000
 C	23.19332065 2.95445391 3.40000000
 C	-25.40072704 -4.74208714 3.40000000
 C	25.62302587 3.33928141 3.40000000
 C	-27.83048895 -5.12692362 3.40000000
 C	28.05267439 3.72409993 3.40000000
 C	30.48243630 4.10893641 3.40000000
 C	32.91219822 4.49377289 3.40000000
 C	35.34179005 4.87858244 3.40000000
 C	-3.53343676 -1.27864861 3.40000000
 C	3.75573559 -0.12415712 3.40000000
 C	37.77155196 5.26341892 3.40000000
 C	40.20125718 5.64824642 3.40000000
 C	42.63090570 6.03306494 3.40000000
 C	-5.96314198 -1.66347611 3.40000000
 C	6.18532742 0.26065242 3.40000000
 C	-8.39290389 -2.04831259 3.40000000
 C	8.61508933 0.64548890 3.40000000
 C	0.00000000 0.00000000 3.40000000
 C	-12.14846940 -1.92412853 3.40000000
 C	12.14863948 1.92415546 3.40000000
 C	-14.57823131 -2.30896501 3.40000000
 C	14.57823131 2.30896501 3.40000000
 C	-17.00782315 -2.69377455 3.40000000
 C	17.00799323 2.69380149 3.40000000
 C	-19.43758506 -3.07861103 3.40000000
 C	19.43758506 3.07861103 3.40000000
 C	-21.86734697 -3.46344751 3.40000000
 C	21.86734697 3.46344751 3.40000000
 C	-2.42959183 -0.38480954 3.40000000
 C	-24.29710888 -3.84828399 3.40000000
 C	24.29710888 3.84828399 3.40000000
 C	2.42976191 0.38483648 3.40000000
 C	-26.72670071 -4.23309353 3.40000000
 C	26.72687079 4.23312047 3.40000000
 C	29.15646263 4.61793001 3.40000000
 C	31.58622454 5.00276650 3.40000000
 C	34.01581637 5.38757604 3.40000000
 C	36.44557828 5.77241252 3.40000000
 C	38.87534019 6.15724900 3.40000000
 C	41.30510211 6.54208548 3.40000000
 C	43.73469394 6.92689502 3.40000000
 C	-4.85935374 -0.76964602 3.40000000
 C	4.85935374 0.76964602 3.40000000
 C	-7.28911566 -1.15448250 3.40000000
 C	7.28911566 1.15448250 3.40000000
 C	-9.71887757 -1.53931898 3.40000000
 C	9.71887757 1.53931898 3.40000000
 C	-0.22218545 1.40282370 3.40000000
 C	-12.37065485 -0.52130483 3.40000000
 C	11.92639734 3.32697018 3.40000000
 C	-14.80041676 -0.90614131 3.40000000
 C	14.35604587 3.71178870 3.40000000
 C	-17.23006528 -1.29095983 3.40000000
 C	16.78580778 4.09662518 3.40000000
 C	-19.65977050 -1.67578733 3.40000000
 C	19.21556969 4.48146166 3.40000000
 C	-22.08953242 -2.06062381 3.40000000
 C	21.64516152 4.86627121 3.40000000
 C	-2.65183397 1.01800517 3.40000000
 C	-24.51912425 -2.44543336 3.40000000
 C	24.07492344 5.25110769 3.40000000
 C	2.20757647 1.78766018 3.40000000
 C	-26.94888616 -2.83026984 3.40000000
 C	26.50462865 5.63593519 3.40000000
 C	28.93427718 6.02075371 3.40000000
 C	31.36403909 6.40559019 3.40000000
 C	33.79380100 6.79042667 3.40000000
 C	36.22339284 7.17523621 3.40000000
 C	38.65315475 7.56007270 3.40000000
 C	41.08285997 7.94490020 3.40000000
 C	43.51250849 8.32971872 3.40000000
 C	-5.08153919 0.63317767 3.40000000
 C	4.63733838 2.17249666 3.40000000
 C	-7.51130110 0.24834119 3.40000000
 C	7.06693021 2.55730620 3.40000000
 C	-9.94089293 -0.13646835 3.40000000
 C	9.49669212 2.94214268 3.40000000
 C	-11.26686661 0.37252525 3.40000000
 C	10.60048036 3.83597276 3.40000000
 C	-1.54798904 1.91184424 3.40000000
 C	0.88160279 2.29665378 3.40000000
 C	-13.69662853 -0.01231123 3.40000000
 C	13.03024227 4.22080924 3.40000000
 C	-16.12622036 -0.39712077 3.40000000
 C	15.45983410 4.60561879 3.40000000
 C	-18.55598227 -0.78195725 3.40000000
 C	17.88959601 4.99045527 3.40000000
 C	-20.98574418 -1.16679373 3.40000000
 C	20.31918785 5.37526481 3.40000000
 C	-23.41550609 -1.55163021 3.40000000
 C	22.74894976 5.76010129 3.40000000
 C	-25.84509793 -1.93643975 3.40000000
 C	25.17871167 6.14493777 3.40000000
 C	27.60847358 6.52977425 3.40000000
 C	30.03806541 6.91458379 3.40000000
 C	32.46782733 7.29942028 3.40000000
 C	34.89741916 7.68422982 3.40000000
 C	-3.97775096 1.52700776 3.40000000
 C	3.31136470 2.68149026 3.40000000
 C	37.32718107 8.06906630 3.40000000
 C	39.75694298 8.45390278 3.40000000
 C	42.18670489 8.83873926 3.40000000
 C	44.61629673 9.22354880 3.40000000
 C	-6.40751287 1.14217128 3.40000000
 C	5.74095653 3.06629980 3.40000000
 C	-8.83727478 0.75733480 3.40000000
 C	8.17071844 3.45113628 3.40000000
 C	-11.48905206 1.77534895 3.40000000
 C	10.37829491 5.23879646 3.40000000
 C	-1.77023118 3.31465895 3.40000000
 C	0.65941734 3.69947748 3.40000000
 C	-13.91881397 1.39051247 3.40000000
 C	12.80800013 5.62362396 3.40000000
 C	-16.34846250 1.00569395 3.40000000
 C	15.23764865 6.00844248 3.40000000
 C	-18.77816772 0.62086645 3.40000000
 C	17.66741057 6.39327896 3.40000000
 C	-21.20792963 0.23602996 3.40000000
 C	20.09717248 6.77811544 3.40000000
 C	-23.63752146 -0.14877958 3.40000000
 C	22.52676431 7.16292499 3.40000000
 C	-26.06728337 -0.53361606 3.40000000
 C	24.95652622 7.54776147 3.40000000
 C	27.38623144 7.93258897 3.40000000
 C	29.81587997 8.31740749 3.40000000
 C	32.24564188 8.70224397 3.40000000
 C	34.67540379 9.08708045 3.40000000
 C	-4.19993640 2.92983145 3.40000000
 C	3.08917925 4.08431396 3.40000000
 C	37.10499562 9.47188999 3.40000000
 C	39.53475754 9.85672647 3.40000000
 C	41.96446276 10.24155398 3.40000000
 C	44.39411128 10.62637250 3.40000000
 C	-6.62969831 2.54499497 3.40000000
 C	5.51894117 4.46915044 3.40000000
 C	-9.05929015 2.16018543 3.40000000
 C	7.94853300 4.85395998 3.40000000
 C	-0.66644797 4.20833725 3.40000000
 C	-12.81508745 2.28418179 3.40000000
 C	11.48202143 6.13246578 3.40000000
 C	-15.24467928 1.89937225 3.40000000
 C	13.91178335 6.51730226 3.40000000
 C	-17.67444119 1.51453577 3.40000000
 C	16.34137518 6.90211180 3.40000000
 C	-20.10420310 1.12969929 3.40000000
 C	18.77113709 7.28694828 3.40000000
 C	21.20072892 7.67175783 3.40000000
 C	-22.53396502 0.74486280 3.40000000
 C	-3.09620988 3.82350077 3.40000000
 C	1.76314386 4.59314680 3.40000000
 C	-24.96355685 0.36005326 3.40000000
 C	23.63049083 8.05659431 3.40000000
 C	26.06025275 8.44143079 3.40000000
 C	28.49001466 8.82626727 3.40000000
 C	30.91960649 9.21107681 3.40000000
 C	33.34936840 9.59591329 3.40000000
 C	35.77896023 9.98072283 3.40000000
 C	38.20872215 10.36555931 3.40000000
 C	40.63848406 10.75039580 3.40000000
 C	43.06824597 11.13523228 3.40000000
 C	45.49783780 11.52004182 3.40000000
 C	-5.52597179 3.43866429 3.40000000
 C	4.19290578 4.97798328 3.40000000
 C	6.62249761 5.36279282 3.40000000
 C	-7.95573370 3.05382781 3.40000000
 C	-10.38532554 2.66901827 3.40000000
 C	9.05225952 5.74762930 3.40000000
 C	-0.88869011 5.61115197 3.40000000
 C	-13.03727289 3.68700548 3.40000000
 C	11.25983599 7.53528948 3.40000000
 C	-15.46692142 3.30218696 3.40000000
 C	13.68954121 7.92011698 3.40000000
 C	-17.89662664 2.91735946 3.40000000
 C	16.11918973 8.30493550 3.40000000
 C	-20.32638855 2.53252298 3.40000000
 C	18.54895164 8.68977198 3.40000000
 C	-22.75598038 2.14771344 3.40000000
 C	20.97871356 9.07460846 3.40000000
 C	-3.31839533 5.22632447 3.40000000
 C	1.54095842 5.99597049 3.40000000
 C	-25.18574229 1.76287696 3.40000000
 C	23.40830539 9.45941800 3.40000000
 C	25.83806730 9.84425448 3.40000000
 C	28.26777252 10.22908199 3.40000000
 C	30.69742104 10.61390051 3.40000000
 C	33.12718296 10.99873699 3.40000000
 C	35.55694487 11.38357347 3.40000000
 C	37.98653670 11.76838301 3.40000000
 C	40.41629861 12.15321949 3.40000000
 C	42.84600383 12.53804699 3.40000000
 C	45.27565236 12.92286551 3.40000000
 C	-5.74815724 4.84148799 3.40000000
 C	3.97072033 6.38080697 3.40000000
 C	-8.17774907 4.45667845 3.40000000
 C	6.40048224 6.76564345 3.40000000
 C	-10.60751098 4.07184197 3.40000000
 C	8.83007408 7.15045300 3.40000000
 C	-11.93348466 4.58083558 3.40000000
 C	9.93386231 8.04428309 3.40000000
 C	-2.21460709 6.12015456 3.40000000
 C	0.21515482 6.50499104 3.40000000
 C	-14.36307649 4.19602604 3.40000000
 C	12.36362422 8.42911957 3.40000000
 C	-16.79283841 3.81118956 3.40000000
 C	14.79338613 8.81395605 3.40000000
 C	-19.22260032 3.42635307 3.40000000
 C	17.22297796 9.19876559 3.40000000
 C	-21.65236223 3.04151659 3.40000000
 C	19.65273988 9.58360207 3.40000000
 C	-24.08195406 2.65670705 3.40000000
 C	22.08233171 9.96841162 3.40000000
 C	24.51209362 10.35324810 3.40000000
 C	26.94185553 10.73808458 3.40000000
 C	29.37161744 11.12292106 3.40000000
 C	31.80120928 11.50773060 3.40000000
 C	34.23097119 11.89256708 3.40000000
 C	-4.64436901 5.73531808 3.40000000
 C	2.64474665 6.88980059 3.40000000
 C	36.66056302 12.27737662 3.40000000
 C	39.09032493 12.66221310 3.40000000
 C	41.52008685 13.04704958 3.40000000
 C	43.94984876 13.43188607 3.40000000
 C	46.37944059 13.81669561 3.40000000
 C	-7.07413092 5.35048160 3.40000000
 C	5.07450856 7.27463707 3.40000000
 C	-9.50372275 4.96567206 3.40000000
 C	7.50410040 7.65944661 3.40000000
 C	-12.15567011 5.98365926 3.40000000
 C	9.71167686 9.44710678 3.40000000
 C	-2.43679254 7.52297825 3.40000000
 C	-0.00708732 7.90780575 3.40000000
 C	-14.58531863 5.59884074 3.40000000
 C	12.14143878 9.83194326 3.40000000
 C	-17.01502385 5.21401324 3.40000000
 C	14.57114399 10.21677076 3.40000000
 C	-19.44478576 4.82917676 3.40000000
 C	17.00079252 10.60158928 3.40000000
 C	-21.87437759 4.44436722 3.40000000
 C	19.43055443 10.98642576 3.40000000
 C	-24.30413951 4.05953074 3.40000000
 C	21.86031634 11.37126224 3.40000000
 C	24.28990818 11.75607178 3.40000000
 C	26.71967009 12.14090826 3.40000000
 C	29.14937531 12.52573576 3.40000000
 C	31.57902383 12.91055429 3.40000000
 C	34.00878574 13.29539077 3.40000000
 C	-4.86655445 7.13814177 3.40000000
 C	2.42256121 8.29262427 3.40000000
 C	36.43854766 13.68022725 3.40000000
 C	38.86813949 14.06503679 3.40000000
 C	41.29790140 14.44987327 3.40000000
 C	43.72760662 14.83470077 3.40000000
 C	46.15725515 15.21951929 3.40000000
 C	-7.29614628 6.75333223 3.40000000
 C	4.85232312 8.67746075 3.40000000
 C	-9.72590819 6.36849575 3.40000000
 C	7.28208503 9.06229723 3.40000000
 C	-1.33300431 8.41680834 3.40000000
 C	-13.48147371 6.49267982 3.40000000
 C	10.81546510 10.34093687 3.40000000
 C	-15.91123562 6.10784333 3.40000000
 C	13.24522701 10.72577335 3.40000000
 C	-18.34099753 5.72300685 3.40000000
 C	15.67498892 11.11060983 3.40000000
 C	-20.77075944 5.33817037 3.40000000
 C	18.10458075 11.49541937 3.40000000
 C	-23.20035127 4.95336083 3.40000000
 C	20.53434266 11.88025585 3.40000000
 C	-3.76276622 8.03197186 3.40000000
 C	22.96393450 12.26506540 3.40000000
 C	1.09675761 8.80164482 3.40000000
 C	25.39369641 12.64990188 3.40000000
 C	27.82345832 13.03473836 3.40000000
 C	30.25322023 13.41957484 3.40000000
 C	32.68281206 13.80438438 3.40000000
 C	35.11257398 14.18922086 3.40000000
 C	37.54216581 14.57403040 3.40000000
 C	39.97192772 14.95886688 3.40000000
 C	42.40168963 15.34370336 3.40000000
 C	44.83145155 15.72853985 3.40000000
 C	47.26104338 16.11334939 3.40000000
 C	-6.19252813 7.64713538 3.40000000
 C	3.52634944 9.18645437 3.40000000
 C	-8.62211996 7.26232584 3.40000000
 C	5.95611135 9.57129085 3.40000000
 C	-11.05188187 6.87748936 3.40000000
 C	8.38570318 9.95610039 3.40000000
 C	-1.55521032 9.81957845 3.40000000
 C	-13.70373642 7.89544094 3.40000000
 C	10.59325908 11.74370698 3.40000000
 C	-16.13344163 7.51061344 3.40000000
 C	13.02302099 12.12854346 3.40000000
 C	-18.56320355 7.12577696 3.40000000
 C	15.45272621 12.51337096 3.40000000
 C	-20.99279538 6.74096742 3.40000000
 C	17.88237474 12.89818948 3.40000000
 C	-23.42255729 6.35613094 3.40000000
 C	20.31213665 13.28302596 3.40000000
 C	-3.98497223 9.43474197 3.40000000
 C	22.74189856 13.66786244 3.40000000
 C	0.87449490 10.20440595 3.40000000
 C	25.17149039 14.05267198 3.40000000
 C	27.60125230 14.43750847 3.40000000
 C	30.03095752 14.82233597 3.40000000
 C	32.46060605 15.20715449 3.40000000
 C	34.89036796 15.59199097 3.40000000
 C	37.32012987 15.97682745 3.40000000
 C	39.74972170 16.36163699 3.40000000
 C	42.17948362 16.74647347 3.40000000
 C	44.60918884 17.13130097 3.40000000
 C	-6.41456407 9.04993243 3.40000000
 C	47.03883736 17.51611950 3.40000000
 C	3.30414342 10.58922447 3.40000000
 C	-8.84432598 8.66509595 3.40000000
 C	5.73390533 10.97406095 3.40000000
 C	-11.27408789 8.28025947 3.40000000
 C	8.16366725 11.35889743 3.40000000
 C	-12.59987092 8.78933359 3.40000000
 C	9.26730597 12.25275417 3.40000000
 C	-2.88116343 10.32862564 3.40000000
 C	-0.45140152 10.71346212 3.40000000
 C	-15.02963283 8.40449711 3.40000000
 C	11.69706788 12.63759065 3.40000000
 C	-17.45939474 8.01966063 3.40000000
 C	14.12682980 13.02242713 3.40000000
 C	-19.88915665 7.63482415 3.40000000
 C	16.55659171 13.40726361 3.40000000
 C	-22.31874849 7.25001461 3.40000000
 C	18.98618354 13.79207315 3.40000000
 C	21.41594545 14.17690963 3.40000000
 C	23.84553728 14.56171918 3.40000000
 C	26.27529920 14.94655566 3.40000000
 C	28.70506111 15.33139214 3.40000000
 C	31.13482302 15.71622862 3.40000000
 C	33.56441485 16.10103816 3.40000000
 C	-5.31092534 9.94378916 3.40000000
 C	1.97836039 11.09829860 3.40000000
 C	35.99417676 16.48587464 3.40000000
 C	38.42376860 16.87068418 3.40000000
 C	40.85353051 17.25552066 3.40000000
 C	43.28329242 17.64035714 3.40000000
 C	45.71305433 18.02519362 3.40000000
 C	48.14264617 18.41000317 3.40000000
 C	-7.74051717 9.55897962 3.40000000
 C	4.40795223 11.48310814 3.40000000
 C	-10.17027909 9.17414314 3.40000000
 C	6.83771414 11.86794463 3.40000000
 C	-12.82217477 10.19198755 3.40000000
 C	9.04522889 13.65544404 3.40000000
 C	-3.10341059 11.73128857 3.40000000
 C	-0.67364867 12.11612505 3.40000000
 C	-15.25187999 9.80716005 3.40000000
 C	11.47482073 14.04025358 3.40000000
 C	-17.68164190 9.42232357 3.40000000
 C	13.90458264 14.42509006 3.40000000
 C	-20.11123373 9.03751402 3.40000000
 C	16.33428786 14.80991756 3.40000000
 C	-22.54099564 8.65267754 3.40000000
 C	18.76393638 15.19473609 3.40000000
 C	21.19369830 15.57957257 3.40000000
 C	23.62346021 15.96440905 3.40000000
 C	26.05305204 16.34921859 3.40000000
 C	28.48281395 16.73405507 3.40000000
 C	30.91251917 17.11888257 3.40000000
 C	33.34216770 17.50370109 3.40000000
 C	-5.53300242 11.34647903 3.40000000
 C	1.75605654 12.50095256 3.40000000
 C	35.77192961 17.88853757 3.40000000
 C	38.20169152 18.27337405 3.40000000
 C	40.63128335 18.65818360 3.40000000
 C	43.06104526 19.04302008 3.40000000
 C	45.49075048 19.42784758 3.40000000
 C	47.92039901 19.81266610 3.40000000
 C	-7.96276433 10.96164255 3.40000000
 C	4.18570507 12.88577108 3.40000000
 C	-10.39252624 10.57680607 3.40000000
 C	6.61546698 13.27060756 3.40000000
 C	-1.99962235 12.62511866 3.40000000
 C	-14.14809175 10.70099013 3.40000000
 C	10.14884705 14.54924718 3.40000000
 C	-16.57785367 10.31615365 3.40000000
 C	12.57860896 14.93408367 3.40000000
 C	-19.00761558 9.93131717 3.40000000
 C	15.00837087 15.31892015 3.40000000
 C	-21.43720741 9.54650763 3.40000000
 C	17.43813278 15.70375663 3.40000000
 C	19.86772462 16.08856617 3.40000000
 C	22.29748653 16.47340265 3.40000000
 C	-4.42938426 12.24028218 3.40000000
 C	0.43013956 13.00995514 3.40000000
 C	24.72707836 16.85821219 3.40000000
 C	27.15684027 17.24304867 3.40000000
 C	29.58660219 17.62788515 3.40000000
 C	32.01636410 18.01272163 3.40000000
 C	34.44595593 18.39753118 3.40000000
 C	36.87571784 18.78236766 3.40000000
 C	39.30530967 19.16717720 3.40000000
 C	41.73507159 19.55201368 3.40000000
 C	44.16483350 19.93685016 3.40000000
 C	-6.85897610 11.85547263 3.40000000
 C	46.59459541 20.32168664 3.40000000
 C	2.85990147 13.39479162 3.40000000
 C	49.02418724 20.70649618 3.40000000
 C	-9.28873801 11.47063615 3.40000000
 C	5.28949330 13.77960116 3.40000000
 C	-11.71832984 11.08582661 3.40000000
 C	7.71925522 14.16443764 3.40000000
 C	-2.22180780 14.02794235 3.40000000
 C	-14.37027720 12.10381383 3.40000000
 C	9.92683168 15.95209782 3.40000000
 C	-16.80003911 11.71897735 3.40000000
 C	12.35642351 16.33690736 3.40000000
 C	-19.22963094 11.33416780 3.40000000
 C	14.78618543 16.72174384 3.40000000
 C	-21.65939286 10.94933132 3.40000000
 C	17.21589065 17.10657134 3.40000000
 C	19.64553917 17.49138987 3.40000000
 C	-4.65139963 13.64313281 3.40000000
 C	22.07530108 17.87622635 3.40000000
 C	0.20795411 14.41277883 3.40000000
 C	24.50506299 18.26106283 3.40000000
 C	26.93465483 18.64587237 3.40000000
 C	29.36441674 19.03070885 3.40000000
 C	31.79412196 19.41553635 3.40000000
 C	34.22377048 19.80035487 3.40000000
 C	36.65353240 20.18519135 3.40000000
 C	39.08329431 20.57002783 3.40000000
 C	41.51288614 20.95483738 3.40000000
 C	43.94264805 21.33967386 3.40000000
 C	-7.08116154 13.25829633 3.40000000
 C	46.37235327 21.72450136 3.40000000
 C	2.63765933 14.79760634 3.40000000
 C	48.80200180 22.10931988 3.40000000
 C	-9.51092346 12.87345985 3.40000000
 C	5.06730786 15.18242486 3.40000000
 C	-11.94057198 12.48864133 3.40000000
 C	7.49706977 15.56726134 3.40000000
 C	-13.26648897 12.99764391 3.40000000
 C	8.60085800 16.46109142 3.40000000
 C	-3.54778148 14.53693596 3.40000000
 C	-1.11801956 14.92177244 3.40000000
 C	-15.69625088 12.61280743 3.40000000
 C	11.03044984 16.84590096 3.40000000
 C	-18.12601279 12.22797095 3.40000000
 C	13.46021175 17.23073744 3.40000000
 C	-20.55560462 11.84316141 3.40000000
 C	15.88997366 17.61557393 3.40000000
 C	18.31973557 18.00041041 3.40000000
 C	20.74932740 18.38521995 3.40000000
 C	23.17908932 18.77005643 3.40000000
 C	25.60868115 19.15486597 3.40000000
 C	28.03844306 19.53970245 3.40000000
 C	30.46820497 19.92453893 3.40000000
 C	32.89796689 20.30937541 3.40000000
 C	-5.97737331 14.15212641 3.40000000
 C	1.31174235 15.30660892 3.40000000
 C	35.32755872 20.69418496 3.40000000
 C	37.75732063 21.07902144 3.40000000
 C	40.18691246 21.46383098 3.40000000
 C	42.61667437 21.84866746 3.40000000
 C	45.04643629 22.23350394 3.40000000
 C	47.47619820 22.61834042 3.40000000
 C	49.90579003 23.00314996 3.40000000
 C	-8.40713522 13.76728993 3.40000000
 C	3.74150426 15.69144540 3.40000000
 C	-10.83672705 13.38248039 3.40000000
 C	6.17109609 16.07625494 3.40000000
 C	-13.48867441 14.40046761 3.40000000
 C	8.37867256 17.86391512 3.40000000
 C	-3.76979684 15.93978659 3.40000000
 C	-1.34020501 16.32459613 3.40000000
 C	-15.91843632 14.01563113 3.40000000
 C	10.80843447 18.24875160 3.40000000
 C	-18.34802816 13.63082158 3.40000000
 C	13.23802630 18.63356114 3.40000000
 C	-20.77779007 13.24598510 3.40000000
 C	15.66778821 19.01839762 3.40000000
 C	18.09749343 19.40322512 3.40000000
 C	20.52714196 19.78804364 3.40000000
 C	22.95690387 20.17288013 3.40000000
 C	25.38666578 20.55771661 3.40000000
 C	27.81625762 20.94252615 3.40000000
 C	30.24601953 21.32736263 3.40000000
 C	32.67572475 21.71219013 3.40000000
 C	-6.19955876 15.55495011 3.40000000
 C	1.08955690 16.70943261 3.40000000
 C	35.10537327 22.09700865 3.40000000
 C	37.53513518 22.48184513 3.40000000
 C	39.96489710 22.86668161 3.40000000
 C	42.39448893 23.25149116 3.40000000
 C	44.82425084 23.63632764 3.40000000
 C	47.25395606 24.02115514 3.40000000
 C	49.68360458 24.40597366 3.40000000
 C	-8.62932067 15.17011363 3.40000000
 C	3.51926212 17.09426012 3.40000000
 C	-11.05896919 14.78529511 3.40000000
 C	5.94891065 17.47907864 3.40000000
 C	-2.66624040 16.83342897 3.40000000
 C	-14.81470980 14.90930045 3.40000000
 C	9.48239908 18.75758444 3.40000000
 C	11.91199091 19.14239398 3.40000000
 C	-17.24447171 14.52446397 3.40000000
 C	-19.67406355 14.13965442 3.40000000
 C	14.34175283 19.52723046 3.40000000
 C	16.77151474 19.91206694 3.40000000
 C	19.20127665 20.29690342 3.40000000
 C	-5.09583223 16.44861943 3.40000000
 C	-0.23647849 17.21826545 3.40000000
 C	21.63086848 20.68171297 3.40000000
 C	24.06063039 21.06654945 3.40000000
 C	26.49022223 21.45135899 3.40000000
 C	28.91998414 21.83619547 3.40000000
 C	31.34974605 22.22103195 3.40000000
 C	33.77950796 22.60586843 3.40000000
 C	36.20909979 22.99067797 3.40000000
 C	38.63886171 23.37551445 3.40000000
 C	41.06845354 23.76032400 3.40000000
 C	43.49821545 24.14516048 3.40000000
 C	45.92797736 24.52999696 3.40000000
 C	-7.52559414 16.06378295 3.40000000
 C	2.19328342 17.60310193 3.40000000
 C	48.35773928 24.91483344 3.40000000
 C	50.78733111 25.29964298 3.40000000
 C	-9.95518598 15.67897341 3.40000000
 C	4.62304534 17.98793842 3.40000000
 C	-12.38494789 15.29413693 3.40000000
 C	7.05263717 18.37274796 3.40000000
 C	-2.88825577 18.23627961 3.40000000
 C	-15.03689525 16.31212414 3.40000000
 C	9.26021363 20.16040813 3.40000000
 C	-17.46648708 15.92731460 3.40000000
 C	11.68997555 20.54524462 3.40000000
 C	-19.89624899 15.54247812 3.40000000
 C	14.11956738 20.93005416 3.40000000
 C	16.54932929 21.31489064 3.40000000
 C	18.97903451 21.69971814 3.40000000
 C	-5.31801768 17.85144313 3.40000000
 C	-0.45866393 18.62108915 3.40000000
 C	21.40868304 22.08453666 3.40000000
 C	23.83844495 22.46937314 3.40000000
 C	26.26820686 22.85420962 3.40000000
 C	28.69779869 23.23901917 3.40000000
 C	31.12756060 23.62385565 3.40000000
 C	33.55726582 24.00868315 3.40000000
 C	35.98691435 24.39350167 3.40000000
 C	38.41667626 24.77833815 3.40000000
 C	40.84643817 25.16317463 3.40000000
 C	43.27603000 25.54798417 3.40000000
 C	45.70579192 25.93282065 3.40000000
 C	-7.74777959 17.46660665 3.40000000
 C	1.97109798 19.00592563 3.40000000
 C	48.13549714 26.31764815 3.40000000
 C	50.56514566 26.70246668 3.40000000
 C	-10.17742812 17.08178812 3.40000000
 C	4.40080320 19.39075313 3.40000000
 C	-12.60713333 16.69696062 3.40000000
 C	6.83045172 19.77557165 3.40000000
 C	-13.93310701 17.20595424 3.40000000
 C	7.93423995 20.66940175 3.40000000
 C	-4.21422945 18.74527322 3.40000000
 C	-1.78463761 19.13008276 3.40000000
 C	-16.36286893 16.82111776 3.40000000
 C	10.36400187 21.05423823 3.40000000
 C	-18.79246076 16.43630821 3.40000000
 C	12.79359370 21.43904777 3.40000000
 C	15.22335561 21.82388425 3.40000000
 C	17.65311752 22.20872073 3.40000000
 C	20.08287944 22.59355721 3.40000000
 C	22.51247127 22.97836675 3.40000000
 C	24.94223318 23.36320324 3.40000000
 C	27.37182501 23.74801278 3.40000000
 C	29.80158692 24.13284926 3.40000000
 C	32.23134884 24.51768574 3.40000000
 C	-6.64399136 18.36043674 3.40000000
 C	0.64512430 19.51491924 3.40000000
 C	34.66111075 24.90252222 3.40000000
 C	37.09070258 25.28733176 3.40000000
 C	39.52046449 25.67216824 3.40000000
 C	41.95005633 26.05697779 3.40000000
 C	44.37981824 26.44181427 3.40000000
 C	46.80958015 26.82665075 3.40000000
 C	49.23934206 27.21148723 3.40000000
 C	51.66893389 27.59629677 3.40000000
 C	-9.07358319 17.97562720 3.40000000
 C	3.07488621 19.89975572 3.40000000
 C	-11.50334510 17.59079072 3.40000000
 C	5.50464812 20.28459220 3.40000000
 C	-14.15529246 18.60877792 3.40000000
 C	7.71205451 22.07222543 3.40000000
 C	-4.43641489 20.14809691 3.40000000
 C	-2.00665298 20.53293339 3.40000000
 C	-16.58488429 18.22396838 3.40000000
 C	10.14181642 22.45706191 3.40000000
 C	-19.01464620 17.83913190 3.40000000
 C	12.57157833 22.84189839 3.40000000
 C	15.00117017 23.22670794 3.40000000
 C	17.43093208 23.61154442 3.40000000
 C	19.86063730 23.99637192 3.40000000
 C	22.29028582 24.38119044 3.40000000
 C	24.72004774 24.76602692 3.40000000
 C	27.14980965 25.15086340 3.40000000
 C	29.57940148 25.53567294 3.40000000
 C	32.00916339 25.92050943 3.40000000
 C	-6.86617680 19.76326043 3.40000000
 C	0.42293885 20.91774293 3.40000000
 C	34.43886861 26.30533693 3.40000000
 C	36.86851714 26.69015545 3.40000000
 C	39.29827905 27.07499193 3.40000000
 C	41.72804096 27.45982841 3.40000000
 C	44.15763279 27.84463795 3.40000000
 C	46.58739470 28.22947443 3.40000000
 C	49.01709992 28.61430193 3.40000000
 C	51.44674845 28.99912046 3.40000000
 C	-9.29582533 19.37844190 3.40000000
 C	2.85270077 21.30257941 3.40000000
 C	-11.72553055 18.99361440 3.40000000
 C	5.28240598 21.68740691 3.40000000
 C	-3.33262666 21.04192700 3.40000000
 C	-15.48126614 19.11777154 3.40000000
 C	8.81584274 22.96605553 3.40000000
 C	-17.91085797 18.73296199 3.40000000
 C	11.24560465 23.35089201 3.40000000
 C	13.67519649 23.73570155 3.40000000
 C	16.10495840 24.12053803 3.40000000
 C	18.53472031 24.50537451 3.40000000
 C	-5.76238857 20.65709052 3.40000000
 C	-0.90303483 21.42673654 3.40000000
 C	20.96448222 24.89021099 3.40000000
 C	23.39407406 25.27502053 3.40000000
 C	25.82383597 25.65985701 3.40000000
 C	28.25342780 26.04466656 3.40000000
 C	30.68318971 26.42950304 3.40000000
 C	33.11295162 26.81433952 3.40000000
 C	35.54271354 27.19917600 3.40000000
 C	37.97230537 27.58398554 3.40000000
 C	40.40206728 27.96882202 3.40000000
 C	42.83165911 28.35363156 3.40000000
 C	-8.19198040 20.27228098 3.40000000
 C	45.26142103 28.73846805 3.40000000
 C	1.52672709 21.81157302 3.40000000
 C	47.69118294 29.12330453 3.40000000
 C	50.12094485 29.50814101 3.40000000
 C	52.55053668 29.89295055 3.40000000
 C	-10.62174231 19.88744450 3.40000000
 C	3.95648900 22.19640950 3.40000000
 C	-13.05150423 19.50260802 3.40000000
 C	6.38625091 22.58124598 3.40000000
 C	-3.55483267 22.44469711 3.40000000
 C	-15.70330208 20.52056858 3.40000000
 C	8.59363673 24.36882564 3.40000000
 C	-18.13306399 20.13573210 3.40000000
 C	11.02339864 24.75366212 3.40000000
 C	13.45316055 25.13849860 3.40000000
 C	15.88275238 25.52330814 3.40000000
 C	18.31251430 25.90814462 3.40000000
 C	-5.98459459 22.05986063 3.40000000
 C	20.74221951 26.29297212 3.40000000
 C	-1.12507076 22.82953359 3.40000000
 C	23.17186804 26.67779064 3.40000000
 C	25.60162995 27.06262712 3.40000000
 C	28.03139186 27.44746360 3.40000000
 C	30.46098370 27.83227315 3.40000000
 C	32.89074561 28.21710963 3.40000000
 C	35.32045083 28.60193713 3.40000000
 C	37.75009935 28.98675565 3.40000000
 C	40.17986126 29.37159213 3.40000000
 C	42.60962318 29.75642861 3.40000000
 C	-8.41424311 21.67504211 3.40000000
 C	45.03921501 30.14123815 3.40000000
 C	1.30452107 23.21434313 3.40000000
 C	47.46897692 30.52607463 3.40000000
 C	49.89868214 30.91090214 3.40000000
 C	52.32833067 31.29572066 3.40000000
 C	-10.84394833 21.29021460 3.40000000
 C	3.73428298 23.59917961 3.40000000
 C	-13.27371024 20.90537812 3.40000000
 C	6.16398820 23.98400711 3.40000000
 C	-14.59966335 21.41442531 3.40000000
 C	7.26785370 24.87789976 3.40000000
 C	-4.88078578 22.95374430 3.40000000
 C	-2.45102387 23.33858078 3.40000000
 C	-17.02925518 21.02961577 3.40000000
 C	9.69744553 25.26270931 3.40000000
 C	12.12720744 25.64754579 3.40000000
 C	14.55679927 26.03235533 3.40000000
 C	16.98656119 26.41719181 3.40000000
 C	19.41632310 26.80202829 3.40000000
 C	21.84608501 27.18686477 3.40000000
 C	24.27567684 27.57167431 3.40000000
 C	26.70543876 27.95651079 3.40000000
 C	29.13503059 28.34132034 3.40000000
 C	31.56479250 28.72615682 3.40000000
 C	-7.31037761 22.56893476 3.40000000
 C	-0.02143204 23.72339032 3.40000000
 C	33.99455441 29.11099330 3.40000000
 C	36.42431632 29.49582978 3.40000000
 C	38.85390816 29.88063932 3.40000000
 C	41.28367007 30.26547580 3.40000000
 C	43.71326190 30.65028534 3.40000000
 C	46.14302381 31.03512183 3.40000000
 C	48.57278573 31.41995831 3.40000000
 C	51.00254764 31.80479479 3.40000000
 C	53.43213947 32.18960433 3.40000000
 C	-9.74013953 22.18409828 3.40000000
 C	2.40832987 24.10822680 3.40000000
 C	-12.16990144 21.79926180 3.40000000
 C	4.83809179 24.49306328 3.40000000
 C	-14.82174043 22.81711519 3.40000000
 C	7.04554985 26.28055372 3.40000000
 C	-5.10303294 24.35640723 3.40000000
 C	-2.67327103 24.74124371 3.40000000
 C	-17.25150234 22.43227871 3.40000000
 C	9.47519837 26.66537224 3.40000000
 C	11.90496029 27.05020872 3.40000000
 C	14.33472220 27.43504520 3.40000000
 C	16.76431403 27.81985474 3.40000000
 C	19.19407594 28.20469122 3.40000000
 C	21.62378116 28.58951873 3.40000000
 C	24.05342969 28.97433725 3.40000000
 C	26.48319160 29.35917373 3.40000000
 C	28.91295351 29.74401021 3.40000000
 C	31.34254534 30.12881975 3.40000000
 C	-7.53268146 23.97158871 3.40000000
 C	-0.24350911 25.12608019 3.40000000
 C	33.77230726 30.51365623 3.40000000
 C	36.20201247 30.89848373 3.40000000
 C	38.63166100 31.28330225 3.40000000
 C	41.06142291 31.66813874 3.40000000
 C	43.49118482 32.05297522 3.40000000
 C	45.92077666 32.43778476 3.40000000
 C	48.35053857 32.82262124 3.40000000
 C	50.78024379 33.20744874 3.40000000
 C	53.20989231 33.59226726 3.40000000
 C	-9.96238668 23.58676121 3.40000000
 C	2.18608272 25.51088974 3.40000000
 C	-12.39214860 23.20192473 3.40000000
 C	4.61584463 25.89572622 3.40000000
 C	-3.99924471 25.25023732 3.40000000
 C	-16.14771411 23.32610879 3.40000000
 C	8.14939478 27.17439278 3.40000000
 C	10.57898661 27.55920232 3.40000000
 C	13.00874852 27.94403880 3.40000000
 C	15.43834035 28.32884835 3.40000000
 C	17.86810226 28.71368483 3.40000000
 C	-6.42883654 24.86542777 3.40000000
 C	20.29786418 29.09852131 3.40000000
 C	-1.56948279 25.63507380 3.40000000
 C	22.72762609 29.48335779 3.40000000
 C	25.15721792 29.86816733 3.40000000
 C	27.58697983 30.25300381 3.40000000
 C	30.01657166 30.63781335 3.40000000
 C	32.44633358 31.02264983 3.40000000
 C	34.87609549 31.40748631 3.40000000
 C	37.30585740 31.79232280 3.40000000
 C	39.73544923 32.17713234 3.40000000
 C	42.16521115 32.56196882 3.40000000
 C	-8.85859845 24.48059129 3.40000000
 C	0.86010904 26.01988334 3.40000000
 C	44.59480298 32.94677836 3.40000000
 C	47.02456489 33.33161484 3.40000000
 C	49.45432680 33.71645132 3.40000000
 C	51.88408871 34.10128780 3.40000000
 C	54.31368055 34.48609735 3.40000000
 C	-11.28836036 24.09575481 3.40000000
 C	3.28987095 26.40471982 3.40000000
 C	-13.71812227 23.71091833 3.40000000
 C	5.71963286 26.78955630 3.40000000
 C	-4.22143015 26.65306101 3.40000000
 C	-16.36989955 24.72893249 3.40000000
 C	7.92715264 28.57720750 3.40000000
 C	10.35680116 28.96202602 3.40000000
 C	12.78656307 29.34686250 3.40000000
 C	15.21632499 29.73169898 3.40000000
 C	17.64591682 30.11650852 3.40000000
 C	-6.65107868 26.26824249 3.40000000
 C	20.07567873 30.50134500 3.40000000
 C	-1.79166824 27.03789749 3.40000000
 C	22.50538395 30.88617250 3.40000000
 C	24.93503247 31.27099103 3.40000000
 C	27.36479439 31.65582751 3.40000000
 C	29.79455630 32.04066399 3.40000000
 C	32.22414813 32.42547353 3.40000000
 C	34.65391004 32.81031001 3.40000000
 C	37.08361526 33.19513751 3.40000000
 C	39.51326379 33.57995603 3.40000000
 C	41.94302570 33.96479251 3.40000000
 C	-9.08078390 25.88341499 3.40000000
 C	44.37278761 34.34962900 3.40000000
 C	0.63809367 27.42273397 3.40000000
 C	46.80237944 34.73443854 3.40000000
 C	49.23214136 35.11927502 3.40000000
 C	51.66184657 35.50410252 3.40000000
 C	54.09149510 35.88892104 3.40000000
 C	-11.51054581 25.49857851 3.40000000
 C	3.06768551 27.80754352 3.40000000
 C	-13.94013764 25.11376897 3.40000000
 C	5.49744742 28.19238000 3.40000000
 C	-15.26611132 25.62276257 3.40000000
 C	6.60123565 29.08621008 3.40000000
 C	-5.54723375 27.16208155 3.40000000
 C	-3.11764192 27.54689110 3.40000000
 C	9.03099756 29.47104656 3.40000000
 C	11.46058940 29.85585610 3.40000000
 C	13.89035131 30.24069258 3.40000000
 C	16.31994314 30.62550213 3.40000000
 C	18.74970505 31.01033861 3.40000000
 C	21.17946696 31.39517509 3.40000000
 C	23.60922888 31.78001157 3.40000000
 C	26.03882071 32.16482111 3.40000000
 C	28.46858262 32.54965759 3.40000000
 C	30.89817445 32.93446713 3.40000000
 C	-7.97699566 26.77724507 3.40000000
 C	-0.68788001 27.93172758 3.40000000
 C	33.32793636 33.31930361 3.40000000
 C	35.75769828 33.70414009 3.40000000
 C	38.18746019 34.08897657 3.40000000
 C	40.61705202 34.47378612 3.40000000
 C	43.04681393 34.85862260 3.40000000
 C	45.47640577 35.24343214 3.40000000
 C	47.90616768 35.62826862 3.40000000
 C	50.33592959 36.01310510 3.40000000
 C	52.76569150 36.39794158 3.40000000
 C	55.19528333 36.78275112 3.40000000
 C	-10.40675757 26.39240859 3.40000000
 C	1.74171183 28.31653712 3.40000000
 C	-12.83651949 26.00757211 3.40000000
 C	4.17147374 28.70137360 3.40000000
 C	-15.48829676 27.02558626 3.40000000
 C	6.37905021 30.48903378 3.40000000
 C	-5.76947589 28.56489627 3.40000000
 C	-3.33982736 28.94971479 3.40000000
 C	8.80875542 30.87386128 3.40000000
 C	11.23840395 31.25867980 3.40000000
 C	13.66816586 31.64351628 3.40000000
 C	16.09792777 32.02835276 3.40000000
 C	18.52751961 32.41316230 3.40000000
 C	20.95728152 32.79799878 3.40000000
 C	23.38698674 33.18282628 3.40000000
 C	25.81663526 33.56764481 3.40000000
 C	28.24639717 33.95248129 3.40000000
 C	30.67615909 34.33731777 3.40000000
 C	-8.19918111 28.18006877 3.40000000
 C	-0.91006545 29.33455127 3.40000000
 C	33.10575092 34.72212731 3.40000000
 C	35.53551283 35.10696379 3.40000000
 C	37.96521805 35.49179129 3.40000000
 C	40.39486658 35.87660981 3.40000000
 C	42.82462849 36.26144629 3.40000000
 C	45.25439040 36.64628277 3.40000000
 C	47.68398223 37.03109232 3.40000000
 C	50.11374414 37.41592880 3.40000000
 C	52.54344936 37.80075630 3.40000000
 C	54.97309789 38.18557482 3.40000000
 C	-10.62894302 27.79523229 3.40000000
 C	1.51969646 29.71938775 3.40000000
 C	-13.05853485 27.41042275 3.40000000
 C	3.94928829 30.10419730 3.40000000
 C	-4.66569267 29.45857457 3.40000000
 C	7.48277673 31.38270310 3.40000000
 C	9.91253864 31.76753958 3.40000000
 C	12.34213047 32.15234912 3.40000000
 C	14.77189238 32.53718560 3.40000000
 C	17.20148422 32.92199514 3.40000000
 C	-7.09545458 29.07373809 3.40000000
 C	-2.23610084 29.84338411 3.40000000
 C	19.63124613 33.30683162 3.40000000
 C	22.06100804 33.69166810 3.40000000
 C	24.49076995 34.07650458 3.40000000
 C	26.92036179 34.46131413 3.40000000
 C	29.35012370 34.84615061 3.40000000
 C	31.77971553 35.23096015 3.40000000
 C	34.20947744 35.61579663 3.40000000
 C	36.63923935 36.00063311 3.40000000
 C	39.06900127 36.38546959 3.40000000
 C	41.49859310 36.77027913 3.40000000
 C	43.92835501 37.15511561 3.40000000
 C	-9.52521650 28.68890161 3.40000000
 C	0.19366107 30.22822059 3.40000000
 C	46.35794684 37.53992516 3.40000000
 C	48.78770875 37.92476164 3.40000000
 C	51.21747067 38.30959812 3.40000000
 C	53.64723258 38.69443460 3.40000000
 C	56.07682441 39.07924414 3.40000000
 C	2.62325290 30.61303014 3.40000000
 C	-11.95497841 28.30406513 3.40000000
 C	-14.38457024 27.91925559 3.40000000
 C	5.05301482 30.99786662 3.40000000
 C	-4.88793481 30.86138929 3.40000000
 C	7.26059128 32.78552679 3.40000000
 C	9.69029650 33.17035429 3.40000000
 C	12.11994503 33.55517282 3.40000000
 C	14.54970694 33.94000930 3.40000000
 C	16.97946885 34.32484578 3.40000000
 C	-7.31764003 30.47656178 3.40000000
 C	-2.45828629 31.24620781 3.40000000
 C	19.40906068 34.70965532 3.40000000
 C	21.83882260 35.09449180 3.40000000
 C	24.26852781 35.47931930 3.40000000
 C	26.69817634 35.86413782 3.40000000
 C	29.12793825 36.24897430 3.40000000
 C	31.55770016 36.63381078 3.40000000
 C	33.98729200 37.01862033 3.40000000
 C	36.41705391 37.40345681 3.40000000
 C	38.84675913 37.78828431 3.40000000
 C	41.27640765 38.17310283 3.40000000
 C	43.70616956 38.55793931 3.40000000
 C	-9.74740194 30.09172530 3.40000000
 C	-0.02852437 31.63104429 3.40000000
 C	46.13593148 38.94277579 3.40000000
 C	48.56552331 39.32758533 3.40000000
 C	50.99528522 39.71242181 3.40000000
 C	53.42499044 40.09724932 3.40000000
 C	55.85463897 40.48206784 3.40000000
 C	-12.17699378 29.70691576 3.40000000
 C	2.40123754 32.01588077 3.40000000
 C	-14.60675569 29.32207928 3.40000000
 C	4.83082937 32.40069031 3.40000000
 C	5.93461760 33.29452041 3.40000000
 C	-6.21385180 31.37039188 3.40000000
 C	-3.78408989 31.75522836 3.40000000
 C	8.36437951 33.67935689 3.40000000
 C	10.79414143 34.06419337 3.40000000
 C	13.22373326 34.44900291 3.40000000
 C	15.65349517 34.83383939 3.40000000
 C	18.08308700 35.21864893 3.40000000
 C	20.51284892 35.60348541 3.40000000
 C	22.94261083 35.98832189 3.40000000
 C	25.37237274 36.37315837 3.40000000
 C	27.80196457 36.75796792 3.40000000
 C	30.23172648 37.14280440 3.40000000
 C	-8.64361371 30.98555540 3.40000000
 C	-1.35449805 32.14003790 3.40000000
 C	32.66131832 37.52761394 3.40000000
 C	35.09108023 37.91245042 3.40000000
 C	37.52084214 38.29728690 3.40000000
 C	39.95060405 38.68212338 3.40000000
 C	42.38019588 39.06693292 3.40000000
 C	44.80995780 39.45176940 3.40000000
 C	47.23954963 39.83657895 3.40000000
 C	49.66931154 40.22141543 3.40000000
 C	52.09907345 40.60625191 3.40000000
 C	54.52883537 40.99108839 3.40000000
 C	-11.07337562 30.60071892 3.40000000
 C	1.07526386 32.52487438 3.40000000
 C	56.95842720 41.37589793 3.40000000
 C	-13.50296745 30.21590937 3.40000000
 C	3.50485569 32.90968392 3.40000000
 C	5.71243216 34.69734409 3.40000000
 C	-6.43603724 32.77321556 3.40000000
 C	-4.00633202 33.15804307 3.40000000
 C	8.14219407 35.08218057 3.40000000
 C	10.57189929 35.46700807 3.40000000
 C	13.00154781 35.85182660 3.40000000
 C	15.43130973 36.23666308 3.40000000
 C	17.86107164 36.62149956 3.40000000
 C	20.29066347 37.00630910 3.40000000
 C	22.72042538 37.39114558 3.40000000
 C	25.15013060 37.77597308 3.40000000
 C	27.57977913 38.16079160 3.40000000
 C	30.00954104 38.54562808 3.40000000
 C	-8.86579916 32.38837908 3.40000000
 C	-1.57668350 33.54286159 3.40000000
 C	32.43930295 38.93046456 3.40000000
 C	34.86889478 39.31527411 3.40000000
 C	37.29865670 39.70011059 3.40000000
 C	39.72836191 40.08493809 3.40000000
 C	42.15801044 40.46975661 3.40000000
 C	44.58777235 40.85459309 3.40000000
 C	47.01753426 41.23942957 3.40000000
 C	49.44712610 41.62423911 3.40000000
 C	51.87688801 42.00907559 3.40000000
 C	54.30659323 42.39390310 3.40000000
 C	-11.29539099 32.00356954 3.40000000
 C	0.85307841 33.92769807 3.40000000
 C	56.73624175 42.77872162 3.40000000
 C	-13.72515290 31.61873306 3.40000000
 C	3.28284033 34.31253455 3.40000000
 C	-5.33224901 33.66704566 3.40000000
 C	6.81622039 35.59117418 3.40000000
 C	9.24598230 35.97601067 3.40000000
 C	11.67574421 36.36084715 3.40000000
 C	14.10533605 36.74565669 3.40000000
 C	16.53509796 37.13049317 3.40000000
 C	-7.76201092 33.28220918 3.40000000
 C	18.96468979 37.51530271 3.40000000
 C	-2.90248710 34.05188214 3.40000000
 C	21.39445170 37.90013919 3.40000000
 C	23.82421362 38.28497567 3.40000000
 C	26.25397553 38.66981215 3.40000000
 C	28.68356736 39.05462170 3.40000000
 C	31.11332927 39.43945818 3.40000000
 C	33.54292110 39.82426772 3.40000000
 C	35.97268302 40.20910420 3.40000000
 C	38.40244493 40.59394068 3.40000000
 C	40.83220684 40.97877716 3.40000000
 C	43.26179867 41.36358670 3.40000000
 C	-10.19177283 32.89737270 3.40000000
 C	-0.47289527 34.43669168 3.40000000
 C	45.69156058 41.74842318 3.40000000
 C	48.12115242 42.13323273 3.40000000
 C	50.55091433 42.51806921 3.40000000
 C	52.98067624 42.90290569 3.40000000
 C	55.41043815 43.28774217 3.40000000
 C	57.84002999 43.67255171 3.40000000
 C	-12.62136467 32.51256315 3.40000000
 C	1.95686665 34.82152816 3.40000000
 C	4.38645848 35.20633770 3.40000000
 C	-5.55445503 35.06981577 3.40000000
 C	6.59401437 36.99394429 3.40000000
 C	9.02377629 37.37878077 3.40000000
 C	11.45348150 37.76360828 3.40000000
 C	13.88313003 38.14842680 3.40000000
 C	16.31289194 38.53326328 3.40000000
 C	-7.98421694 34.68497929 3.40000000
 C	18.74265385 38.91809976 3.40000000
 C	-3.12474981 35.45464327 3.40000000
 C	21.17224569 39.30290930 3.40000000
 C	23.60200760 39.68774578 3.40000000
 C	26.03171282 40.07257328 3.40000000
 C	28.46136134 40.45739180 3.40000000
 C	30.89112326 40.84222828 3.40000000
 C	33.32088517 41.22706477 3.40000000
 C	35.75047700 41.61187431 3.40000000
 C	38.18023891 41.99671079 3.40000000
 C	40.60994413 42.38153829 3.40000000
 C	-10.41380877 34.30016974 3.40000000
 C	43.03959266 42.76635681 3.40000000
 C	-0.69510128 35.83946179 3.40000000
 C	45.46935457 43.15119329 3.40000000
 C	47.89911648 43.53602977 3.40000000
 C	50.32870831 43.92083932 3.40000000
 C	52.75847022 44.30567580 3.40000000
 C	55.18817544 44.69050330 3.40000000
 C	57.61782397 45.07532182 3.40000000
 C	-12.84357068 33.91533326 3.40000000
 C	1.73466063 36.22429827 3.40000000
 C	4.16442254 36.60913475 3.40000000
 C	5.26806127 37.50299148 3.40000000
 C	-6.88040813 35.57886296 3.40000000
 C	-4.45064622 35.96369944 3.40000000
 C	7.69782318 37.88782796 3.40000000
 C	10.12758509 38.27266444 3.40000000
 C	12.55734700 38.65750093 3.40000000
 C	14.98693883 39.04231047 3.40000000
 C	17.41670075 39.42714695 3.40000000
 C	19.84629258 39.81195649 3.40000000
 C	22.27605449 40.19679297 3.40000000
 C	24.70581640 40.58162945 3.40000000
 C	27.13557832 40.96646593 3.40000000
 C	29.56517015 41.35127548 3.40000000
 C	-9.31017005 35.19402648 3.40000000
 C	-2.02088431 36.34853592 3.40000000
 C	31.99493206 41.73611196 3.40000000
 C	34.42452389 42.12092150 3.40000000
 C	36.85428580 42.50575798 3.40000000
 C	39.28404772 42.89059446 3.40000000
 C	41.71380963 43.27543094 3.40000000
 C	44.14340146 43.66024048 3.40000000
 C	46.57316337 44.04507696 3.40000000
 C	49.00275520 44.42988651 3.40000000
 C	51.43251712 44.81472299 3.40000000
 C	53.86227903 45.19955947 3.40000000
 C	-11.73976188 34.80921693 3.40000000
 C	0.40870752 36.73334546 3.40000000
 C	56.29204094 45.58439595 3.40000000
 C	58.72163277 45.96920549 3.40000000
 C	2.83846943 37.11818194 3.40000000
 C	5.04598419 38.90568135 3.40000000
 C	-7.10265529 36.98152589 3.40000000
 C	-4.67289338 37.36636237 3.40000000
 C	7.47557602 39.29049090 3.40000000
 C	9.90533793 39.67532738 3.40000000
 C	12.33504315 40.06015488 3.40000000
 C	14.76469168 40.44497340 3.40000000
 C	17.19445359 40.82980988 3.40000000
 C	19.62421550 41.21464636 3.40000000
 C	22.05380733 41.59945590 3.40000000
 C	24.48356925 41.98429239 3.40000000
 C	26.91327446 42.36911989 3.40000000
 C	29.34292299 42.75393841 3.40000000
 C	-9.53224712 36.59671635 3.40000000
 C	-2.24318816 37.75118987 3.40000000
 C	31.77268490 43.13877489 3.40000000
 C	34.20244681 43.52361137 3.40000000
 C	36.63203865 43.90842091 3.40000000
 C	39.06180056 44.29325739 3.40000000
 C	41.49150578 44.67808489 3.40000000
 C	43.92115430 45.06290342 3.40000000
 C	46.35091622 45.44773990 3.40000000
 C	48.78067813 45.83257638 3.40000000
 C	51.21026996 46.21738592 3.40000000
 C	53.64003187 46.60222240 3.40000000
 C	-11.96200904 36.21187987 3.40000000
 C	0.18646036 38.13600839 3.40000000
 C	56.06973709 46.98704990 3.40000000
 C	58.49938562 47.37186842 3.40000000
 C	2.61622228 38.52084487 3.40000000
 C	-5.99886706 37.87535597 3.40000000
 C	6.14960234 39.79948450 3.40000000
 C	8.57936425 40.18432098 3.40000000
 C	11.00912617 40.56915746 3.40000000
 C	13.43888808 40.95399394 3.40000000
 C	15.86847991 41.33880348 3.40000000
 C	18.29824182 41.72363997 3.40000000
 C	-8.42862897 37.49051949 3.40000000
 C	-3.56910515 38.26019245 3.40000000
 C	20.72783366 42.10844951 3.40000000
 C	23.15759557 42.49328599 3.40000000
 C	25.58735748 42.87812247 3.40000000
 C	28.01711939 43.26295895 3.40000000
 C	30.44671122 43.64776849 3.40000000
 C	32.87647314 44.03260497 3.40000000
 C	35.30606497 44.41741452 3.40000000
 C	37.73582688 44.80225100 3.40000000
 C	40.16558879 45.18708748 3.40000000
 C	-10.85822080 37.10570995 3.40000000
 C	42.59535071 45.57192396 3.40000000
 C	-1.13934323 38.64502893 3.40000000
 C	45.02494254 45.95673350 3.40000000
 C	47.45470445 46.34156998 3.40000000
 C	49.88429628 46.72637952 3.40000000
 C	52.31405819 47.11121600 3.40000000
 C	54.74382011 47.49605248 3.40000000
 C	57.17358202 47.88088896 3.40000000
 C	1.29024860 39.02983848 3.40000000
 C	3.72001051 39.41467496 3.40000000
 H	-34.94590721 -30.96636628 3.40000000
 H	-32.51619878 -30.58153828 3.40000000
 H	-30.08643687 -30.19670179 3.40000000
 H	-27.65669279 -29.81186814 3.40000000
 H	-25.22708313 -29.42705577 3.40000000
 H	-22.79732122 -29.04221929 3.40000000
 H	-20.36767590 -28.65740127 3.40000000
 H	-17.93796747 -28.27257327 3.40000000
 H	-15.50820556 -27.88773679 3.40000000
 H	-13.07846147 -27.50290313 3.40000000
 H	-10.64885181 -27.11809076 3.40000000
 H	-8.21908990 -26.73325428 3.40000000
 H	-5.78944459 -26.34843626 3.40000000
 H	-3.35973616 -25.96360826 3.40000000
 H	-0.92997425 -25.57877178 3.40000000
 H	1.49976984 -25.19393812 3.40000000
 H	3.92937950 -24.80912576 3.40000000
 H	6.35914141 -24.42428928 3.40000000
 H	8.78878672 -24.03947125 3.40000000
 H	11.21849515 -23.65464325 3.40000000
 H	13.64825707 -23.26980677 3.40000000
 H	16.07800115 -22.88497312 3.40000000
 H	18.50761081 -22.50016075 3.40000000
 H	20.93737272 -22.11532427 3.40000000
 H	23.36701804 -21.73050625 3.40000000
 H	25.79672647 -21.34567825 3.40000000
 H	28.22648838 -20.96084177 3.40000000
 H	30.65623246 -20.57600811 3.40000000
 H	33.08584212 -20.19119574 3.40000000
 H	34.94633738 -18.68459639 3.40000000
 H	35.82792076 -16.38799316 3.40000000
 H	36.70948124 -14.09144959 3.40000000
 H	37.59108403 -11.79479581 3.40000000
 H	38.47267272 -9.49817877 3.40000000
 H	39.35422790 -7.20164901 3.40000000
 H	40.23583069 -4.90499523 3.40000000
 H	41.11741406 -2.60839200 3.40000000
 H	41.99897454 -0.31184843 3.40000000
 H	42.88057733 1.98480535 3.40000000
 H	43.76216602 4.28142239 3.40000000
 H	44.64372120 6.57795215 3.40000000
 H	45.52532399 8.87460593 3.40000000
 H	46.40690737 11.17120916 3.40000000
 H	47.28846785 13.46775273 3.40000000
 H	48.17007063 15.76440651 3.40000000
 H	49.05165932 18.06102356 3.40000000
 H	49.93321451 20.35755331 3.40000000
 H	50.81481730 22.65420709 3.40000000
 H	51.69640067 24.95081032 3.40000000
 H	52.57796115 27.24735390 3.40000000
 H	53.45956394 29.54400768 3.40000000
 H	54.34115263 31.84062472 3.40000000
 H	55.22270781 34.13715447 3.40000000
 H	56.10431060 36.43380825 3.40000000
 H	56.98589398 38.73041148 3.40000000
 H	57.86745445 41.02695506 3.40000000
 H	58.74905724 43.32360884 3.40000000
 H	59.63064593 45.62022588 3.40000000
 H	59.25609264 47.98463769 3.40000000
 H	57.02122291 48.84259495 3.40000000
 H	54.59149987 48.45776462 3.40000000
 H	52.16173796 48.07292814 3.40000000
 H	49.73209264 47.68811012 3.40000000
 H	47.30238421 47.30328212 3.40000000
 H	44.87262230 46.91844564 3.40000000
 H	42.44299160 46.53362994 3.40000000
 H	40.01326855 46.14879961 3.40000000
 H	37.58350664 45.76396313 3.40000000
 H	35.15386133 45.37914511 3.40000000
 H	32.72415290 44.99431711 3.40000000
 H	30.29439099 44.60948063 3.40000000
 H	27.86476029 44.22466493 3.40000000
 H	25.43503724 43.83983461 3.40000000
 H	23.00527533 43.45499813 3.40000000
 H	20.57563002 43.07018010 3.40000000
 H	18.14592158 42.68535210 3.40000000
 H	15.71615967 42.30051562 3.40000000
 H	13.28652898 41.91569992 3.40000000
 H	10.85680593 41.53086960 3.40000000
 H	8.42704402 41.14603312 3.40000000
 H	5.99739870 40.76121509 3.40000000
 H	3.56769027 40.37638710 3.40000000
 H	1.13792836 39.99155061 3.40000000
 H	-1.29170234 39.60673492 3.40000000
 H	-3.72142538 39.22190459 3.40000000
 H	-6.15118730 38.83706811 3.40000000
 H	-8.58083261 38.45225009 3.40000000
 H	-11.01054104 38.06742209 3.40000000
 H	-12.87103630 36.56082274 3.40000000
 H	-13.75258384 34.26431287 3.40000000
 H	-14.63418016 31.96767593 3.40000000
 H	-15.51578294 29.67102215 3.40000000
 H	-16.39736633 27.37441892 3.40000000
 H	-17.27892682 25.07787536 3.40000000
 H	-18.16052961 22.78122158 3.40000000
 H	-19.04207715 20.48471171 3.40000000
 H	-19.92367346 18.18807477 3.40000000
 H	-20.80527625 15.89142099 3.40000000
 H	-21.68685963 13.59481776 3.40000000
 H	-22.56842012 11.29827420 3.40000000
 H	-23.45002291 9.00162042 3.40000000
 H	-24.33157045 6.70511055 3.40000000
 H	-25.21316676 4.40847361 3.40000000
 H	-26.09476955 2.11181983 3.40000000
 H	-26.97635294 -0.18478340 3.40000000
 H	-27.85791343 -2.48132697 3.40000000
 H	-28.73951621 -4.77798075 3.40000000
 H	-29.62106375 -7.07449061 3.40000000
 H	-30.50266007 -9.37112755 3.40000000
 H	-31.38426285 -11.66778133 3.40000000
 H	-32.26584624 -13.96438456 3.40000000
 H	-33.14740673 -16.26092813 3.40000000
 H	-34.02900952 -18.55758191 3.40000000
 H	-34.91055706 -20.85409177 3.40000000
 H	-35.79215337 -23.15072871 3.40000000
 H	-36.67375616 -25.44738249 3.40000000
 H	-37.55533954 -27.74398572 3.40000000
 H	-37.18079156 -30.10841134 3.40000000
