 C	9.43407597 -22.22529018 3.40000000
 C	-1.88804315 -27.03124461 3.40000000
 C	20.75630076 -17.41929089 3.40000000
 C	-4.15253038 -27.99246241 3.40000000
 C	23.02068231 -16.45811795 3.40000000
 C	-6.41691194 -28.95363536 3.40000000
 C	25.28516954 -15.49690015 3.40000000
 C	-8.68134633 -29.91483073 3.40000000
 C	27.54965677 -14.53568235 3.40000000
 C	-10.94583356 -30.87604853 3.40000000
 C	29.81398549 -13.57453183 3.40000000
 C	7.16969441 -23.18646313 3.40000000
 C	-13.21016227 -31.83719905 3.40000000
 C	32.07847272 -12.61331403 3.40000000
 C	11.69856319 -21.26407238 3.40000000
 C	-15.47464950 -32.79841685 3.40000000
 C	34.34290711 -11.65211866 3.40000000
 C	-17.73913673 -33.75963465 3.40000000
 C	36.60728866 -10.69094572 3.40000000
 C	-20.00351829 -34.72080759 3.40000000
 C	-22.26795268 -35.68200296 3.40000000
 C	-24.53243991 -36.64322076 3.40000000
 C	-26.79676862 -37.60437128 3.40000000
 C	4.90526002 -24.14765850 3.40000000
 C	13.96305042 -20.30285458 3.40000000
 C	2.64077279 -25.10887630 3.40000000
 C	16.22737914 -19.34170407 3.40000000
 C	0.37644407 -26.07002681 3.40000000
 C	18.49186637 -18.38048627 3.40000000
 C	-1.03327922 -25.89693456 3.40000000
 C	19.34663031 -17.24617621 3.40000000
 C	8.02451119 -22.05213065 3.40000000
 C	10.28883990 -21.09098013 3.40000000
 C	-3.29776645 -26.85815236 3.40000000
 C	21.61111753 -16.28495841 3.40000000
 C	-5.56209516 -27.81930288 3.40000000
 C	23.87544625 -15.32380790 3.40000000
 C	-7.82658239 -28.78052068 3.40000000
 C	26.13993348 -14.36259010 3.40000000
 C	-10.09106962 -29.74173848 3.40000000
 C	28.40426220 -13.40143958 3.40000000
 C	-12.35555685 -30.70295628 3.40000000
 C	30.66874943 -12.44022178 3.40000000
 C	-14.61988556 -31.66410680 3.40000000
 C	32.93323665 -11.47900398 3.40000000
 C	-16.88437279 -32.62532460 3.40000000
 C	35.19772388 -10.51778618 3.40000000
 C	-19.14870151 -33.58647511 3.40000000
 C	37.46205260 -9.55663567 3.40000000
 C	-21.41318874 -34.54769291 3.40000000
 C	-23.67767597 -35.50891071 3.40000000
 C	5.76002396 -23.01334845 3.40000000
 C	12.55332713 -20.12976233 3.40000000
 C	-25.94216320 -36.47012851 3.40000000
 C	-28.20649191 -37.43127903 3.40000000
 C	3.49553673 -23.97456625 3.40000000
 C	14.81765585 -19.16861181 3.40000000
 C	1.23104950 -24.93578405 3.40000000
 C	17.08214308 -18.20739401 3.40000000
 C	-1.58823857 -24.58953225 3.40000000
 C	18.79167095 -15.93877390 3.40000000
 C	7.46949899 -20.74475076 3.40000000
 C	9.73388055 -19.78357782 3.40000000
 C	-3.85272580 -25.55075005 3.40000000
 C	21.05610534 -14.97757853 3.40000000
 C	-6.11710736 -26.51192299 3.40000000
 C	23.32048689 -14.01640558 3.40000000
 C	-8.38154175 -27.47311837 3.40000000
 C	25.58497412 -13.05518778 3.40000000
 C	-10.64602898 -28.43433617 3.40000000
 C	27.84946135 -12.09396998 3.40000000
 C	-12.91035769 -29.39548668 3.40000000
 C	30.11379007 -11.13281947 3.40000000
 C	-15.17484492 -30.35670448 3.40000000
 C	32.37827730 -10.17160167 3.40000000
 C	-17.43933215 -31.31792228 3.40000000
 C	34.64271169 -9.21040630 3.40000000
 C	-19.70371370 -32.27909523 3.40000000
 C	36.90709324 -8.24923335 3.40000000
 C	-21.96814810 -33.24029060 3.40000000
 C	-24.23263532 -34.20150840 3.40000000
 C	5.20506460 -21.70594613 3.40000000
 C	11.99836777 -18.82236002 3.40000000
 C	-26.49696404 -35.16265891 3.40000000
 C	-28.76145127 -36.12387671 3.40000000
 C	2.94057737 -22.66716393 3.40000000
 C	14.26285500 -17.86114222 3.40000000
 C	0.67624866 -23.62831445 3.40000000
 C	16.52718372 -16.89999170 3.40000000
 C	8.32429478 -19.61058920 3.40000000
 C	-2.99798285 -24.41661091 3.40000000
 C	19.64641390 -14.80463477 3.40000000
 C	-5.26231157 -25.37776143 3.40000000
 C	21.91090113 -13.84341697 3.40000000
 C	-7.52679880 -26.33897923 3.40000000
 C	24.17522985 -12.88226645 3.40000000
 C	-9.79128602 -27.30019703 3.40000000
 C	26.43971708 -11.92104865 3.40000000
 C	28.70404579 -10.95989813 3.40000000
 C	-12.05577325 -28.26141483 3.40000000
 C	6.05980755 -20.57180700 3.40000000
 C	10.58862350 -18.64943868 3.40000000
 C	-14.32010197 -29.22256535 3.40000000
 C	30.96853302 -9.99868033 3.40000000
 C	-16.58458920 -30.18378315 3.40000000
 C	33.23302025 -9.03746253 3.40000000
 C	-18.84891791 -31.14493366 3.40000000
 C	35.49750748 -8.07624473 3.40000000
 C	-21.11340514 -32.10615146 3.40000000
 C	37.76183620 -7.11509422 3.40000000
 C	-23.37789237 -33.06736926 3.40000000
 C	-25.64237960 -34.02858706 3.40000000
 C	-27.90670832 -34.98973758 3.40000000
 C	3.79532032 -21.53302480 3.40000000
 C	12.85311073 -17.68822088 3.40000000
 C	15.11743944 -16.72707037 3.40000000
 C	1.53083310 -22.49424260 3.40000000
 C	-0.73349562 -23.45539311 3.40000000
 C	17.38192667 -15.76585257 3.40000000
 C	7.76928259 -18.30320931 3.40000000
 C	-3.55294221 -23.10920860 3.40000000
 C	19.09145454 -13.49723245 3.40000000
 C	-5.81732376 -24.07038155 3.40000000
 C	21.35588894 -12.53603708 3.40000000
 C	-8.08175815 -25.03157692 3.40000000
 C	23.62027049 -11.57486414 3.40000000
 C	-10.34624538 -25.99279472 3.40000000
 C	25.88475772 -10.61364634 3.40000000
 C	-12.61057410 -26.95394523 3.40000000
 C	28.14924495 -9.65242854 3.40000000
 C	5.50484820 -19.26440469 3.40000000
 C	10.03366414 -17.34203637 3.40000000
 C	-14.87506133 -27.91516303 3.40000000
 C	30.41357366 -8.69127802 3.40000000
 C	-17.13954855 -28.87638083 3.40000000
 C	32.67806089 -7.73006022 3.40000000
 C	-19.40393011 -29.83755378 3.40000000
 C	34.94249528 -6.76886485 3.40000000
 C	-21.66836450 -30.79874915 3.40000000
 C	37.20687684 -5.80769190 3.40000000
 C	-23.93285173 -31.75996695 3.40000000
 C	-26.19718045 -32.72111747 3.40000000
 C	-28.46166767 -33.68233527 3.40000000
 C	3.24036097 -20.22562249 3.40000000
 C	12.29815137 -16.38081857 3.40000000
 C	0.97603225 -21.18677300 3.40000000
 C	14.56263860 -15.41960077 3.40000000
 C	-1.28845498 -22.14799080 3.40000000
 C	16.82696732 -14.45845025 3.40000000
 C	-2.69817827 -21.97489854 3.40000000
 C	17.68173125 -13.32414019 3.40000000
 C	6.35961213 -18.13009462 3.40000000
 C	8.62409936 -17.16887682 3.40000000
 C	-4.96250699 -22.93604906 3.40000000
 C	19.94621848 -12.36292239 3.40000000
 C	-7.22699422 -23.89726686 3.40000000
 C	22.21070571 -11.40170459 3.40000000
 C	-9.49148145 -24.85848466 3.40000000
 C	24.47503442 -10.44055408 3.40000000
 C	-11.75596867 -25.81970246 3.40000000
 C	26.73952165 -9.47933628 3.40000000
 C	-14.02029739 -26.78085297 3.40000000
 C	29.00385037 -8.51818576 3.40000000
 C	-16.28478462 -27.74207077 3.40000000
 C	31.26833760 -7.55696796 3.40000000
 C	-18.54911334 -28.70322129 3.40000000
 C	33.53282483 -6.59575016 3.40000000
 C	-20.81360057 -29.66443909 3.40000000
 C	35.79731206 -5.63453236 3.40000000
 C	-23.07808779 -30.62565689 3.40000000
 C	38.06164077 -4.67338184 3.40000000
 C	-25.34257502 -31.58687469 3.40000000
 C	4.09512490 -19.09131242 3.40000000
 C	10.88842808 -16.20772631 3.40000000
 C	-27.60690374 -32.54802521 3.40000000
 C	1.83063767 -20.05253022 3.40000000
 C	13.15291530 -15.24650851 3.40000000
 C	-0.43369104 -21.01368074 3.40000000
 C	15.41724402 -14.28535799 3.40000000
 C	-3.25313762 -20.66749624 3.40000000
 C	17.12677190 -12.01673789 3.40000000
 C	5.80465278 -16.82269232 3.40000000
 C	8.06908717 -15.86149695 3.40000000
 C	-5.51751918 -21.62866918 3.40000000
 C	19.39125913 -11.05552009 3.40000000
 C	-7.78195357 -22.58986455 3.40000000
 C	21.65569352 -10.09432472 3.40000000
 C	-10.04644080 -23.55108235 3.40000000
 C	23.92007507 -9.13315177 3.40000000
 C	-12.31076952 -24.51223287 3.40000000
 C	26.18456230 -8.17193397 3.40000000
 C	-14.57525674 -25.47345067 3.40000000
 C	28.44904953 -7.21071617 3.40000000
 C	-16.83974397 -26.43466847 3.40000000
 C	30.71337825 -6.24956566 3.40000000
 C	-19.10412553 -27.39584141 3.40000000
 C	32.97786547 -5.28834786 3.40000000
 C	-21.36855992 -28.35703679 3.40000000
 C	35.24229987 -4.32715248 3.40000000
 C	-23.63304715 -29.31825459 3.40000000
 C	37.50668142 -3.36597954 3.40000000
 C	-25.89737586 -30.27940510 3.40000000
 C	3.54016555 -17.78391012 3.40000000
 C	10.33346872 -14.90032400 3.40000000
 C	-28.16186309 -31.24062290 3.40000000
 C	1.27583683 -18.74506064 3.40000000
 C	12.59795595 -13.93910620 3.40000000
 C	-0.98865040 -19.70627844 3.40000000
 C	14.86244318 -12.97788840 3.40000000
 C	6.65941671 -15.68838226 3.40000000
 C	-4.66270241 -20.49433669 3.40000000
 C	17.98153583 -10.88242783 3.40000000
 C	-6.92718964 -21.45555449 3.40000000
 C	20.24602306 -9.92121003 3.40000000
 C	-9.19167686 -22.41677229 3.40000000
 C	22.51051029 -8.95999223 3.40000000
 C	-11.45616409 -23.37799009 3.40000000
 C	24.77483901 -7.99884171 3.40000000
 C	-13.72049281 -24.33914061 3.40000000
 C	27.03932623 -7.03762391 3.40000000
 C	4.39492948 -16.64960006 3.40000000
 C	-15.98498004 -25.30035841 3.40000000
 C	29.30365495 -6.07647339 3.40000000
 C	8.92390394 -14.72716446 3.40000000
 C	-18.24930876 -26.26150892 3.40000000
 C	31.56814218 -5.11525559 3.40000000
 C	-20.51379598 -27.22272672 3.40000000
 C	33.83262941 -4.15403779 3.40000000
 C	-22.77828321 -28.18394452 3.40000000
 C	36.09711664 -3.19281999 3.40000000
 C	-25.04277044 -29.14516233 3.40000000
 C	38.36144535 -2.23166948 3.40000000
 C	-27.30709916 -30.10631284 3.40000000
 C	2.13044226 -17.61081786 3.40000000
 C	11.18823266 -13.76601394 3.40000000
 C	-0.13388646 -18.57196838 3.40000000
 C	13.45271989 -12.80479614 3.40000000
 C	-2.39837369 -19.53318618 3.40000000
 C	15.71704860 -11.84364563 3.40000000
 C	6.10445036 -14.38103692 3.40000000
 C	-5.21772160 -19.18701378 3.40000000
 C	17.42656948 -9.57508249 3.40000000
 C	-7.48215599 -20.14820915 3.40000000
 C	19.69105671 -8.61386469 3.40000000
 C	-9.74664322 -21.10942695 3.40000000
 C	21.95549110 -7.65266931 3.40000000
 C	-12.01097193 -22.07057747 3.40000000
 C	24.21987265 -6.69149637 3.40000000
 C	-14.27545916 -23.03179527 3.40000000
 C	26.48435988 -5.73027857 3.40000000
 C	-16.53994639 -23.99301307 3.40000000
 C	3.83996313 -15.34225472 3.40000000
 C	28.74884711 -4.76906077 3.40000000
 C	8.36888475 -13.41984155 3.40000000
 C	-18.80432794 -24.95418601 3.40000000
 C	31.01317583 -3.80791025 3.40000000
 C	-21.06876234 -25.91538138 3.40000000
 C	33.27766306 -2.84669245 3.40000000
 C	-23.33324956 -26.87659918 3.40000000
 C	35.54209745 -1.88549708 3.40000000
 C	-25.59757828 -27.83774970 3.40000000
 C	37.80647900 -0.92432414 3.40000000
 C	-27.86206551 -28.79896750 3.40000000
 C	1.57563441 -16.30340524 3.40000000
 C	10.63326631 -12.45866860 3.40000000
 C	-0.68885281 -17.26462304 3.40000000
 C	12.89775353 -11.49745080 3.40000000
 C	-2.95334004 -18.22584084 3.40000000
 C	15.16224076 -10.53623300 3.40000000
 C	-4.36289783 -18.05262433 3.40000000
 C	16.01685318 -9.40193326 3.40000000
 C	4.69473407 -14.20788770 3.40000000
 C	6.95922129 -13.24666990 3.40000000
 C	-6.62738505 -19.01384213 3.40000000
 C	18.28134041 -8.44071546 3.40000000
 C	-8.89187228 -19.97505993 3.40000000
 C	20.54582764 -7.47949766 3.40000000
 C	-11.15635951 -20.93627773 3.40000000
 C	22.81031487 -6.51827986 3.40000000
 C	-13.42068823 -21.89742824 3.40000000
 C	25.07464359 -5.55712935 3.40000000
 C	-15.68517546 -22.85864604 3.40000000
 C	27.33913082 -4.59591155 3.40000000
 C	-17.94950417 -23.81979656 3.40000000
 C	29.60345953 -3.63476103 3.40000000
 C	-20.21399140 -24.78101436 3.40000000
 C	31.86794676 -2.67354323 3.40000000
 C	-22.47847863 -25.74223216 3.40000000
 C	34.13243399 -1.71232543 3.40000000
 C	-24.74296586 -26.70344996 3.40000000
 C	36.39692122 -0.75110763 3.40000000
 C	-27.00729458 -27.66460048 3.40000000
 C	38.66124994 0.21004289 3.40000000
 C	2.43024684 -15.16910550 3.40000000
 C	9.22370852 -12.28545210 3.40000000
 C	0.16591812 -16.13025601 3.40000000
 C	11.48803724 -11.32430158 3.40000000
 C	-2.09856911 -17.09147381 3.40000000
 C	13.75252447 -10.36308378 3.40000000
 C	-4.91793101 -16.74541536 3.40000000
 C	15.46203135 -8.09463458 3.40000000
 C	4.13975372 -12.90065630 3.40000000
 C	6.40424095 -11.93943850 3.40000000
 C	-7.18236540 -17.70661073 3.40000000
 C	17.72636007 -7.13348407 3.40000000
 C	-9.44685263 -18.66782853 3.40000000
 C	19.99084730 -6.17226627 3.40000000
 C	-11.71118134 -19.62897905 3.40000000
 C	22.25528169 -5.21107089 3.40000000
 C	-13.97566857 -20.59019685 3.40000000
 C	24.51966325 -4.24989795 3.40000000
 C	-16.24015580 -21.55141465 3.40000000
 C	26.78415047 -3.28868015 3.40000000
 C	-18.50453735 -22.51258759 3.40000000
 C	29.04863770 -2.32746235 3.40000000
 C	-20.76897174 -23.47378296 3.40000000
 C	31.31296642 -1.36631183 3.40000000
 C	-23.03345897 -24.43500076 3.40000000
 C	33.57745365 -0.40509403 3.40000000
 C	-25.29778769 -25.39615128 3.40000000
 C	35.84188804 0.55610134 3.40000000
 C	-27.56227492 -26.35736908 3.40000000
 C	38.10626959 1.51727428 3.40000000
 C	1.87542501 -13.86180682 3.40000000
 C	8.66867534 -10.97824313 3.40000000
 C	-0.38906222 -14.82302462 3.40000000
 C	10.93305690 -10.01707018 3.40000000
 C	-2.65354945 -15.78424242 3.40000000
 C	13.19754413 -9.05585238 3.40000000
 C	4.99451766 -11.76634625 3.40000000
 C	-6.32760146 -16.57230068 3.40000000
 C	16.31663678 -6.96039181 3.40000000
 C	-8.59208869 -17.53351848 3.40000000
 C	18.58112401 -5.99917401 3.40000000
 C	-10.85657592 -18.49473628 3.40000000
 C	20.84561124 -5.03795621 3.40000000
 C	-13.12090463 -19.45588680 3.40000000
 C	23.11009847 -4.07673841 3.40000000
 C	-15.38539186 -20.41710460 3.40000000
 C	25.37442718 -3.11558790 3.40000000
 C	-17.64972058 -21.37825511 3.40000000
 C	27.63891441 -2.15437010 3.40000000
 C	2.73003043 -12.72756405 3.40000000
 C	7.25900489 -10.80512845 3.40000000
 C	-19.91420781 -22.33947291 3.40000000
 C	29.90324313 -1.19321958 3.40000000
 C	-22.17869504 -23.30069071 3.40000000
 C	32.16773036 -0.23200178 3.40000000
 C	-24.44318226 -24.26190851 3.40000000
 C	34.43221759 0.72921602 3.40000000
 C	-26.70751098 -25.22305903 3.40000000
 C	36.69670481 1.69043382 3.40000000
 C	38.96103353 2.65158433 3.40000000
 C	0.46570172 -13.68871456 3.40000000
 C	9.52349212 -9.84391065 3.40000000
 C	-1.79878551 -14.64993236 3.40000000
 C	11.78782083 -8.88276013 3.40000000
 C	-4.06311423 -15.61108288 3.40000000
 C	14.05230806 -7.92154233 3.40000000
 C	4.43955830 -10.45894393 3.40000000
 C	-6.88256082 -15.26489837 3.40000000
 C	15.76183594 -5.65292222 3.40000000
 C	-9.14704804 -16.22611617 3.40000000
 C	18.02616465 -4.69177170 3.40000000
 C	-11.41137676 -17.18726668 3.40000000
 C	20.29065188 -3.73055390 3.40000000
 C	-13.67586399 -18.14848448 3.40000000
 C	22.55508627 -2.76935853 3.40000000
 C	-15.94035122 -19.10970228 3.40000000
 C	24.81946783 -1.80818559 3.40000000
 C	2.17522959 -11.42009445 3.40000000
 C	-18.20473277 -20.07087523 3.40000000
 C	27.08395505 -0.84696779 3.40000000
 C	6.70404553 -9.49772613 3.40000000
 C	-20.46916716 -21.03207060 3.40000000
 C	29.34844228 0.11425001 3.40000000
 C	-22.73365439 -21.99328840 3.40000000
 C	31.61277100 1.07540053 3.40000000
 C	-24.99798311 -22.95443892 3.40000000
 C	33.87725823 2.03661833 3.40000000
 C	-27.26247034 -23.91565672 3.40000000
 C	36.14169262 2.99781370 3.40000000
 C	38.40607417 3.95898665 3.40000000
 C	-0.08925764 -12.38131225 3.40000000
 C	8.96847992 -8.53653076 3.40000000
 C	-2.35374487 -13.34253005 3.40000000
 C	11.23286148 -7.57535782 3.40000000
 C	-4.61812642 -14.30370299 3.40000000
 C	13.49734871 -6.61414002 3.40000000
 C	-6.02779688 -14.13058832 3.40000000
 C	14.35211264 -5.47982997 3.40000000
 C	3.02983501 -10.28585168 3.40000000
 C	5.29432224 -9.32463388 3.40000000
 C	-8.29228411 -15.09180612 3.40000000
 C	16.61644136 -4.51867945 3.40000000
 C	-10.55677133 -16.05302392 3.40000000
 C	18.88092859 -3.55746165 3.40000000
 C	-12.82110005 -17.01417443 3.40000000
 C	21.14541582 -2.59624385 3.40000000
 C	-15.08558728 -17.97539223 3.40000000
 C	23.40990305 -1.63502605 3.40000000
 C	-17.34991600 -18.93654275 3.40000000
 C	25.67423176 -0.67387553 3.40000000
 C	-19.61440323 -19.89776055 3.40000000
 C	27.93871899 0.28734227 3.40000000
 C	-21.87889045 -20.85897835 3.40000000
 C	30.20304771 1.24849278 3.40000000
 C	-24.14337768 -21.82019615 3.40000000
 C	32.46753494 2.20971058 3.40000000
 C	-26.40770640 -22.78134666 3.40000000
 C	34.73202217 3.17092838 3.40000000
 C	36.99650940 4.13214618 3.40000000
 C	0.76550630 -11.24700220 3.40000000
 C	7.55880947 -8.36341608 3.40000000
 C	39.26083811 5.09329670 3.40000000
 C	-1.49898093 -12.20822000 3.40000000
 C	9.82329670 -7.40219828 3.40000000
 C	-3.76330965 -13.16937052 3.40000000
 C	12.08762542 -6.44104777 3.40000000
 C	-6.58275623 -12.82318600 3.40000000
 C	13.79715329 -4.17242765 3.40000000
 C	2.47503417 -8.97838209 3.40000000
 C	4.73936289 -8.01723157 3.40000000
 C	-8.84724346 -13.78440380 3.40000000
 C	16.06164052 -3.21120985 3.40000000
 C	-11.11157218 -14.74555432 3.40000000
 C	18.32596923 -2.25005934 3.40000000
 C	-13.37605941 -15.70677212 3.40000000
 C	20.59045646 -1.28884154 3.40000000
 C	-15.64054664 -16.66798992 3.40000000
 C	22.85489085 -0.32764617 3.40000000
 C	-17.90492819 -17.62916286 3.40000000
 C	25.11927241 0.63352678 3.40000000
 C	-20.16936258 -18.59035823 3.40000000
 C	27.38375964 1.59474458 3.40000000
 C	-22.43384981 -19.55157603 3.40000000
 C	29.64824686 2.55596238 3.40000000
 C	-24.69817853 -20.51272655 3.40000000
 C	31.91257558 3.51711290 3.40000000
 C	-26.96266576 -21.47394435 3.40000000
 C	34.17706281 4.47833070 3.40000000
 C	36.44149720 5.43952607 3.40000000
 C	0.21054694 -9.93959989 3.40000000
 C	7.00385011 -7.05601377 3.40000000
 C	38.70587876 6.40069901 3.40000000
 C	-2.05394029 -10.90081769 3.40000000
 C	9.26828451 -6.09481840 3.40000000
 C	-4.31832184 -11.86199063 3.40000000
 C	11.53266606 -5.13364545 3.40000000
 C	3.32961861 -7.84431023 3.40000000
 C	-7.99250051 -12.65026467 3.40000000
 C	14.65189624 -3.03828852 3.40000000
 C	16.91622496 -2.07713800 3.40000000
 C	-10.25698774 -13.61148247 3.40000000
 C	-12.52131646 -14.57263298 3.40000000
 C	19.18071219 -1.11592020 3.40000000
 C	-14.78580368 -15.53385078 3.40000000
 C	21.44519941 -0.15470240 3.40000000
 C	-17.05013240 -16.49500130 3.40000000
 C	23.70968664 0.80651540 3.40000000
 C	1.06528989 -8.80546075 3.40000000
 C	5.59410584 -6.88309243 3.40000000
 C	-19.31461963 -17.45621910 3.40000000
 C	25.97401536 1.76766591 3.40000000
 C	-21.57910686 -18.41743690 3.40000000
 C	28.23850259 2.72888371 3.40000000
 C	30.50283131 3.69003423 3.40000000
 C	-23.84359409 -19.37865470 3.40000000
 C	-26.10792280 -20.33980522 3.40000000
 C	32.76731853 4.65125203 3.40000000
 C	35.03180576 5.61246983 3.40000000
 C	37.29629299 6.57368763 3.40000000
 C	39.56062171 7.53483815 3.40000000
 C	-1.19919734 -9.76667855 3.40000000
 C	7.85859307 -5.92187463 3.40000000
 C	-3.46352605 -10.72782907 3.40000000
 C	10.12308029 -4.96065683 3.40000000
 C	-5.72801328 -11.68904687 3.40000000
 C	12.38740901 -3.99950632 3.40000000
 C	2.77481776 -6.53684064 3.40000000
 C	-8.54745987 -11.34286235 3.40000000
 C	14.09693688 -1.73088621 3.40000000
 C	-10.81178858 -12.30401287 3.40000000
 C	16.36142411 -0.76966841 3.40000000
 C	-13.07627581 -13.26523067 3.40000000
 C	18.62575283 0.19148211 3.40000000
 C	-15.34076304 -14.22644847 3.40000000
 C	20.89024006 1.15269991 3.40000000
 C	-17.60514460 -15.18762141 3.40000000
 C	23.15467445 2.11389528 3.40000000
 C	0.51033054 -7.49805844 3.40000000
 C	5.03914648 -5.57569012 3.40000000
 C	-19.86957899 -16.14881679 3.40000000
 C	25.41905600 3.07506823 3.40000000
 C	-22.13406621 -17.11003459 3.40000000
 C	27.68354323 4.03628603 3.40000000
 C	-24.39839493 -18.07118510 3.40000000
 C	29.94803046 4.99750383 3.40000000
 C	-26.66288216 -19.03240290 3.40000000
 C	32.21235918 5.95865434 3.40000000
 C	34.47684641 6.91987214 3.40000000
 C	36.74128080 7.88106752 3.40000000
 C	39.00566235 8.84224046 3.40000000
 C	-1.75415669 -8.45927624 3.40000000
 C	7.30363371 -4.61447232 3.40000000
 C	-4.01853825 -9.42044918 3.40000000
 C	9.56806810 -3.65327695 3.40000000
 C	-6.28297264 -10.38164455 3.40000000
 C	11.83244966 -2.69210401 3.40000000
 C	-7.69269593 -10.20855229 3.40000000
 C	12.68721359 -1.55779394 3.40000000
 C	1.36509447 -6.36374838 3.40000000
 C	3.62942319 -5.40259786 3.40000000
 C	-9.95718316 -11.16977009 3.40000000
 C	14.95170082 -0.59657614 3.40000000
 C	-12.22151188 -12.13092061 3.40000000
 C	17.21602954 0.36457437 3.40000000
 C	-14.48599911 -13.09213841 3.40000000
 C	19.48051676 1.32579217 3.40000000
 C	-16.75032782 -14.05328893 3.40000000
 C	21.74500399 2.28700997 3.40000000
 C	-19.01481505 -15.01450673 3.40000000
 C	24.00949122 3.24822777 3.40000000
 C	-21.27930228 -15.97572453 3.40000000
 C	26.27381994 4.20937829 3.40000000
 C	-23.54378951 -16.93694233 3.40000000
 C	28.53830717 5.17059609 3.40000000
 C	-25.80811823 -17.89809284 3.40000000
 C	30.80263588 6.13174660 3.40000000
 C	33.06712311 7.09296440 3.40000000
 C	35.33161034 8.05418220 3.40000000
 C	-0.89939276 -7.32496618 3.40000000
 C	5.89391042 -4.44138006 3.40000000
 C	37.59609757 9.01540000 3.40000000
 C	39.86042629 9.97655052 3.40000000
 C	-3.16372148 -8.28611669 3.40000000
 C	8.15839764 -3.48016226 3.40000000
 C	-5.42820870 -9.24733449 3.40000000
 C	10.42288487 -2.51894446 3.40000000
 C	-8.24765529 -8.90114999 3.40000000
 C	12.13225424 -0.25039164 3.40000000
 C	0.81013512 -5.05634607 3.40000000
 C	3.07462235 -4.09512827 3.40000000
 C	-10.51198400 -9.86230051 3.40000000
 C	14.39674147 0.71082616 3.40000000
 C	-12.77647123 -10.82351831 3.40000000
 C	16.66122869 1.67204396 3.40000000
 C	-15.04095846 -11.78473611 3.40000000
 C	18.92555741 2.63319448 3.40000000
 C	-17.30534001 -12.74590905 3.40000000
 C	21.19004464 3.59441228 3.40000000
 C	-19.56977440 -13.70710442 3.40000000
 C	23.45447903 4.55560765 3.40000000
 C	-21.83426163 -14.66832222 3.40000000
 C	25.71886059 5.51678059 3.40000000
 C	-24.09859035 -15.62947274 3.40000000
 C	27.98334781 6.47799839 3.40000000
 C	-26.36307758 -16.59069054 3.40000000
 C	30.24783504 7.43921619 3.40000000
 C	32.51216376 8.40036671 3.40000000
 C	34.77665099 9.36158451 3.40000000
 C	-1.45435211 -6.01756387 3.40000000
 C	5.33895106 -3.13397776 3.40000000
 C	37.04108538 10.32277988 3.40000000
 C	39.30546693 11.28395282 3.40000000
 C	-3.71873367 -6.97873682 3.40000000
 C	7.60343829 -2.17275996 3.40000000
 C	-5.98316806 -7.93993219 3.40000000
 C	9.86787268 -1.21156459 3.40000000
 C	1.66489905 -3.92203601 3.40000000
 C	-9.65737858 -8.72805773 3.40000000
 C	12.98701817 0.88391842 3.40000000
 C	-11.92170730 -9.68920825 3.40000000
 C	15.25150540 1.84513622 3.40000000
 C	-14.18619453 -10.65042605 3.40000000
 C	17.51583412 2.80628674 3.40000000
 C	-16.45052324 -11.61157656 3.40000000
 C	19.78032135 3.76750454 3.40000000
 C	-18.71501047 -12.57279436 3.40000000
 C	22.04480857 4.72872234 3.40000000
 C	-0.59958818 -4.88325381 3.40000000
 C	3.92922777 -2.96088550 3.40000000
 C	-20.97949770 -13.53401216 3.40000000
 C	24.30929580 5.68994014 3.40000000
 C	-23.24398493 -14.49522996 3.40000000
 C	26.57362452 6.65109065 3.40000000
 C	-25.50831365 -15.45638048 3.40000000
 C	28.83811175 7.61230845 3.40000000
 C	31.10244046 8.57345897 3.40000000
 C	33.36692769 9.53467677 3.40000000
 C	35.63141492 10.49589457 3.40000000
 C	37.89590215 11.45711237 3.40000000
 C	40.16023087 12.41826289 3.40000000
 C	-2.86391689 -5.84440433 3.40000000
 C	6.19371500 -1.99966770 3.40000000
 C	-5.12840412 -6.80562213 3.40000000
 C	8.45820223 -1.03844990 3.40000000
 C	-7.39289135 -7.76683993 3.40000000
 C	10.72268945 -0.07723210 3.40000000
 C	1.10993270 -2.61469067 3.40000000
 C	-10.21218642 -7.42064510 3.40000000
 C	12.43205182 2.19126376 3.40000000
 C	-12.47667365 -8.38186290 3.40000000
 C	14.69653905 3.15248156 3.40000000
 C	-14.74116088 -9.34308070 3.40000000
 C	16.96102628 4.11369936 3.40000000
 C	-17.00554243 -10.30425365 3.40000000
 C	19.22535499 5.07484988 3.40000000
 C	-19.26997682 -11.26544902 3.40000000
 C	21.48984222 6.03606768 3.40000000
 C	-21.53446405 -12.22666682 3.40000000
 C	-1.15455453 -3.57590847 3.40000000
 C	23.75427661 6.99726305 3.40000000
 C	3.37441993 -1.65347287 3.40000000
 C	-23.79879277 -13.18781734 3.40000000
 C	26.01865817 7.95843599 3.40000000
 C	-26.06328000 -14.14903514 3.40000000
 C	28.28314540 8.91965379 3.40000000
 C	30.54763262 9.88087159 3.40000000
 C	32.81196134 10.84202211 3.40000000
 C	35.07644857 11.80323991 3.40000000
 C	37.34088296 12.76443528 3.40000000
 C	39.60526452 13.72560823 3.40000000
 C	-3.41893608 -4.53708142 3.40000000
 C	5.63874865 -0.69232236 3.40000000
 C	-5.68337047 -5.49827679 3.40000000
 C	7.90323587 0.26889544 3.40000000
 C	-7.94785770 -6.45949459 3.40000000
 C	10.16767026 1.23009082 3.40000000
 C	-9.35757400 -6.28634536 3.40000000
 C	11.02249404 2.36448027 3.40000000
 C	-0.29978360 -2.44154145 3.40000000
 C	1.96470363 -1.48032365 3.40000000
 C	-11.62190272 -7.24749588 3.40000000
 C	13.28682275 3.32563078 3.40000000
 C	-13.88638994 -8.20871368 3.40000000
 C	15.55130998 4.28684858 3.40000000
 C	-16.15071866 -9.16986420 3.40000000
 C	17.81563870 5.24799910 3.40000000
 C	-18.41520589 -10.13108200 3.40000000
 C	20.08012593 6.20921690 3.40000000
 C	-20.67969312 -11.09229980 3.40000000
 C	22.34461315 7.17043470 3.40000000
 C	-22.94418035 -12.05351760 3.40000000
 C	24.60910038 8.13165250 3.40000000
 C	-25.20850906 -13.01466811 3.40000000
 C	26.87342910 9.09280302 3.40000000
 C	29.13791633 10.05402082 3.40000000
 C	31.40224505 11.01517133 3.40000000
 C	33.66673227 11.97638913 3.40000000
 C	-2.56411231 -3.40269196 3.40000000
 C	4.22903235 -0.51917313 3.40000000
 C	35.93121950 12.93760693 3.40000000
 C	38.19570673 13.89882473 3.40000000
 C	40.46003545 14.85997525 3.40000000
 C	-4.82859954 -4.36390976 3.40000000
 C	6.49351958 0.44204467 3.40000000
 C	-7.09308677 -5.32512756 3.40000000
 C	8.75800681 1.40326247 3.40000000
 C	-9.91239583 -4.97904668 3.40000000
 C	10.46746086 3.67168924 3.40000000
 C	-0.85476394 -1.13431005 3.40000000
 C	1.40972329 -0.17309225 3.40000000
 C	-12.17688306 -5.94026448 3.40000000
 C	12.73184241 4.63286218 3.40000000
 C	-14.44137029 -6.90148228 3.40000000
 C	14.99632964 5.59407998 3.40000000
 C	-16.70575184 -7.86265523 3.40000000
 C	17.26081687 6.55529778 3.40000000
 C	-18.97018623 -8.82385060 3.40000000
 C	19.52514558 7.51644830 3.40000000
 C	-21.23467346 -9.78506840 3.40000000
 C	21.78963281 8.47766610 3.40000000
 C	-23.49900218 -10.74621892 3.40000000
 C	24.05406720 9.43886147 3.40000000
 C	-25.76348941 -11.70743672 3.40000000
 C	26.31844876 10.40003441 3.40000000
 C	28.58293599 11.36125221 3.40000000
 C	30.84742322 12.32247001 3.40000000
 C	33.11175193 13.28362053 3.40000000
 C	-3.11914549 -2.09548300 3.40000000
 C	3.67421052 0.78812555 3.40000000
 C	35.37623916 14.24483833 3.40000000
 C	37.64067355 15.20603370 3.40000000
 C	39.90505511 16.16720665 3.40000000
 C	-5.38357988 -3.05667837 3.40000000
 C	5.93853924 1.74927606 3.40000000
 C	-7.64806711 -4.01789617 3.40000000
 C	8.20302646 2.71049386 3.40000000
 C	0.00000000 0.00000000 3.40000000
 C	-11.32211912 -4.80595443 3.40000000
 C	11.32227763 4.80602172 3.40000000
 C	-13.58660635 -5.76717223 3.40000000
 C	13.58660635 5.76717223 3.40000000
 C	-15.85093507 -6.72832275 3.40000000
 C	15.85109358 6.72839003 3.40000000
 C	-18.11542229 -7.68954055 3.40000000
 C	18.11542229 7.68954055 3.40000000
 C	-20.37990952 -8.65075835 3.40000000
 C	20.37990952 8.65075835 3.40000000
 C	-2.26432872 -0.96115052 3.40000000
 C	-22.64439675 -9.61197615 3.40000000
 C	22.64439675 9.61197615 3.40000000
 C	2.26448723 0.96121780 3.40000000
 C	-24.90872547 -10.57312667 3.40000000
 C	24.90888398 10.57319395 3.40000000
 C	27.17321270 11.53434447 3.40000000
 C	29.43769992 12.49556227 3.40000000
 C	31.70202864 13.45671278 3.40000000
 C	33.96651587 14.41793058 3.40000000
 C	36.23100310 15.37914838 3.40000000
 C	38.49549033 16.34036618 3.40000000
 C	40.75981904 17.30151670 3.40000000
 C	-4.52881595 -1.92236832 3.40000000
 C	4.52881595 1.92236832 3.40000000
 C	-6.79330317 -2.88358612 3.40000000
 C	6.79330317 2.88358612 3.40000000
 C	-9.05779040 -3.84480392 3.40000000
 C	9.05779040 3.84480392 3.40000000
 C	-0.55495936 1.30740231 3.40000000
 C	-11.87707848 -3.49855212 3.40000000
 C	10.76726544 6.11340160 3.40000000
 C	-14.14156570 -4.45976992 3.40000000
 C	13.03164699 7.07457455 3.40000000
 C	-16.40594726 -5.42094286 3.40000000
 C	15.29613422 8.03579235 3.40000000
 C	-18.67038165 -6.38213824 3.40000000
 C	17.56062145 8.99701015 3.40000000
 C	-20.93486888 -7.34335604 3.40000000
 C	19.82495017 9.95816066 3.40000000
 C	-2.81934091 0.34622937 3.40000000
 C	-23.19919760 -8.30450655 3.40000000
 C	22.08943739 10.91937846 3.40000000
 C	1.70952787 2.26862011 3.40000000
 C	-25.46368482 -9.26572435 3.40000000
 C	24.35387179 11.88057383 3.40000000
 C	26.61825334 12.84174678 3.40000000
 C	28.88274057 13.80296458 3.40000000
 C	31.14722780 14.76418238 3.40000000
 C	33.41155651 15.72533289 3.40000000
 C	35.67604374 16.68655069 3.40000000
 C	37.94047813 17.64774607 3.40000000
 C	40.20485969 18.60891901 3.40000000
 C	-5.08377530 -0.61496600 3.40000000
 C	3.97401510 3.22983791 3.40000000
 C	-7.34826253 -1.57618380 3.40000000
 C	6.23834382 4.19098843 3.40000000
 C	-9.61259125 -2.53733432 3.40000000
 C	8.50283105 5.15220623 3.40000000
 C	-11.02231454 -2.36424207 3.40000000
 C	9.35759498 6.28651628 3.40000000
 C	-1.96452414 1.48056185 3.40000000
 C	0.29980458 2.44171236 3.40000000
 C	-13.28680177 -3.32545987 3.40000000
 C	11.62208221 7.24773408 3.40000000
 C	-15.55113048 -4.28661038 3.40000000
 C	13.88641093 8.20888460 3.40000000
 C	-17.81561771 -5.24782818 3.40000000
 C	16.15089816 9.17010240 3.40000000
 C	-20.08010494 -6.20904598 3.40000000
 C	18.41522688 10.13125291 3.40000000
 C	-22.34459217 -7.17026378 3.40000000
 C	20.67971410 11.09247071 3.40000000
 C	-24.60892089 -8.13141430 3.40000000
 C	22.94420133 12.05368851 3.40000000
 C	25.20868856 13.01490631 3.40000000
 C	27.47301728 13.97605683 3.40000000
 C	29.73750451 14.93727463 3.40000000
 C	32.00183322 15.89842515 3.40000000
 C	-4.22901136 0.51934405 3.40000000
 C	2.56429181 3.40293016 3.40000000
 C	34.26632045 16.85964295 3.40000000
 C	36.53080768 17.82086075 3.40000000
 C	38.79529491 18.78207855 3.40000000
 C	41.05962363 19.74322906 3.40000000
 C	-6.49349859 -0.44187375 3.40000000
 C	4.82862053 4.36408068 3.40000000
 C	-8.75798582 -1.40309155 3.40000000
 C	7.09310776 5.32529848 3.40000000
 C	-11.57727389 -1.05683975 3.40000000
 C	8.80263563 7.59391859 3.40000000
 C	-2.51953633 2.78794173 3.40000000
 C	-0.25515478 3.74911468 3.40000000
 C	-13.84176112 -2.01805755 3.40000000
 C	11.06707002 8.55511397 3.40000000
 C	-16.10614268 -2.97923050 3.40000000
 C	13.33145157 9.51628691 3.40000000
 C	-18.37057707 -3.94042587 3.40000000
 C	15.59593880 10.47750471 3.40000000
 C	-20.63506430 -4.90164367 3.40000000
 C	17.86042603 11.43872251 3.40000000
 C	-22.89939301 -5.86279419 3.40000000
 C	20.12475475 12.39987303 3.40000000
 C	-25.16388024 -6.82401199 3.40000000
 C	22.38924198 13.36109083 3.40000000
 C	24.65367637 14.32228620 3.40000000
 C	26.91805792 15.28345914 3.40000000
 C	29.18254515 16.24467694 3.40000000
 C	31.44703238 17.20589474 3.40000000
 C	-4.78397072 1.82674636 3.40000000
 C	2.00933245 4.71033248 3.40000000
 C	33.71136110 18.16704526 3.40000000
 C	35.97584832 19.12826306 3.40000000
 C	38.24028271 20.08945843 3.40000000
 C	40.50466427 21.05063138 3.40000000
 C	-7.04845795 0.86552856 3.40000000
 C	4.27381968 5.67155028 3.40000000
 C	-9.31278667 -0.09562195 3.40000000
 C	6.53814840 6.63270079 3.40000000
 C	-1.66474054 3.92210330 3.40000000
 C	-12.98701817 -0.88391842 3.40000000
 C	9.65737858 8.72805773 3.40000000
 C	-15.25134689 -1.84506894 3.40000000
 C	11.92186581 9.68927553 3.40000000
 C	-17.51583412 -2.80628674 3.40000000
 C	14.18619453 10.65042605 3.40000000
 C	-19.78032135 -3.76750454 3.40000000
 C	16.45068175 11.61164385 3.40000000
 C	18.71501047 12.57279436 3.40000000
 C	-22.04480857 -4.72872234 3.40000000
 C	-3.92922777 2.96088550 3.40000000
 C	0.59958818 4.88325381 3.40000000
 C	-24.30913729 -5.68987285 3.40000000
 C	20.97949770 13.53401216 3.40000000
 C	23.24398493 14.49522996 3.40000000
 C	25.50847216 15.45644776 3.40000000
 C	27.77280087 16.41759828 3.40000000
 C	30.03728810 17.37881608 3.40000000
 C	32.30161682 18.33996659 3.40000000
 C	34.56610405 19.30118439 3.40000000
 C	36.83059128 20.26240219 3.40000000
 C	39.09507850 21.22361999 3.40000000
 C	41.35940722 22.18477051 3.40000000
 C	-6.19371500 1.99966770 3.40000000
 C	2.86407541 5.84447161 3.40000000
 C	5.12840412 6.80562213 3.40000000
 C	-8.45820223 1.03844990 3.40000000
 C	-10.72253094 0.07729938 3.40000000
 C	7.39289135 7.76683993 3.40000000
 C	-2.21975273 5.22948318 3.40000000
 C	-13.54197753 0.42348389 3.40000000
 C	9.10241922 10.03546004 3.40000000
 C	-15.80635908 -0.53768905 3.40000000
 C	11.36685361 10.99665541 3.40000000
 C	-18.07079347 -1.49888442 3.40000000
 C	13.63123517 11.95782836 3.40000000
 C	-20.33528070 -2.46010222 3.40000000
 C	15.89572240 12.91904616 3.40000000
 C	-22.59960942 -3.42125274 3.40000000
 C	18.16020963 13.88026396 3.40000000
 C	-4.48418713 4.26828781 3.40000000
 C	0.04462882 6.19065613 3.40000000
 C	-24.86409665 -4.38247054 3.40000000
 C	20.42453834 14.84141447 3.40000000
 C	22.68902557 15.80263227 3.40000000
 C	24.95345996 16.76382765 3.40000000
 C	27.21784152 17.72500059 3.40000000
 C	29.48232875 18.68621839 3.40000000
 C	31.74681597 19.64743619 3.40000000
 C	34.01114469 20.60858671 3.40000000
 C	36.27563192 21.56980451 3.40000000
 C	38.54006631 22.53099988 3.40000000
 C	40.80444787 23.49217282 3.40000000
 C	-6.74867435 3.30707001 3.40000000
 C	2.30911605 7.15187393 3.40000000
 C	-9.01300307 2.34591949 3.40000000
 C	4.57360328 8.11309173 3.40000000
 C	-11.27749030 1.38470169 3.40000000
 C	6.83793199 9.07424224 3.40000000
 C	-12.68721359 1.55779395 3.40000000
 C	7.69269593 10.20855230 3.40000000
 C	-3.62942319 5.40259787 3.40000000
 C	-1.36493596 6.36381567 3.40000000
 C	-14.95154231 0.59664344 3.40000000
 C	9.95718316 11.16977010 3.40000000
 C	-17.21602954 -0.36457436 3.40000000
 C	12.22167039 12.13098790 3.40000000
 C	-19.48051677 -1.32579216 3.40000000
 C	14.48599910 13.09213842 3.40000000
 C	-21.74500400 -2.28700996 3.40000000
 C	16.75048633 14.05335622 3.40000000
 C	-24.00933271 -3.24816048 3.40000000
 C	19.01481505 15.01450674 3.40000000
 C	21.27930228 15.97572454 3.40000000
 C	23.54378951 16.93694234 3.40000000
 C	25.80827673 17.89816014 3.40000000
 C	28.07260545 18.85931065 3.40000000
 C	30.33709268 19.82052845 3.40000000
 C	-5.89391042 4.44138007 3.40000000
 C	0.89939275 7.32496619 3.40000000
 C	32.60142140 20.78167897 3.40000000
 C	34.86590862 21.74289677 3.40000000
 C	37.13039585 22.70411457 3.40000000
 C	39.39488308 23.66533237 3.40000000
 C	41.65921180 24.62648288 3.40000000
 C	-8.15839765 3.48016227 3.40000000
 C	3.16387998 8.28618399 3.40000000
 C	-10.42272637 2.51901175 3.40000000
 C	5.42820870 9.24733450 3.40000000
 C	-13.24217295 2.86519626 3.40000000
 C	7.13773658 11.51595461 3.40000000
 C	-4.18438254 6.71000017 3.40000000
 C	-1.91994815 7.67119555 3.40000000
 C	-15.50655450 1.90402331 3.40000000
 C	9.40222380 12.47717241 3.40000000
 C	-17.77098889 0.94282794 3.40000000
 C	11.66665820 13.43836778 3.40000000
 C	-20.03547612 -0.01838986 3.40000000
 C	13.93103975 14.39954072 3.40000000
 C	-22.29980484 -0.97954037 3.40000000
 C	16.19552698 15.36075852 3.40000000
 C	-24.56429207 -1.94075817 3.40000000
 C	18.46001421 16.32197632 3.40000000
 C	20.72434292 17.28312684 3.40000000
 C	22.98883015 18.24434464 3.40000000
 C	25.25326454 19.20554001 3.40000000
 C	27.51764610 20.16671296 3.40000000
 C	29.78213333 21.12793076 3.40000000
 C	-6.44886977 5.74878237 3.40000000
 C	0.34443340 8.63236849 3.40000000
 C	32.04662056 22.08914856 3.40000000
 C	34.31094927 23.05029907 3.40000000
 C	36.57543650 24.01151687 3.40000000
 C	38.83987089 24.97271224 3.40000000
 C	41.10425245 25.93388519 3.40000000
 C	-8.71319849 4.78763186 3.40000000
 C	2.60892063 9.59358629 3.40000000
 C	-10.97768572 3.82641406 3.40000000
 C	4.87340786 10.55480409 3.40000000
 C	-3.32961861 7.84431023 3.40000000
 C	-14.65173773 3.03835580 3.40000000
 C	7.99250051 12.65026467 3.40000000
 C	-16.91622496 2.07713800 3.40000000
 C	10.25698774 13.61148247 3.40000000
 C	-19.18071219 1.11592020 3.40000000
 C	12.52147497 14.57270027 3.40000000
 C	-21.44519941 0.15470240 3.40000000
 C	14.78580368 15.53385078 3.40000000
 C	-23.70952813 -0.80644811 3.40000000
 C	17.05029091 16.49506858 3.40000000
 C	-5.59410584 6.88309243 3.40000000
 C	19.31461963 17.45621910 3.40000000
 C	-1.06513138 8.80552803 3.40000000
 C	21.57910686 18.41743690 3.40000000
 C	23.84359409 19.37865470 3.40000000
 C	26.10808131 20.33987250 3.40000000
 C	28.37241003 21.30102302 3.40000000
 C	30.63689726 22.26224082 3.40000000
 C	32.90122598 23.22339133 3.40000000
 C	35.16571321 24.18460913 3.40000000
 C	37.43020043 25.14582693 3.40000000
 C	39.69468766 26.10704473 3.40000000
 C	41.95901638 27.06819525 3.40000000
 C	-7.85859307 5.92187463 3.40000000
 C	1.19919734 9.76667855 3.40000000
 C	-10.12292178 4.96072412 3.40000000
 C	3.46368456 10.72789635 3.40000000
 C	-12.38740901 3.99950632 3.40000000
 C	5.72801328 11.68904687 3.40000000
 C	-3.88458496 9.15165558 3.40000000
 C	-15.20675692 4.34567872 3.40000000
 C	7.43753416 13.95761001 3.40000000
 C	-17.47119131 3.38448334 3.40000000
 C	9.70202139 14.91882781 3.40000000
 C	-19.73567854 2.42326554 3.40000000
 C	11.96645578 15.88002318 3.40000000
 C	-22.00000726 1.46211503 3.40000000
 C	14.23083733 16.84119612 3.40000000
 C	-24.26449448 0.50089723 3.40000000
 C	16.49532456 17.80241392 3.40000000
 C	-6.14907219 8.19043778 3.40000000
 C	18.75981179 18.76363172 3.40000000
 C	-1.62015057 10.11285095 3.40000000
 C	21.02414051 19.72478224 3.40000000
 C	23.28862773 20.68600004 3.40000000
 C	25.55306213 21.64719541 3.40000000
 C	27.81744368 22.60836836 3.40000000
 C	30.08193091 23.56958616 3.40000000
 C	32.34641814 24.53080396 3.40000000
 C	34.61074685 25.49195447 3.40000000
 C	36.87523408 26.45317227 3.40000000
 C	39.13966847 27.41436765 3.40000000
 C	-8.41340091 7.22928726 3.40000000
 C	41.40405003 28.37554059 3.40000000
 C	0.64423098 11.07402389 3.40000000
 C	-10.67788814 6.26806946 3.40000000
 C	2.90871821 12.03524169 3.40000000
 C	-12.94237536 5.30685166 3.40000000
 C	5.17320544 12.99645949 3.40000000
 C	-14.35193315 5.48006817 3.40000000
 C	6.02781786 14.13075923 3.40000000
 C	-5.29430126 9.32480480 3.40000000
 C	-3.02981403 10.28602260 3.40000000
 C	-16.61642038 4.51885037 3.40000000
 C	8.29230509 15.09197703 3.40000000
 C	-18.88090760 3.55763257 3.40000000
 C	10.55679232 16.05319483 3.40000000
 C	-21.14539483 2.59641477 3.40000000
 C	12.82127955 17.01441263 3.40000000
 C	-23.40972355 1.63526425 3.40000000
 C	15.08560827 17.97556315 3.40000000
 C	17.35009549 18.93678095 3.40000000
 C	19.61442421 19.89793146 3.40000000
 C	21.87891144 20.85914926 3.40000000
 C	24.14339867 21.82036706 3.40000000
 C	26.40788590 22.78158486 3.40000000
 C	28.67221461 23.74273538 3.40000000
 C	-7.55878848 8.36358700 3.40000000
 C	-0.76532680 11.24724040 3.40000000
 C	30.93670184 24.70395318 3.40000000
 C	33.20103056 25.66510370 3.40000000
 C	35.46551779 26.62632150 3.40000000
 C	37.73000502 27.58753930 3.40000000
 C	39.99449224 28.54875710 3.40000000
 C	42.25882096 29.50990761 3.40000000
 C	-9.82311720 7.40243648 3.40000000
 C	1.49900192 12.20839092 3.40000000
 C	-12.08760443 6.44121868 3.40000000
 C	3.76348915 13.16960872 3.40000000
 C	-14.90696633 6.78727714 3.40000000
 C	5.47299603 15.43805791 3.40000000
 C	-5.84928160 10.63203620 3.40000000
 C	-3.58479437 11.59325400 3.40000000
 C	-17.17140072 5.82608176 3.40000000
 C	7.73732475 16.39920843 3.40000000
 C	-19.43588795 4.86486396 3.40000000
 C	10.00181198 17.36042623 3.40000000
 C	-21.70021666 3.90371345 3.40000000
 C	12.26624637 18.32162160 3.40000000
 C	-23.96470389 2.94249565 3.40000000
 C	14.53062792 19.28279454 3.40000000
 C	16.79511515 20.24401234 3.40000000
 C	19.05960238 21.20523014 3.40000000
 C	21.32393110 22.16638066 3.40000000
 C	23.58841833 23.12759846 3.40000000
 C	25.85285272 24.08879383 3.40000000
 C	28.11723427 25.04996678 3.40000000
 C	-8.11361032 9.67088568 3.40000000
 C	-1.32035998 12.55444937 3.40000000
 C	30.38172150 26.01118458 3.40000000
 C	32.64620873 26.97240238 3.40000000
 C	34.91053745 27.93355289 3.40000000
 C	37.17502467 28.89477069 3.40000000
 C	39.43945907 29.85596607 3.40000000
 C	41.70384062 30.81713901 3.40000000
 C	-10.37809754 8.70966788 3.40000000
 C	0.94402158 13.51562231 3.40000000
 C	-12.64258477 7.74845008 3.40000000
 C	3.20850880 14.47684011 3.40000000
 C	-4.99451766 11.76634625 3.40000000
 C	-16.31663678 6.96039181 3.40000000
 C	6.32760146 16.57230068 3.40000000
 C	-18.58112401 5.99917401 3.40000000
 C	8.59208869 17.53351848 3.40000000
 C	-20.84561124 5.03795621 3.40000000
 C	10.85657592 18.49473628 3.40000000
 C	-23.10993995 4.07680570 3.40000000
 C	13.12106314 19.45595408 3.40000000
 C	15.38539186 20.41710460 3.40000000
 C	17.64987909 21.37832240 3.40000000
 C	-7.25900489 10.80512845 3.40000000
 C	-2.73003043 12.72756405 3.40000000
 C	19.91420781 22.33947291 3.40000000
 C	22.17869504 23.30069071 3.40000000
 C	24.44318226 24.26190851 3.40000000
 C	26.70766949 25.22312631 3.40000000
 C	28.97199821 26.18427683 3.40000000
 C	31.23648544 27.14549463 3.40000000
 C	33.50081416 28.10664514 3.40000000
 C	35.76530138 29.06786294 3.40000000
 C	38.02978861 30.02908075 3.40000000
 C	-9.52333361 9.84397793 3.40000000
 C	40.29427584 30.99029855 3.40000000
 C	-0.46554320 13.68878185 3.40000000
 C	42.55860456 31.95144906 3.40000000
 C	-11.78782083 8.88276013 3.40000000
 C	1.79878551 14.64993236 3.40000000
 C	-14.05214955 7.92160961 3.40000000
 C	4.06327274 15.61115016 3.40000000
 C	-5.54947702 13.07374856 3.40000000
 C	-16.87159614 8.26779413 3.40000000
 C	5.77280061 17.87977028 3.40000000
 C	-19.13608337 7.30657633 3.40000000
 C	8.03712933 18.84092079 3.40000000
 C	-21.40041208 6.34542581 3.40000000
 C	10.30161656 19.80213859 3.40000000
 C	-23.66489931 5.38420801 3.40000000
 C	12.56605095 20.76333396 3.40000000
 C	14.83043250 21.72450691 3.40000000
 C	-7.81380573 12.11259804 3.40000000
 C	17.09491973 22.68572471 3.40000000
 C	-3.28498979 14.03496636 3.40000000
 C	19.35940696 23.64694251 3.40000000
 C	21.62373568 24.60809303 3.40000000
 C	23.88822291 25.56931083 3.40000000
 C	26.15265730 26.53050620 3.40000000
 C	28.41703885 27.49167914 3.40000000
 C	30.68152608 28.45289694 3.40000000
 C	32.94601331 29.41411474 3.40000000
 C	35.21034203 30.37526526 3.40000000
 C	37.47482926 31.33648306 3.40000000
 C	-10.07829296 11.15138024 3.40000000
 C	39.73926365 32.29767843 3.40000000
 C	-1.02055540 14.99616173 3.40000000
 C	42.00364520 33.25885137 3.40000000
 C	-12.34278019 10.19016244 3.40000000
 C	1.24382616 15.95733468 3.40000000
 C	-14.60716175 9.22898950 3.40000000
 C	3.50831339 16.91855248 3.40000000
 C	-16.01683220 9.40210418 3.40000000
 C	4.36307732 18.05286253 3.40000000
 C	-6.95920031 13.24684081 3.40000000
 C	-4.69471308 14.20805861 3.40000000
 C	-18.28131943 8.44088638 3.40000000
 C	6.62740604 19.01401304 3.40000000
 C	-20.54580666 7.47966858 3.40000000
 C	8.89189327 19.97523084 3.40000000
 C	-22.81013537 6.51851806 3.40000000
 C	11.15638050 20.93644864 3.40000000
 C	13.42086773 21.89766644 3.40000000
 C	15.68519644 22.85881696 3.40000000
 C	17.94968367 23.82003476 3.40000000
 C	20.21401239 24.78118528 3.40000000
 C	22.47849962 25.74240308 3.40000000
 C	24.74298685 26.70362088 3.40000000
 C	27.00747407 27.66483868 3.40000000
 C	-9.22352903 12.28569030 3.40000000
 C	-2.43022585 15.16927641 3.40000000
 C	29.27180279 28.62598919 3.40000000
 C	31.53629002 29.58720699 3.40000000
 C	33.80061874 30.54835751 3.40000000
 C	36.06510596 31.50957531 3.40000000
 C	38.32959319 32.47079311 3.40000000
 C	40.59408042 33.43201091 3.40000000
 C	42.85840914 34.39316143 3.40000000
 C	-11.48801625 11.32447250 3.40000000
 C	-0.16573862 16.13049421 3.40000000
 C	-13.75234497 10.36332198 3.40000000
 C	2.09859009 17.09164473 3.40000000
 C	-16.57179156 10.70950649 3.40000000
 C	3.80811797 19.36026484 3.40000000
 C	-7.51400115 14.55431041 3.40000000
 C	-5.24967244 15.51546092 3.40000000
 C	-18.83627878 9.74828869 3.40000000
 C	6.07260519 20.32148264 3.40000000
 C	-21.10060750 8.78713818 3.40000000
 C	8.33693391 21.28263316 3.40000000
 C	-23.36509473 7.82592038 3.40000000
 C	10.60142114 22.24385096 3.40000000
 C	12.86585553 23.20504633 3.40000000
 C	15.13023709 24.16621927 3.40000000
 C	17.39472431 25.12743707 3.40000000
 C	19.65921154 26.08865487 3.40000000
 C	21.92354026 27.04980539 3.40000000
 C	24.18802749 28.01102319 3.40000000
 C	26.45246188 28.97221856 3.40000000
 C	-9.77848838 13.59309261 3.40000000
 C	-2.98518521 16.47667872 3.40000000
 C	28.71684343 29.93339151 3.40000000
 C	30.98133066 30.89460931 3.40000000
 C	33.24581789 31.85582711 3.40000000
 C	35.51014661 32.81697762 3.40000000
 C	37.77463384 33.77819542 3.40000000
 C	40.03906823 34.73939079 3.40000000
 C	42.30344978 35.70056374 3.40000000
 C	-12.04297561 12.63187481 3.40000000
 C	-0.72075082 17.43787410 3.40000000
 C	-14.30735716 11.67070186 3.40000000
 C	1.54363074 18.39904704 3.40000000
 C	-6.65941671 15.68838226 3.40000000
 C	-17.98153583 10.88242783 3.40000000
 C	4.66286092 20.49440398 3.40000000
 C	6.92718964 21.45555449 3.40000000
 C	-20.24602306 9.92121003 3.40000000
 C	-22.51035178 8.96005951 3.40000000
 C	9.19167686 22.41677229 3.40000000
 C	11.45616409 23.37799009 3.40000000
 C	13.72065132 24.33920789 3.40000000
 C	-8.92374543 14.72723174 3.40000000
 C	-4.39492948 16.64960006 3.40000000
 C	15.98498004 25.30035841 3.40000000
 C	18.24946727 26.26157621 3.40000000
 C	20.51379598 27.22272672 3.40000000
 C	22.77828321 28.18394452 3.40000000
 C	25.04277044 29.14516233 3.40000000
 C	27.30725767 30.10638013 3.40000000
 C	29.57158639 31.06753064 3.40000000
 C	31.83607361 32.02874844 3.40000000
 C	34.10040233 32.98989896 3.40000000
 C	36.36488956 33.95111676 3.40000000
 C	38.62937679 34.91233456 3.40000000
 C	-11.18823266 13.76601394 3.40000000
 C	-2.13044226 17.61081786 3.40000000
 C	40.89386402 35.87355236 3.40000000
 C	43.15819273 36.83470287 3.40000000
 C	-13.45256138 12.80486343 3.40000000
 C	0.13404497 18.57203566 3.40000000
 C	-15.71704860 11.84364563 3.40000000
 C	2.39837369 19.53318618 3.40000000
 C	-7.21421756 16.99585186 3.40000000
 C	-18.53649519 12.18983014 3.40000000
 C	4.10790156 21.80180629 3.40000000
 C	-20.80082391 11.22867962 3.40000000
 C	6.37238879 22.76302409 3.40000000
 C	-23.06531113 10.26746182 3.40000000
 C	8.63671751 23.72417461 3.40000000
 C	10.90120474 24.68539241 3.40000000
 C	13.16563913 25.64658778 3.40000000
 C	-9.47870479 16.03463406 3.40000000
 C	-4.94988884 17.95700237 3.40000000
 C	15.43002068 26.60776072 3.40000000
 C	17.69450791 27.56897852 3.40000000
 C	19.95899514 28.53019632 3.40000000
 C	22.22332386 29.49134684 3.40000000
 C	24.48781108 30.45256464 3.40000000
 C	26.75224548 31.41376001 3.40000000
 C	29.01662703 32.37493295 3.40000000
 C	31.28111426 33.33615075 3.40000000
 C	33.54560149 34.29736855 3.40000000
 C	35.80993020 35.25851907 3.40000000
 C	38.07441743 36.21973687 3.40000000
 C	-11.74319201 15.07341626 3.40000000
 C	-2.68540161 18.91822017 3.40000000
 C	40.33885182 37.18093224 3.40000000
 C	42.60323338 38.14210519 3.40000000
 C	-14.00757357 14.11224331 3.40000000
 C	-0.42096722 19.87941554 3.40000000
 C	-16.27200796 13.15104794 3.40000000
 C	1.84341433 20.84058849 3.40000000
 C	-17.68173125 13.32414020 3.40000000
 C	2.69817827 21.97489855 3.40000000
 C	-8.62394085 17.16894412 3.40000000
 C	-6.35961213 18.13009463 3.40000000
 C	-19.94621848 12.36292240 3.40000000
 C	4.96266550 22.93611635 3.40000000
 C	-22.21054720 11.40177189 3.40000000
 C	7.22699421 23.89726687 3.40000000
 C	9.49148144 24.85848467 3.40000000
 C	11.75596867 25.81970247 3.40000000
 C	14.02045590 26.78092027 3.40000000
 C	16.28478462 27.74207078 3.40000000
 C	18.54927184 28.70328858 3.40000000
 C	20.81360056 29.66443910 3.40000000
 C	23.07808779 30.62565690 3.40000000
 C	25.34257502 31.58687470 3.40000000
 C	-10.88842808 16.20772632 3.40000000
 C	-4.09512491 19.09131243 3.40000000
 C	27.60706225 32.54809250 3.40000000
 C	29.87139096 33.50924302 3.40000000
 C	32.13587819 34.47046082 3.40000000
 C	34.40020691 35.43161133 3.40000000
 C	36.66469414 36.39282913 3.40000000
 C	38.92918137 37.35404693 3.40000000
 C	41.19366859 38.31526473 3.40000000
 C	43.45799731 39.27641525 3.40000000
 C	-13.15275680 15.24657580 3.40000000
 C	-1.83063768 20.05253023 3.40000000
 C	-15.41724403 14.28535800 3.40000000
 C	0.43384955 21.01374803 3.40000000
 C	-18.23669061 14.63154250 3.40000000
 C	2.14321892 23.28230085 3.40000000
 C	-9.17890020 18.47634642 3.40000000
 C	-6.91441298 19.43756422 3.40000000
 C	-20.50101932 13.67039199 3.40000000
 C	4.40770614 24.24351865 3.40000000
 C	-22.76550655 12.70917419 3.40000000
 C	6.67219337 25.20473645 3.40000000
 C	8.93652209 26.16588697 3.40000000
 C	11.20100932 27.12710477 3.40000000
 C	13.46544371 28.08830014 3.40000000
 C	15.72982526 29.04947309 3.40000000
 C	17.99431249 30.01069089 3.40000000
 C	20.25879972 30.97190869 3.40000000
 C	22.52312844 31.93305920 3.40000000
 C	24.78761567 32.89427700 3.40000000
 C	-11.44338743 17.51512862 3.40000000
 C	-4.65008426 20.39871474 3.40000000
 C	27.05205006 33.85547237 3.40000000
 C	29.31643161 34.81664532 3.40000000
 C	31.58091884 35.77786312 3.40000000
 C	33.84540607 36.73908092 3.40000000
 C	36.10973479 37.70023144 3.40000000
 C	38.37422201 38.66144924 3.40000000
 C	40.63865641 39.62264461 3.40000000
 C	42.90303796 40.58381755 3.40000000
 C	-13.70776899 16.55395568 3.40000000
 C	-2.38559703 21.35993254 3.40000000
 C	-15.97220338 15.59276030 3.40000000
 C	-0.12116264 22.32112791 3.40000000
 C	-8.32413627 19.61065648 3.40000000
 C	-19.64641390 14.80463477 3.40000000
 C	2.99798285 24.41661091 3.40000000
 C	-21.91074262 13.84348425 3.40000000
 C	5.26247008 25.37782871 3.40000000
 C	7.52679880 26.33897923 3.40000000
 C	9.79128602 27.30019703 3.40000000
 C	12.05577325 28.26141483 3.40000000
 C	-10.58862350 18.64943868 3.40000000
 C	-6.05980755 20.57180700 3.40000000
 C	14.32026048 29.22263263 3.40000000
 C	16.58458920 30.18378315 3.40000000
 C	18.84907643 31.14500095 3.40000000
 C	21.11340514 32.10615146 3.40000000
 C	23.37789237 33.06736926 3.40000000
 C	25.64237960 34.02858706 3.40000000
 C	27.90686683 34.98980486 3.40000000
 C	30.17119555 35.95095538 3.40000000
 C	32.43568277 36.91217318 3.40000000
 C	34.70001149 37.87332370 3.40000000
 C	-12.85295222 17.68828817 3.40000000
 C	36.96449872 38.83454150 3.40000000
 C	-3.79532032 21.53302480 3.40000000
 C	39.22898595 39.79575930 3.40000000
 C	41.49347318 40.75697710 3.40000000
 C	43.75780189 41.71812761 3.40000000
 C	-15.11743944 16.72707037 3.40000000
 C	-1.53083310 22.49424260 3.40000000
 C	-17.38192667 15.76585257 3.40000000
 C	0.73365413 23.45546040 3.40000000
 C	-8.87910262 20.91800182 3.40000000
 C	-20.20122174 16.11204739 3.40000000
 C	2.44301650 25.72395626 3.40000000
 C	-22.46570897 15.15082959 3.40000000
 C	4.70750373 26.68517406 3.40000000
 C	6.97199095 27.64639186 3.40000000
 C	9.23631967 28.60754237 3.40000000
 C	11.50080690 29.56876017 3.40000000
 C	-11.14358985 19.95678402 3.40000000
 C	13.76524129 30.52995554 3.40000000
 C	-6.61461539 21.87921962 3.40000000
 C	16.02962285 31.49112849 3.40000000
 C	18.29411007 32.45234629 3.40000000
 C	20.55859730 33.41356409 3.40000000
 C	22.82292602 34.37471460 3.40000000
 C	25.08741325 35.33593240 3.40000000
 C	27.35184764 36.29712778 3.40000000
 C	29.61622919 37.25830072 3.40000000
 C	31.88071642 38.21951852 3.40000000
 C	34.14520365 39.18073632 3.40000000
 C	-13.40797140 18.99561108 3.40000000
 C	36.40953237 40.14188684 3.40000000
 C	-4.35028668 22.84037014 3.40000000
 C	38.67401960 41.10310464 3.40000000
 C	40.93845399 42.06430001 3.40000000
 C	43.20283554 43.02547295 3.40000000
 C	-15.67240580 18.03441571 3.40000000
 C	-2.08579945 23.80158794 3.40000000
 C	-17.93689302 17.07319791 3.40000000
 C	0.17863494 24.76278331 3.40000000
 C	-19.34660932 17.24634713 3.40000000
 C	1.03345871 25.89717276 3.40000000
 C	-10.28881892 21.09115105 3.40000000
 C	-8.02433169 22.05236885 3.40000000
 C	-21.61093804 16.28519661 3.40000000
 C	3.29778743 26.85832328 3.40000000
 C	5.56227466 27.81954108 3.40000000
 C	7.82660338 28.78069160 3.40000000
 C	10.09109060 29.74190940 3.40000000
 C	12.35557783 30.70312720 3.40000000
 C	14.62006506 31.66434500 3.40000000
 C	16.88439378 32.62549551 3.40000000
 C	19.14888101 33.58671331 3.40000000
 C	21.41320972 34.54786383 3.40000000
 C	23.67769695 35.50908163 3.40000000
 C	-12.55314763 20.13000053 3.40000000
 C	-5.76000297 23.01351936 3.40000000
 C	25.94218418 36.47029943 3.40000000
 C	28.20667141 37.43151723 3.40000000
 C	30.47100013 38.39266774 3.40000000
 C	32.73548736 39.35388554 3.40000000
 C	34.99981607 40.31503606 3.40000000
 C	37.26430330 41.27625386 3.40000000
 C	39.52879053 42.23747166 3.40000000
 C	41.79327776 43.19868946 3.40000000
 C	44.05760648 44.15983998 3.40000000
 C	-14.81763486 19.16878273 3.40000000
 C	-3.49551574 23.97473716 3.40000000
 C	-17.08212209 18.20756493 3.40000000
 C	-1.23102851 24.93595496 3.40000000
 C	-19.90143115 18.55364581 3.40000000
 C	0.47842553 27.20438173 3.40000000
 C	-10.84379926 22.39838244 3.40000000
 C	-8.57931203 23.35960024 3.40000000
 C	-22.16591838 17.59242801 3.40000000
 C	2.74280709 28.16555468 3.40000000
 C	5.00729432 29.12677248 3.40000000
 C	7.27178155 30.08799028 3.40000000
 C	9.53611026 31.04914079 3.40000000
 C	11.80059749 32.01035859 3.40000000
 C	14.06503188 32.97155396 3.40000000
 C	16.32941344 33.93272691 3.40000000
 C	18.59390067 34.89394471 3.40000000
 C	20.85838789 35.85516251 3.40000000
 C	23.12271661 36.81631302 3.40000000
 C	-13.10818081 21.43720950 3.40000000
 C	-6.31482480 24.32081804 3.40000000
 C	25.38720384 37.77753082 3.40000000
 C	27.65163823 38.73872620 3.40000000
 C	29.91601978 39.69989914 3.40000000
 C	32.18050701 40.66111694 3.40000000
 C	34.44499424 41.62233474 3.40000000
 C	36.70932296 42.58348526 3.40000000
 C	38.97381019 43.54470306 3.40000000
 C	41.23824458 44.50589843 3.40000000
 C	43.50262613 45.46707137 3.40000000
 C	-15.37261521 20.47601413 3.40000000
 C	-4.05049609 25.28196856 3.40000000
 C	-17.63710243 19.51479633 3.40000000
 C	-1.78600886 26.24318636 3.40000000
 C	-9.98903532 23.53269249 3.40000000
 C	-21.31115444 18.72673806 3.40000000
 C	1.33324231 28.33871421 3.40000000
 C	3.59757103 29.29986473 3.40000000
 C	5.86205825 30.26108253 3.40000000
 C	8.12638697 31.22223304 3.40000000
 C	10.39087420 32.18345084 3.40000000
 C	-12.25336404 22.57154198 3.40000000
 C	12.65536143 33.14466864 3.40000000
 C	-7.72454809 24.49391029 3.40000000
 C	14.91984866 34.10588644 3.40000000
 C	17.18417737 35.06703696 3.40000000
 C	19.44866460 36.02825476 3.40000000
 C	21.71299332 36.98940528 3.40000000
 C	23.97748055 37.95062308 3.40000000
 C	26.24196778 38.91184088 3.40000000
 C	28.50645501 39.87305868 3.40000000
 C	30.77078372 40.83420919 3.40000000
 C	33.03527095 41.79542699 3.40000000
 C	-14.51785127 21.61032418 3.40000000
 C	-5.46021938 25.45506081 3.40000000
 C	35.29959967 42.75657751 3.40000000
 C	37.56408690 43.71779531 3.40000000
 C	39.82857413 44.67901311 3.40000000
 C	42.09306135 45.64023091 3.40000000
 C	44.35739007 46.60138142 3.40000000
 C	-16.78233850 20.64910638 3.40000000
 C	-3.19573215 26.41627861 3.40000000
 C	-19.04682572 19.68788858 3.40000000
 C	-0.93124492 27.37749641 3.40000000
 C	-10.54399468 24.84009481 3.40000000
 C	-21.86611380 20.03414038 3.40000000
 C	0.77823012 29.64609410 3.40000000
 C	3.04261167 30.60726704 3.40000000
 C	5.30709890 31.56848484 3.40000000
 C	7.57158613 32.52970264 3.40000000
 C	9.83591484 33.49085316 3.40000000
 C	-12.80837623 23.87892186 3.40000000
 C	12.10040207 34.45207096 3.40000000
 C	-8.27950745 25.80131261 3.40000000
 C	14.36483646 35.41326633 3.40000000
 C	16.62921802 36.37443927 3.40000000
 C	18.89370525 37.33565707 3.40000000
 C	21.15819247 38.29687487 3.40000000
 C	23.42252119 39.25802539 3.40000000
 C	25.68700842 40.21924319 3.40000000
 C	27.95144281 41.18043856 3.40000000
 C	30.21582437 42.14161151 3.40000000
 C	32.48031159 43.10282931 3.40000000
 C	-15.07281062 22.91772649 3.40000000
 C	34.74479882 44.06404711 3.40000000
 C	-6.01502022 26.76253041 3.40000000
 C	37.00912754 45.02519762 3.40000000
 C	39.27361477 45.98641542 3.40000000
 C	41.53804916 46.94761079 3.40000000
 C	43.80243071 47.90878374 3.40000000
 C	-17.33729785 21.95650869 3.40000000
 C	-3.75069150 27.72368092 3.40000000
 C	-19.60162657 20.99535818 3.40000000
 C	-1.48620428 28.68489872 3.40000000
 C	-21.01134986 21.16845043 3.40000000
 C	-0.63144034 29.81920878 3.40000000
 C	-11.95355946 25.01325434 3.40000000
 C	-9.68923074 25.97440486 3.40000000
 C	1.63304689 30.78042658 3.40000000
 C	3.89737561 31.74157709 3.40000000
 C	6.16186284 32.70279489 3.40000000
 C	8.42619155 33.66394541 3.40000000
 C	10.69067878 34.62516321 3.40000000
 C	12.95516601 35.58638101 3.40000000
 C	15.21965324 36.54759881 3.40000000
 C	17.48398196 37.50874932 3.40000000
 C	19.74846918 38.46996712 3.40000000
 C	22.01279790 39.43111764 3.40000000
 C	-14.21804669 24.05203654 3.40000000
 C	-7.42474351 26.93562266 3.40000000
 C	24.27728513 40.39233544 3.40000000
 C	26.54177236 41.35355324 3.40000000
 C	28.80625959 42.31477104 3.40000000
 C	31.07058830 43.27592156 3.40000000
 C	33.33507553 44.23713936 3.40000000
 C	35.59940425 45.19828987 3.40000000
 C	37.86389148 46.15950767 3.40000000
 C	40.12837871 47.12072547 3.40000000
 C	42.39286593 48.08194327 3.40000000
 C	44.65719465 49.04309379 3.40000000
 C	-16.48253391 23.09081874 3.40000000
 C	-5.16041479 27.89677318 3.40000000
 C	-18.74702114 22.12960094 3.40000000
 C	-2.89592757 28.85799098 3.40000000
 C	-21.56630922 22.47585274 3.40000000
 C	-1.18639969 31.12661109 3.40000000
 C	-12.50857165 26.32063423 3.40000000
 C	-10.24419010 27.28180717 3.40000000
 C	1.07803470 32.08780646 3.40000000
 C	3.34241625 33.04897940 3.40000000
 C	5.60690348 34.01019720 3.40000000
 C	7.87139071 34.97141500 3.40000000
 C	10.13571943 35.93256552 3.40000000
 C	12.40020665 36.89378332 3.40000000
 C	14.66464105 37.85497869 3.40000000
 C	16.92902260 38.81615164 3.40000000
 C	19.19350983 39.77736944 3.40000000
 C	21.45799706 40.73858724 3.40000000
 C	-14.77300604 25.35943886 3.40000000
 C	-7.97970287 28.24302497 3.40000000
 C	23.72232577 41.69973775 3.40000000
 C	25.98681300 42.66095555 3.40000000
 C	28.25124739 43.62215093 3.40000000
 C	30.51562895 44.58332387 3.40000000
 C	32.78011618 45.54454167 3.40000000
 C	35.04460340 46.50575947 3.40000000
 C	37.30893212 47.46690999 3.40000000
 C	39.57341935 48.42812779 3.40000000
 C	41.83785374 49.38932316 3.40000000
 C	44.10223530 50.35049610 3.40000000
 C	-17.03749327 24.39822106 3.40000000
 C	-5.71521564 29.20424277 3.40000000
 C	-19.30182199 23.43707054 3.40000000
 C	-3.45088692 30.16539329 3.40000000
 C	-11.65377586 27.45479579 3.40000000
 C	-0.33165674 32.26075022 3.40000000
 C	1.93283049 33.22196802 3.40000000
 C	4.19715920 34.18311854 3.40000000
 C	6.46164643 35.14433634 3.40000000
 C	8.72597515 36.10548686 3.40000000
 C	-13.91826309 26.49357799 3.40000000
 C	-9.38944714 28.41594631 3.40000000
 C	10.99046238 37.06670466 3.40000000
 C	13.25494961 38.02792246 3.40000000
 C	15.51943683 38.98914026 3.40000000
 C	17.78376555 39.95029077 3.40000000
 C	20.04825278 40.91150857 3.40000000
 C	22.31258150 41.87265909 3.40000000
 C	24.57706873 42.83387689 3.40000000
 C	26.84155595 43.79509469 3.40000000
 C	29.10604318 44.75631249 3.40000000
 C	31.37037190 45.71746300 3.40000000
 C	33.63485913 46.67868080 3.40000000
 C	-16.18275032 25.53236019 3.40000000
 C	-7.12495992 29.37716411 3.40000000
 C	35.89918785 47.63983132 3.40000000
 C	38.16367507 48.60104912 3.40000000
 C	40.42816230 49.56226692 3.40000000
 C	42.69264953 50.52348472 3.40000000
 C	44.95697825 51.48463524 3.40000000
 C	-4.86063120 30.33831462 3.40000000
 C	-18.44723755 24.57114239 3.40000000
 C	-20.71156626 23.60999187 3.40000000
 C	-2.59614397 31.29953242 3.40000000
 C	-12.20878806 28.76217568 3.40000000
 C	-0.88661610 33.56815254 3.40000000
 C	1.37781829 34.52934791 3.40000000
 C	3.64219985 35.49052085 3.40000000
 C	5.90668708 36.45173865 3.40000000
 C	8.17117430 37.41295645 3.40000000
 C	-14.47322245 27.80098030 3.40000000
 C	-9.94440650 29.72334862 3.40000000
 C	10.43550302 38.37410697 3.40000000
 C	12.69999025 39.33532477 3.40000000
 C	14.96442464 40.29652014 3.40000000
 C	17.22880620 41.25769309 3.40000000
 C	19.49329342 42.21891089 3.40000000
 C	21.75778065 43.18012869 3.40000000
 C	24.02210937 44.14127920 3.40000000
 C	26.28659660 45.10249700 3.40000000
 C	28.55103099 46.06369237 3.40000000
 C	30.81541254 47.02486532 3.40000000
 C	33.07989977 47.98608312 3.40000000
 C	-16.73770968 26.83976250 3.40000000
 C	-7.67991927 30.68456642 3.40000000
 C	35.34438700 48.94730092 3.40000000
 C	37.60871572 49.90845143 3.40000000
 C	39.87320295 50.86966923 3.40000000
 C	42.13763734 51.83086461 3.40000000
 C	44.40201889 52.79203755 3.40000000
 C	-19.00203839 25.87861199 3.40000000
 C	-5.41543204 31.64578422 3.40000000
 C	-21.26652562 24.91739419 3.40000000
 C	-3.15110333 32.60693474 3.40000000
 C	-2.29633939 33.74124480 3.40000000
 C	-13.61845851 28.93529037 3.40000000
 C	-11.35397128 29.89650817 3.40000000
 C	-0.03185216 34.70246260 3.40000000
 C	2.23263506 35.66368040 3.40000000
 C	4.49696378 36.62483091 3.40000000
 C	6.76145101 37.58604871 3.40000000
 C	9.02577973 38.54719923 3.40000000
 C	11.29026696 39.50841703 3.40000000
 C	13.55475418 40.46963483 3.40000000
 C	15.81924141 41.43085263 3.40000000
 C	18.08357013 42.39200315 3.40000000
 C	20.34805736 43.35322095 3.40000000
 C	-15.88294574 27.97407256 3.40000000
 C	-9.08964257 30.85765868 3.40000000
 C	22.61238607 44.31437146 3.40000000
 C	24.87687330 45.27558926 3.40000000
 C	27.14136053 46.23680706 3.40000000
 C	29.40584776 47.19802486 3.40000000
 C	31.67017648 48.15917538 3.40000000
 C	33.93466371 49.12039318 3.40000000
 C	36.19899242 50.08154370 3.40000000
 C	38.46347965 51.04276150 3.40000000
 C	40.72796688 52.00397930 3.40000000
 C	42.99245411 52.96519710 3.40000000
 C	-18.14743297 27.01285476 3.40000000
 C	-6.82515534 31.81887648 3.40000000
 C	45.25678283 53.92634761 3.40000000
 C	-20.41176169 26.05170425 3.40000000
 C	-4.56082662 32.78002700 3.40000000
 C	-2.85129875 35.04864710 3.40000000
 C	-14.17341787 30.24269267 3.40000000
 C	-11.90898347 31.20388804 3.40000000
 C	-0.58681152 36.00986490 3.40000000
 C	1.67762287 36.97106027 3.40000000
 C	3.94200443 37.93223322 3.40000000
 C	6.20649166 38.89345102 3.40000000
 C	8.47097889 39.85466882 3.40000000
 C	10.73530760 40.81581933 3.40000000
 C	12.99979483 41.77703713 3.40000000
 C	15.26422922 42.73823251 3.40000000
 C	17.52861078 43.69940545 3.40000000
 C	19.79309801 44.66062325 3.40000000
 C	-16.43790509 29.28147487 3.40000000
 C	-9.64460192 32.16506098 3.40000000
 C	22.05758523 45.62184105 3.40000000
 C	24.32191395 46.58299157 3.40000000
 C	26.58640118 47.54420937 3.40000000
 C	28.85083557 48.50540474 3.40000000
 C	31.11521712 49.46657768 3.40000000
 C	33.37970435 50.42779548 3.40000000
 C	35.64419158 51.38901328 3.40000000
 C	37.90852030 52.35016380 3.40000000
 C	40.17300753 53.31138160 3.40000000
 C	42.43744192 54.27257697 3.40000000
 C	-18.70223381 28.32032435 3.40000000
 C	-7.38011469 33.12627878 3.40000000
 C	44.70182347 55.23374991 3.40000000
 C	-20.96672104 27.35910655 3.40000000
 C	-5.11562746 34.08749658 3.40000000
 C	-13.31865393 31.37700273 3.40000000
 C	-1.99653481 36.18295716 3.40000000
 C	0.26795242 37.14417496 3.40000000
 C	2.53243965 38.10539276 3.40000000
 C	4.79676836 39.06654328 3.40000000
 C	7.06125559 40.02776108 3.40000000
 C	-15.58314116 30.41578493 3.40000000
 C	9.32558431 40.98891159 3.40000000
 C	-11.05416670 32.33822053 3.40000000
 C	11.59007154 41.95012939 3.40000000
 C	13.85455876 42.91134719 3.40000000
 C	16.11904599 43.87256499 3.40000000
 C	18.38337471 44.83371551 3.40000000
 C	20.64786194 45.79493331 3.40000000
 C	22.91219066 46.75608383 3.40000000
 C	25.17667788 47.71730163 3.40000000
 C	27.44116511 48.67851943 3.40000000
 C	29.70565234 49.63973723 3.40000000
 C	31.96998106 50.60088774 3.40000000
 C	-17.84762839 29.45456713 3.40000000
 C	-8.78983799 33.29937105 3.40000000
 C	34.23446829 51.56210554 3.40000000
 C	36.49879700 52.52325606 3.40000000
 C	38.76328423 53.48447386 3.40000000
 C	41.02777146 54.44569166 3.40000000
 C	43.29225869 55.40690946 3.40000000
 C	45.55658741 56.36805998 3.40000000
 C	-20.11195711 28.49341661 3.40000000
 C	-6.52535076 34.26058885 3.40000000
 C	-4.26102204 35.22173936 3.40000000
 C	-13.87362028 32.68434807 3.40000000
 C	-2.55150116 37.49030250 3.40000000
 C	-0.28701393 38.45152030 3.40000000
 C	1.97742046 39.41271567 3.40000000
 C	4.24180201 40.37388862 3.40000000
 C	6.50628924 41.33510642 3.40000000
 C	-16.13810751 31.72313027 3.40000000
 C	8.77077647 42.29632422 3.40000000
 C	-11.60918589 33.64554344 3.40000000
 C	11.03510518 43.25747474 3.40000000
 C	13.29959241 44.21869254 3.40000000
 C	15.56402680 45.17988791 3.40000000
 C	17.82840836 46.14106085 3.40000000
 C	20.09289559 47.10227865 3.40000000
 C	22.35738282 48.06349645 3.40000000
 C	24.62171153 49.02464697 3.40000000
 C	26.88619876 49.98586477 3.40000000
 C	29.15063315 50.94706014 3.40000000
 C	-18.40243623 30.76197975 3.40000000
 C	31.41501471 51.90823308 3.40000000
 C	-9.34480434 34.60671639 3.40000000
 C	33.67950194 52.86945088 3.40000000
 C	35.94398916 53.83066868 3.40000000
 C	38.20831788 54.79181920 3.40000000
 C	40.47280511 55.75303700 3.40000000
 C	42.73723950 56.71423237 3.40000000
 C	45.00162106 57.67540532 3.40000000
 C	-20.66692346 29.80076195 3.40000000
 C	-7.08031711 35.56793419 3.40000000
 C	-4.81582988 36.52915199 3.40000000
 C	-3.96121746 37.66345173 3.40000000
 C	-15.28333658 32.85749729 3.40000000
 C	-13.01884935 33.81871509 3.40000000
 C	-1.69673023 38.62466953 3.40000000
 C	0.56775700 39.58588733 3.40000000
 C	2.83224423 40.54710513 3.40000000
 C	5.09657294 41.50825564 3.40000000
 C	7.36106017 42.46947344 3.40000000
 C	9.62538889 43.43062396 3.40000000
 C	11.88987612 44.39184176 3.40000000
 C	14.15436335 45.35305956 3.40000000
 C	16.41885057 46.31427736 3.40000000
 C	18.68317929 47.27542788 3.40000000
 C	-17.54782381 31.89627949 3.40000000
 C	-10.75436212 34.77993289 3.40000000
 C	20.94766652 48.23664568 3.40000000
 C	23.21199524 49.19779619 3.40000000
 C	25.47648247 50.15901399 3.40000000
 C	27.74096969 51.12023179 3.40000000
 C	30.00545692 52.08144959 3.40000000
 C	32.26978564 53.04260011 3.40000000
 C	34.53427287 54.00381791 3.40000000
 C	36.79860159 54.96496842 3.40000000
 C	39.06308881 55.92618622 3.40000000
 C	41.32757604 56.88740402 3.40000000
 C	-19.81215252 30.93512898 3.40000000
 C	-8.49003340 35.74108341 3.40000000
 C	43.59206327 57.84862182 3.40000000
 C	45.85639199 58.80977234 3.40000000
 C	-6.22554618 36.70230121 3.40000000
 C	-4.51603929 38.97075041 3.40000000
 C	-15.83831692 34.16472869 3.40000000
 C	-13.57382969 35.12594649 3.40000000
 C	-2.25171057 39.93190092 3.40000000
 C	0.01277666 40.89311872 3.40000000
 C	2.27721105 41.85431410 3.40000000
 C	4.54159260 42.81548704 3.40000000
 C	6.80607983 43.77670484 3.40000000
 C	9.07056706 44.73792264 3.40000000
 C	11.33489578 45.69907316 3.40000000
 C	13.59938300 46.66029096 3.40000000
 C	15.86381740 47.62148633 3.40000000
 C	18.12819895 48.58265927 3.40000000
 C	-18.10264564 33.20357817 3.40000000
 C	-11.30939530 36.08714186 3.40000000
 C	20.39268618 49.54387707 3.40000000
 C	22.65717341 50.50509487 3.40000000
 C	24.92150212 51.46624539 3.40000000
 C	27.18598935 52.42746319 3.40000000
 C	29.45042374 53.38865856 3.40000000
 C	31.71480530 54.34983150 3.40000000
 C	33.97929253 55.31104930 3.40000000
 C	36.24377975 56.27226710 3.40000000
 C	38.50810847 57.23341762 3.40000000
 C	40.77259570 58.19463542 3.40000000
 C	-20.36713287 32.24236037 3.40000000
 C	-9.04501375 37.04831481 3.40000000
 C	43.03703009 59.15583079 3.40000000
 C	45.30141165 60.11700374 3.40000000
 C	-6.78052652 38.00953261 3.40000000
 C	-14.98355298 35.29903874 3.40000000
 C	-3.66143386 40.10499317 3.40000000
 C	-1.39694663 41.06621097 3.40000000
 C	0.86754059 42.02742877 3.40000000
 C	3.13202782 42.98864657 3.40000000
 C	5.39635654 43.94979709 3.40000000
 C	7.66084377 44.91101489 3.40000000
 C	-17.24804021 34.33782094 3.40000000
 C	-12.71906575 36.26025654 3.40000000
 C	9.92517249 45.87216541 3.40000000
 C	12.18965971 46.83338321 3.40000000
 C	14.45414694 47.79460101 3.40000000
 C	16.71863417 48.75581881 3.40000000
 C	18.98296289 49.71696932 3.40000000
 C	21.24745012 50.67818712 3.40000000
 C	23.51177883 51.63933764 3.40000000
 C	25.77626606 52.60055544 3.40000000
 C	28.04075329 53.56177324 3.40000000
 C	-19.51236893 33.37667043 3.40000000
 C	30.30524052 54.52299104 3.40000000
 C	-10.45457853 37.22147434 3.40000000
 C	32.56956924 55.48414156 3.40000000
 C	34.83405646 56.44535936 3.40000000
 C	37.09838518 57.40650987 3.40000000
 C	39.36287241 58.36772767 3.40000000
 C	41.62735964 59.32894547 3.40000000
 C	43.89184687 60.29016327 3.40000000
 C	-8.19024981 38.18262486 3.40000000
 C	-5.92576258 39.14384266 3.40000000
 H	-26.41642239 -38.50071297 3.40000000
 H	-24.15198501 -37.53951634 3.40000000
 H	-21.88749778 -36.57829854 3.40000000
 H	-19.62302716 -35.61708779 3.40000000
 H	-17.35868183 -34.65593022 3.40000000
 H	-15.09419460 -33.69471242 3.40000000
 H	-12.82981604 -32.73354074 3.40000000
 H	-10.56537866 -31.77234411 3.40000000
 H	-8.30089143 -30.81112631 3.40000000
 H	-6.03642082 -29.84991556 3.40000000
 H	-3.77207548 -28.88875799 3.40000000
 H	-1.50758825 -27.92754019 3.40000000
 H	0.75679030 -26.96636851 3.40000000
 H	3.02122769 -26.00517187 3.40000000
 H	5.28571492 -25.04395407 3.40000000
 H	7.55018553 -24.08274333 3.40000000
 H	9.81453086 -23.12158576 3.40000000
 H	12.07901809 -22.16036796 3.40000000
 H	14.34339665 -21.19919627 3.40000000
 H	16.60783404 -20.23799964 3.40000000
 H	18.87232127 -19.27678184 3.40000000
 H	21.13679188 -18.31557109 3.40000000
 H	23.40113721 -17.35441353 3.40000000
 H	25.66562444 -16.39319573 3.40000000
 H	27.93000300 -15.43202404 3.40000000
 H	30.19444039 -14.47082741 3.40000000
 H	32.45892762 -13.50960961 3.40000000
 H	34.72339823 -12.54839886 3.40000000
 H	36.98774356 -11.58724129 3.40000000
 H	38.42849479 -9.67529984 3.40000000
 H	38.72829277 -7.23364122 3.40000000
 H	39.02808296 -4.79204603 3.40000000
 H	39.32788754 -2.35033366 3.40000000
 H	39.62768733 0.09133965 3.40000000
 H	39.92747572 2.53292016 3.40000000
 H	40.22728030 4.97463252 3.40000000
 H	40.52707828 7.41629114 3.40000000
 H	40.82686847 9.85788634 3.40000000
 H	41.12667305 12.29959870 3.40000000
 H	41.42647284 14.74127201 3.40000000
 H	41.72626124 17.18285252 3.40000000
 H	42.02606582 19.62456488 3.40000000
 H	42.32586379 22.06622351 3.40000000
 H	42.62565398 24.50781870 3.40000000
 H	42.92545856 26.94953107 3.40000000
 H	43.22525835 29.39120438 3.40000000
 H	43.52504675 31.83278488 3.40000000
 H	43.82485133 34.27449725 3.40000000
 H	44.12464931 36.71615587 3.40000000
 H	44.42443949 39.15775107 3.40000000
 H	44.72424408 41.59946343 3.40000000
 H	45.02404387 44.04113674 3.40000000
 H	45.32383226 46.48271725 3.40000000
 H	45.62363684 48.92442961 3.40000000
 H	45.92343482 51.36608823 3.40000000
 H	46.22322501 53.80768343 3.40000000
 H	46.52302959 56.24939579 3.40000000
 H	46.82282938 58.69106910 3.40000000
 H	45.88739894 60.89463513 3.40000000
 H	43.51135574 61.18644347 3.40000000
 H	41.24690474 60.22524105 3.40000000
 H	38.98241751 59.26402325 3.40000000
 H	36.71803895 58.30285156 3.40000000
 H	34.45360156 57.34165493 3.40000000
 H	32.18911434 56.38043713 3.40000000
 H	29.92474940 55.41927124 3.40000000
 H	27.66029839 54.45806882 3.40000000
 H	25.39581116 53.49685102 3.40000000
 H	23.13143260 52.53567933 3.40000000
 H	20.86699522 51.57448270 3.40000000
 H	18.60250799 50.61326490 3.40000000
 H	16.33814305 49.65209901 3.40000000
 H	14.07369204 48.69089658 3.40000000
 H	11.80920481 47.72967878 3.40000000
 H	9.54482626 46.76850710 3.40000000
 H	7.28038887 45.80731047 3.40000000
 H	5.01590164 44.84609267 3.40000000
 H	2.75153670 43.88492678 3.40000000
 H	0.48708569 42.92372435 3.40000000
 H	-1.77740153 41.96250655 3.40000000
 H	-4.04178009 41.00133487 3.40000000
 H	-6.30621748 40.04013823 3.40000000
 H	-8.57070471 39.07892043 3.40000000
 H	-10.83506965 38.11775454 3.40000000
 H	-13.09952065 37.15655212 3.40000000
 H	-15.36400788 36.19533432 3.40000000
 H	-17.62838644 35.23416263 3.40000000
 H	-19.89282383 34.27296600 3.40000000
 H	-21.33357506 32.36102455 3.40000000
 H	-21.63336085 29.91946519 3.40000000
 H	-21.93316322 27.47777073 3.40000000
 H	-22.23296780 25.03605837 3.40000000
 H	-22.53276579 22.59439974 3.40000000
 H	-22.83255599 20.15280455 3.40000000
 H	-23.13236057 17.71109219 3.40000000
 H	-23.43214636 15.26953283 3.40000000
 H	-23.73194874 12.82783837 3.40000000
 H	-24.03175332 10.38612601 3.40000000
 H	-24.33155130 7.94446738 3.40000000
 H	-24.63134150 5.50287219 3.40000000
 H	-24.93114608 3.06115982 3.40000000
 H	-25.23093188 0.61960047 3.40000000
 H	-25.53073425 -1.82209399 3.40000000
 H	-25.83053883 -4.26380636 3.40000000
 H	-26.13033681 -6.70546498 3.40000000
 H	-26.43012702 -9.14706017 3.40000000
 H	-26.72993160 -11.58877254 3.40000000
 H	-27.02971739 -14.03033190 3.40000000
 H	-27.32951976 -16.47202636 3.40000000
 H	-27.62932434 -18.91373872 3.40000000
 H	-27.92912233 -21.35539735 3.40000000
 H	-28.22891253 -23.79699254 3.40000000
 H	-28.52871711 -26.23870490 3.40000000
 H	-28.82850290 -28.68026426 3.40000000
 H	-29.12830527 -31.12195872 3.40000000
 H	-29.42810986 -33.56367109 3.40000000
 H	-29.72790784 -36.00532971 3.40000000
 H	-28.79247920 -38.20891043 3.40000000
