 C	-40.29096572 -31.47875239 3.40000000
 C	-37.85485755 -31.13637972 3.40000000
 C	-35.41891991 -30.79403101 3.40000000
 C	-32.98281174 -30.45165833 3.40000000
 C	-30.54670357 -30.10928566 3.40000000
 C	-28.11059540 -29.76691298 3.40000000
 C	-38.05252651 -29.72989201 3.40000000
 C	-25.67465775 -29.42456427 3.40000000
 C	-35.61641834 -29.38751933 3.40000000
 C	-39.36941507 -29.19783450 3.40000000
 C	-23.23854958 -29.08219160 3.40000000
 C	-33.18048069 -29.04517062 3.40000000
 C	-36.93330690 -28.85546182 3.40000000
 C	-20.80261193 -28.73984289 3.40000000
 C	-30.74437252 -28.70279795 3.40000000
 C	-34.49736926 -28.51311311 3.40000000
 C	-18.36650376 -28.39747021 3.40000000
 C	-28.30832119 -28.36043326 3.40000000
 C	-32.06126109 -28.17074044 3.40000000
 C	-15.93039559 -28.05509753 3.40000000
 C	-25.87232671 -28.01807656 3.40000000
 C	-29.62515292 -27.82836776 3.40000000
 C	-13.49428742 -27.71272486 3.40000000
 C	-23.43621854 -27.67570389 3.40000000
 C	-27.18904475 -27.48599508 3.40000000
 C	-37.13097586 -27.44897411 3.40000000
 C	-11.05834978 -27.37037615 3.40000000
 C	-21.00011037 -27.33333121 3.40000000
 C	-24.75310710 -27.14364637 3.40000000
 C	-34.69486769 -27.10660144 3.40000000
 C	-8.62224161 -27.02800347 3.40000000
 C	-18.56417272 -26.99098250 3.40000000
 C	-38.44792893 -26.91707626 3.40000000
 C	-22.31699893 -26.80127370 3.40000000
 C	-32.25893004 -26.76425273 3.40000000
 C	-6.18630396 -26.68565476 3.40000000
 C	-16.12806455 -26.64860982 3.40000000
 C	-36.01182076 -26.57470358 3.40000000
 C	-19.88106128 -26.45892499 3.40000000
 C	-29.82282187 -26.42188005 3.40000000
 C	-3.75019579 -26.34328209 3.40000000
 C	-13.69201322 -26.30624514 3.40000000
 C	-33.57588311 -26.23235487 3.40000000
 C	-17.44495311 -26.11655231 3.40000000
 C	-27.38677054 -26.07951536 3.40000000
 C	-1.31408762 -26.00090941 3.40000000
 C	-11.25601873 -25.96388844 3.40000000
 C	-31.13977494 -25.88998220 3.40000000
 C	-15.00884494 -25.77417964 3.40000000
 C	-24.95077606 -25.73715866 3.40000000
 C	1.12202055 -25.65853674 3.40000000
 C	-8.81991056 -25.62151576 3.40000000
 C	-28.70366677 -25.54760952 3.40000000
 C	-12.57273677 -25.43180696 3.40000000
 C	-22.51466789 -25.39478599 3.40000000
 C	3.55795820 -25.31618803 3.40000000
 C	-6.38380239 -25.27914309 3.40000000
 C	-26.26755860 -25.20523685 3.40000000
 C	-36.20948972 -25.16821587 3.40000000
 C	-10.13679913 -25.08945825 3.40000000
 C	-20.07855972 -25.05241331 3.40000000
 C	5.99406637 -24.97381535 3.40000000
 C	-3.94786475 -24.93679438 3.40000000
 C	-23.83162096 -24.86288814 3.40000000
 C	-33.77338155 -24.82584320 3.40000000
 C	-7.70069096 -24.74708558 3.40000000
 C	-17.64262207 -24.71006460 3.40000000
 C	-37.52637828 -24.63615835 3.40000000
 C	8.43000401 -24.63146664 3.40000000
 C	-1.51175658 -24.59442170 3.40000000
 C	-21.39551279 -24.52051546 3.40000000
 C	-31.33744390 -24.48349449 3.40000000
 C	-5.26475331 -24.40473687 3.40000000
 C	-15.20651390 -24.36769193 3.40000000
 C	-35.09027011 -24.29378568 3.40000000
 C	10.86611218 -24.28909396 3.40000000
 C	0.92429475 -24.25205701 3.40000000
 C	-18.95957514 -24.17816675 3.40000000
 C	-28.90133573 -24.14112181 3.40000000
 C	-2.82864514 -24.06236419 3.40000000
 C	-12.77046257 -24.02532724 3.40000000
 C	-32.65433246 -23.95143697 3.40000000
 C	13.30222035 -23.94672129 3.40000000
 C	3.36028924 -23.90970032 3.40000000
 C	-16.52346697 -23.83579408 3.40000000
 C	-26.46528440 -23.79875713 3.40000000
 C	-0.39253697 -23.71999151 3.40000000
 C	-10.33446808 -23.68297054 3.40000000
 C	-30.21822429 -23.60906429 3.40000000
 C	15.73832852 -23.60434861 3.40000000
 C	5.79639741 -23.56732764 3.40000000
 C	-14.08735880 -23.49342140 3.40000000
 C	-24.02928991 -23.45640043 3.40000000
 C	2.04357120 -23.37761884 3.40000000
 C	-7.89835991 -23.34059787 3.40000000
 C	-27.78211612 -23.26669162 3.40000000
 C	18.17426617 -23.26199990 3.40000000
 C	8.23250558 -23.22495496 3.40000000
 C	-11.65125063 -23.15104872 3.40000000
 C	-21.59318174 -23.11402775 3.40000000
 C	4.47950885 -23.03527013 3.40000000
 C	-5.46225174 -22.99822519 3.40000000
 C	-25.34600795 -22.92431894 3.40000000
 C	20.61037434 -22.91962723 3.40000000
 C	-35.28793907 -22.88729798 3.40000000
 C	10.66844323 -22.88260625 3.40000000
 C	-9.21531298 -22.80870001 3.40000000
 C	-19.15707357 -22.77165508 3.40000000
 C	6.91561702 -22.69289745 3.40000000
 C	-3.02631410 -22.65587648 3.40000000
 C	-22.91007031 -22.58197023 3.40000000
 C	23.04631199 -22.57727852 3.40000000
 C	-32.85183089 -22.54492530 3.40000000
 C	13.10455140 -22.54023358 3.40000000
 C	-6.77920481 -22.46632734 3.40000000
 C	-16.72113593 -22.42930637 3.40000000
 C	-36.60482763 -22.35524045 3.40000000
 C	9.35155466 -22.35054874 3.40000000
 C	-0.59020593 -22.31350380 3.40000000
 C	-20.47396214 -22.23959755 3.40000000
 C	25.48242016 -22.23490584 3.40000000
 C	-30.41589325 -22.20257659 3.40000000
 C	15.54060273 -22.19786889 3.40000000
 C	-4.34326717 -22.12397863 3.40000000
 C	-14.28502776 -22.08693369 3.40000000
 C	-34.16871946 -22.01286778 3.40000000
 C	11.78766283 -22.00817607 3.40000000
 C	1.84584540 -21.97113912 3.40000000
 C	-18.03802449 -21.89724884 3.40000000
 C	27.91852833 -21.89253317 3.40000000
 C	-27.97978508 -21.86020392 3.40000000
 C	17.97659721 -21.85551219 3.40000000
 C	-1.90715900 -21.78160595 3.40000000
 C	-11.84897643 -21.74456900 3.40000000
 C	-31.73278181 -21.67051907 3.40000000
 C	14.22377100 -21.66580339 3.40000000
 C	4.28183989 -21.62878242 3.40000000
 C	-15.60191632 -21.55487617 3.40000000
 C	30.35463650 -21.55016049 3.40000000
 C	-25.54373375 -21.51783923 3.40000000
 C	20.41270538 -21.51313952 3.40000000
 C	0.52894917 -21.43923328 3.40000000
 C	-9.41298194 -21.40221230 3.40000000
 C	-29.29667364 -21.32814639 3.40000000
 C	16.65987917 -21.32343072 3.40000000
 C	6.71794806 -21.28640974 3.40000000
 C	-13.16580815 -21.21250349 3.40000000
 C	32.79057414 -21.20781178 3.40000000
 C	-23.10773926 -21.17548253 3.40000000
 C	22.84881355 -21.17076684 3.40000000
 C	2.96505734 -21.09686060 3.40000000
 C	-6.97687377 -21.05983963 3.40000000
 C	-26.86056547 -20.98577372 3.40000000
 C	19.09581682 -20.98108201 3.40000000
 C	9.15405623 -20.94403707 3.40000000
 C	-10.72969998 -20.87013082 3.40000000
 C	-20.67163109 -20.83310985 3.40000000
 C	25.28475120 -20.82841813 3.40000000
 C	5.40099499 -20.75451189 3.40000000
 C	-4.54076560 -20.71746695 3.40000000
 C	-24.42445730 -20.64340104 3.40000000
 C	21.53192499 -20.63870933 3.40000000
 C	-34.36640992 -20.60643329 3.40000000
 C	11.58999388 -20.60168836 3.40000000
 C	-8.29376233 -20.52778211 3.40000000
 C	-18.23552292 -20.49073718 3.40000000
 C	27.72085937 -20.48604546 3.40000000
 C	7.83710316 -20.41213922 3.40000000
 C	-2.10482795 -20.37511824 3.40000000
 C	-21.98851966 -20.30105233 3.40000000
 C	23.96786264 -20.29636062 3.40000000
 C	-31.93030175 -20.26406061 3.40000000
 C	14.02610205 -20.25931568 3.40000000
 C	-5.85765416 -20.18540943 3.40000000
 C	-15.79958528 -20.14838847 3.40000000
 C	30.15691070 -20.14368077 3.40000000
 C	-35.68327698 -20.07432256 3.40000000
 C	10.27304081 -20.06979051 3.40000000
 C	0.33128022 -20.03274557 3.40000000
 C	-19.55241149 -19.95867966 3.40000000
 C	26.40397081 -19.95398794 3.40000000
 C	-29.49436410 -19.92171190 3.40000000
 C	16.46215338 -19.91695099 3.40000000
 C	-3.42171652 -19.84306072 3.40000000
 C	-13.36347711 -19.80601579 3.40000000
 C	32.59290519 -19.80132407 3.40000000
 C	-33.24716881 -19.73194988 3.40000000
 C	12.70914898 -19.72741783 3.40000000
 C	2.76733155 -19.69038088 3.40000000
 C	-17.11647384 -19.61633095 3.40000000
 C	28.84007898 -19.61161527 3.40000000
 C	-27.05825593 -19.57933923 3.40000000
 C	18.89814786 -19.57459430 3.40000000
 C	-0.98560835 -19.50068805 3.40000000
 C	-10.92742578 -19.46365111 3.40000000
 C	35.02901336 -19.45895139 3.40000000
 C	-30.81123116 -19.38960117 3.40000000
 C	15.14525715 -19.38504515 3.40000000
 C	5.20332603 -19.34802418 3.40000000
 C	-14.68036567 -19.27395827 3.40000000
 C	31.27618715 -19.26924259 3.40000000
 C	-24.62220460 -19.23697454 3.40000000
 C	21.33425603 -19.23222162 3.40000000
 C	1.45049982 -19.15831537 3.40000000
 C	-8.49143129 -19.12129441 3.40000000
 C	-28.37512299 -19.04722850 3.40000000
 C	17.58136532 -19.04267248 3.40000000
 C	7.63943420 -19.00565151 3.40000000
 C	-12.24425750 -18.93158559 3.40000000
 C	33.71212479 -18.92689388 3.40000000
 C	-22.18621012 -18.89461784 3.40000000
 C	23.77036420 -18.88984894 3.40000000
 C	3.88660799 -18.81594269 3.40000000
 C	-6.05532312 -18.77892173 3.40000000
 C	-25.93901482 -18.70485582 3.40000000
 C	20.01730296 -18.70032377 3.40000000
 C	10.07554237 -18.66327883 3.40000000
 C	-9.80814933 -18.58921292 3.40000000
 C	-19.75010194 -18.55224517 3.40000000
 C	26.20630185 -18.54750023 3.40000000
 C	6.32254564 -18.47359398 3.40000000
 C	-3.61921495 -18.43654906 3.40000000
 C	-23.50290665 -18.36248314 3.40000000
 C	22.45341113 -18.35795109 3.40000000
 C	-33.44490227 -18.32562183 3.40000000
 C	12.51148002 -18.32093012 3.40000000
 C	-7.37221168 -18.24686421 3.40000000
 C	-17.31399377 -18.20987249 3.40000000
 C	28.64241002 -18.20512756 3.40000000
 C	8.75865381 -18.13122131 3.40000000
 C	-1.18327730 -18.09420035 3.40000000
 C	-21.06696901 -18.02013443 3.40000000
 C	24.88934878 -18.01560238 3.40000000
 C	-31.00879410 -17.98324916 3.40000000
 C	14.94758819 -17.97855744 3.40000000
 C	-4.93610351 -17.90449153 3.40000000
 C	-14.87805613 -17.86752378 3.40000000
 C	31.07846135 -17.86276287 3.40000000
 C	-34.76179084 -17.79356432 3.40000000
 C	11.19459146 -17.78887260 3.40000000
 C	1.25283087 -17.75182767 3.40000000
 C	-18.63086084 -17.67776176 3.40000000
 C	27.32545695 -17.67322971 3.40000000
 C	-28.57285646 -17.64090045 3.40000000
 C	17.38363952 -17.63619276 3.40000000
 C	-2.50016587 -17.56214282 3.40000000
 C	-12.44194796 -17.52515111 3.40000000
 C	33.51445584 -17.52040617 3.40000000
 C	-32.32568266 -17.45119164 3.40000000
 C	13.63069963 -17.44649992 3.40000000
 C	3.68888220 -17.40946298 3.40000000
 C	-16.19492319 -17.33541305 3.40000000
 C	29.76156512 -17.33085703 3.40000000
 C	-26.13674829 -17.29852777 3.40000000
 C	19.81963401 -17.29383606 3.40000000
 C	-0.06405770 -17.21977015 3.40000000
 C	-10.00589663 -17.18278642 3.40000000
 C	35.95056401 -17.17803350 3.40000000
 C	-29.88974502 -17.10884293 3.40000000
 C	16.06680780 -17.10412725 3.40000000
 C	6.12487668 -17.06710628 3.40000000
 C	-13.75881502 -16.99304037 3.40000000
 C	32.19767329 -16.98848436 3.40000000
 C	-23.70069696 -16.95616308 3.40000000
 C	22.25574218 -16.95146338 3.40000000
 C	2.37205047 -16.87739747 3.40000000
 C	-7.56990214 -16.84042972 3.40000000
 C	-27.45363685 -16.76647026 3.40000000
 C	18.50291597 -16.76175457 3.40000000
 C	8.56098486 -16.72473361 3.40000000
 C	-11.32270685 -16.65066770 3.40000000
 C	34.63361094 -16.64613565 3.40000000
 C	-21.26470247 -16.61380639 3.40000000
 C	24.69185035 -16.60909071 3.40000000
 C	4.80815864 -16.53502480 3.40000000
 C	-5.13379397 -16.49805704 3.40000000
 C	-25.01752868 -16.42409758 3.40000000
 C	20.93885361 -16.41940586 3.40000000
 C	10.99709303 -16.38236093 3.40000000
 C	-8.88659868 -16.30829502 3.40000000
 C	-18.82859430 -16.27143371 3.40000000
 C	27.12778799 -16.26674200 3.40000000
 C	7.24409629 -16.19267609 3.40000000
 C	-2.69768580 -16.15568437 3.40000000
 C	-22.58142051 -16.08172491 3.40000000
 C	23.37496178 -16.07703319 3.40000000
 C	-32.52335162 -16.04470393 3.40000000
 C	13.43303067 -16.04001222 3.40000000
 C	-6.45066103 -15.96594631 3.40000000
 C	-16.39248613 -15.92906103 3.40000000
 C	29.56389616 -15.92436932 3.40000000
 C	9.68020446 -15.85030341 3.40000000
 C	-0.26174816 -15.81333566 3.40000000
 C	-20.14548286 -15.73937620 3.40000000
 C	25.81089943 -15.73468448 3.40000000
 C	-30.08724345 -15.70233126 3.40000000
 C	15.86913884 -15.69763955 3.40000000
 C	-4.01455286 -15.62357364 3.40000000
 C	-13.95654848 -15.58671232 3.40000000
 C	31.99994749 -15.58200463 3.40000000
 C	-33.84024018 -15.51264642 3.40000000
 C	12.11614211 -15.50795470 3.40000000
 C	2.17436002 -15.47096298 3.40000000
 C	-17.70937469 -15.39700352 3.40000000
 C	28.24700760 -15.39231180 3.40000000
 C	-27.65130581 -15.35998255 3.40000000
 C	18.30519017 -15.35527486 3.40000000
 C	-1.57861522 -15.28122493 3.40000000
 C	-11.52044031 -15.24433965 3.40000000
 C	34.43594198 -15.23964794 3.40000000
 C	-31.40413201 -15.17027375 3.40000000
 C	14.55225028 -15.16558202 3.40000000
 C	4.61041134 -15.12859830 3.40000000
 C	-15.27343705 -15.05465481 3.40000000
 C	30.68311577 -15.04993912 3.40000000
 C	-25.21519763 -15.01760987 3.40000000
 C	20.74118466 -15.01291816 3.40000000
 C	0.85749295 -14.93885225 3.40000000
 C	-9.08438898 -14.90197496 3.40000000
 C	36.87205015 -14.89727526 3.40000000
 C	-28.96819437 -14.82792504 3.40000000
 C	16.98835845 -14.82320935 3.40000000
 C	7.04640583 -14.78624160 3.40000000
 C	-12.83732888 -14.71228214 3.40000000
 C	33.11922394 -14.70756645 3.40000000
 C	-22.77914631 -14.67524519 3.40000000
 C	23.17729283 -14.67054549 3.40000000
 C	3.29360113 -14.59647957 3.40000000
 C	-6.64839450 -14.55961826 3.40000000
 C	-26.53208620 -14.48555236 3.40000000
 C	19.42446662 -14.48083667 3.40000000
 C	9.48251400 -14.44386892 3.40000000
 C	-10.40122070 -14.36990946 3.40000000
 C	35.55516159 -14.36521774 3.40000000
 C	-20.34315182 -14.33288849 3.40000000
 C	25.61340100 -14.32817281 3.40000000
 C	5.72970930 -14.25410690 3.40000000
 C	-4.21228633 -14.21724559 3.40000000
 C	-24.09597803 -14.14317969 3.40000000
 C	21.86040426 -14.13848796 3.40000000
 C	11.91862217 -14.10149625 3.40000000
 C	-7.96511253 -14.02753678 3.40000000
 C	-17.90704365 -13.99051581 3.40000000
 C	28.04933864 -13.98582410 3.40000000
 C	8.16564694 -13.91175819 3.40000000
 C	-1.77617816 -13.87487291 3.40000000
 C	-21.65986986 -13.80080701 3.40000000
 C	24.29651243 -13.79611529 3.40000000
 C	-31.60180097 -13.76378604 3.40000000
 C	14.35455982 -13.75914754 3.40000000
 C	-5.52917489 -13.68518807 3.40000000
 C	-15.47093548 -13.64814314 3.40000000
 C	30.48544682 -13.64345142 3.40000000
 C	10.60175511 -13.56938551 3.40000000
 C	0.65975949 -13.53252420 3.40000000
 C	-19.22393221 -13.45845830 3.40000000
 C	26.73245008 -13.45376658 3.40000000
 C	-29.16569280 -13.42141336 3.40000000
 C	16.79066799 -13.41677486 3.40000000
 C	-3.09306672 -13.34281540 3.40000000
 C	-13.03499783 -13.30579443 3.40000000
 C	32.92149814 -13.30108674 3.40000000
 C	-32.91875404 -13.23188819 3.40000000
 C	13.03769276 -13.22703680 3.40000000
 C	3.09586766 -13.19015153 3.40000000
 C	-16.78782404 -13.11608562 3.40000000
 C	29.16855825 -13.11139390 3.40000000
 C	-26.72975515 -13.07906465 3.40000000
 C	19.22671932 -13.07441017 3.40000000
 C	-0.65712907 -13.00046669 3.40000000
 C	-10.59888966 -12.96342175 3.40000000
 C	35.35749263 -12.95873004 3.40000000
 C	-30.48264587 -12.88951551 3.40000000
 C	15.47380093 -12.88466413 3.40000000
 C	5.53191899 -12.84778684 3.40000000
 C	-14.35188639 -12.77373691 3.40000000
 C	31.60466642 -12.76902123 3.40000000
 C	-24.29364698 -12.73669198 3.40000000
 C	21.66271381 -12.73205347 3.40000000
 C	1.77897910 -12.65809401 3.40000000
 C	-8.16283833 -12.62105706 3.40000000
 C	37.79360080 -12.61635736 3.40000000
 C	-28.04670822 -12.54716680 3.40000000
 C	17.90990910 -12.54229145 3.40000000
 C	7.96791348 -12.50543014 3.40000000
 C	-11.91577822 -12.43136424 3.40000000
 C	34.04077459 -12.42664855 3.40000000
 C	-21.85759566 -12.39432729 3.40000000
 C	24.09882198 -12.38968080 3.40000000
 C	4.21508727 -12.31572134 3.40000000
 C	-5.72684385 -12.27870036 3.40000000
 C	-25.61060005 -12.20479412 3.40000000
 C	20.34601727 -12.19991878 3.40000000
 C	10.40402165 -12.16305746 3.40000000
 C	-9.47967005 -12.08899156 3.40000000
 C	36.47671224 -12.08429984 3.40000000
 C	-19.42160117 -12.05197059 3.40000000
 C	26.53493015 -12.04730812 3.40000000
 C	6.65119544 -11.97334866 3.40000000
 C	-3.29073567 -11.93632769 3.40000000
 C	-23.17449188 -11.86242145 3.40000000
 C	22.78195492 -11.85757007 3.40000000
 C	12.84012982 -11.82068479 3.40000000
 C	-7.04356188 -11.74661889 3.40000000
 C	-16.98549300 -11.70959791 3.40000000
 C	28.97086779 -11.70495941 3.40000000
 C	9.08713309 -11.63099995 3.40000000
 C	-0.85462750 -11.59395501 3.40000000
 C	-20.73838371 -11.52004877 3.40000000
 C	25.21806309 -11.51519739 3.40000000
 C	-30.68031483 -11.48302780 3.40000000
 C	15.27606746 -11.47833608 3.40000000
 C	-4.60762424 -11.40427018 3.40000000
 C	-14.54938483 -11.36722524 3.40000000
 C	31.40697596 -11.36258674 3.40000000
 C	11.52324126 -11.28862728 3.40000000
 C	1.58131014 -11.25160630 3.40000000
 C	-18.30244607 -11.17770006 3.40000000
 C	27.65400073 -11.17284868 3.40000000
 C	-28.24420666 -11.14065512 3.40000000
 C	17.71217563 -11.13596340 3.40000000
 C	-2.17151607 -11.06189750 3.40000000
 C	-12.11344718 -11.02487653 3.40000000
 C	33.84302729 -11.02022205 3.40000000
 C	-31.99720339 -10.95097028 3.40000000
 C	13.95917890 -10.94627857 3.40000000
 C	4.01741831 -10.90923363 3.40000000
 C	-15.86633790 -10.83532739 3.40000000
 C	30.09010890 -10.83047600 3.40000000
 C	-25.80826901 -10.79830641 3.40000000
 C	20.14822696 -10.79359872 3.40000000
 C	0.26442158 -10.71954879 3.40000000
 C	-9.67733901 -10.68250385 3.40000000
 C	36.27902178 -10.67786535 3.40000000
 C	-29.56109522 -10.60859760 3.40000000
 C	16.39528707 -10.60390589 3.40000000
 C	6.45346964 -10.56686894 3.40000000
 C	-13.43040025 -10.49297868 3.40000000
 C	32.52621707 -10.48810333 3.40000000
 C	-23.37216084 -10.45593374 3.40000000
 C	22.58422145 -10.45124202 3.40000000
 C	2.70052975 -10.37717612 3.40000000
 C	-7.24128768 -10.34013917 3.40000000
 C	38.71512995 -10.33549268 3.40000000
 C	-27.12515758 -10.26624889 3.40000000
 C	18.83139524 -10.26153321 3.40000000
 C	8.88946413 -10.22451224 3.40000000
 C	-10.99429208 -10.15060600 3.40000000
 C	34.96232524 -10.14573065 3.40000000
 C	-20.93610951 -10.11356905 3.40000000
 C	25.02032962 -10.10886934 3.40000000
 C	5.13663792 -10.03480344 3.40000000
 C	-4.80529319 -9.99778247 3.40000000
 C	-24.68904941 -9.92387622 3.40000000
 C	21.26750341 -9.91916054 3.40000000
 C	11.32557230 -9.88213957 3.40000000
 C	-8.55818391 -9.80823333 3.40000000
 C	37.39826289 -9.80338194 3.40000000
 C	-18.50011502 -9.77121235 3.40000000
 C	27.45643779 -9.76649667 3.40000000
 C	7.57274609 -9.69243076 3.40000000
 C	-2.36918502 -9.65540979 3.40000000
 C	-22.25294123 -9.58150354 3.40000000
 C	23.70344106 -9.57681183 3.40000000
 C	13.76168047 -9.53976689 3.40000000
 C	-6.12207574 -9.46586065 3.40000000
 C	-16.06400685 -9.42883968 3.40000000
 C	29.89237544 -9.42414796 3.40000000
 C	10.00868374 -9.35008205 3.40000000
 C	0.06692315 -9.31303712 3.40000000
 C	-19.81683306 -9.23913087 3.40000000
 C	26.13954923 -9.23443915 3.40000000
 C	-29.75876418 -9.20210990 3.40000000
 C	16.19761812 -9.19741818 3.40000000
 C	-3.68613809 -9.12351194 3.40000000
 C	-13.62789868 -9.08646700 3.40000000
 C	32.32848361 -9.08177528 3.40000000
 C	12.44479191 -9.00770938 3.40000000
 C	2.50286079 -8.97068841 3.40000000
 C	-17.38089542 -8.89678216 3.40000000
 C	28.57548687 -8.89209044 3.40000000
 C	-27.32265601 -8.85973723 3.40000000
 C	18.63372629 -8.85504550 3.40000000
 C	-1.25002992 -8.78113926 3.40000000
 C	-11.19196104 -8.74411829 3.40000000
 C	34.76453494 -8.73941059 3.40000000
 C	-31.07565274 -8.67005238 3.40000000
 C	14.88072955 -8.66536067 3.40000000
 C	4.93896896 -8.62831573 3.40000000
 C	-14.94478725 -8.55440948 3.40000000
 C	31.01159505 -8.54971777 3.40000000
 C	-24.88671836 -8.51738852 3.40000000
 C	21.06977761 -8.51268082 3.40000000
 C	1.18590772 -8.43879055 3.40000000
 C	-8.75585287 -8.40174562 3.40000000
 C	37.20052942 -8.39705389 3.40000000
 C	-28.63954457 -8.32767970 3.40000000
 C	17.31683772 -8.32298799 3.40000000
 C	7.37502029 -8.28595104 3.40000000
 C	-12.50884960 -8.21206077 3.40000000
 C	33.44770322 -8.20734509 3.40000000
 C	-22.45061019 -8.17501584 3.40000000
 C	23.50577210 -8.17032412 3.40000000
 C	3.62201589 -8.09641788 3.40000000
 C	-6.31980154 -8.05938093 3.40000000
 C	39.63663759 -8.05468122 3.40000000
 C	-26.20360692 -7.98533099 3.40000000
 C	19.75294589 -7.98061532 3.40000000
 C	9.81101478 -7.94359434 3.40000000
 C	-10.07274143 -7.86968809 3.40000000
 C	35.88381139 -7.86497242 3.40000000
 C	-20.01455886 -7.83265115 3.40000000
 C	25.94188027 -7.82795144 3.40000000
 C	6.05812406 -7.75404520 3.40000000
 C	-3.88380705 -7.71702423 3.40000000
 C	-23.76749875 -7.64295832 3.40000000
 C	22.18905406 -7.63824264 3.40000000
 C	12.24712295 -7.60122167 3.40000000
 C	-7.63663326 -7.52731542 3.40000000
 C	38.31974903 -7.52262371 3.40000000
 C	-17.57856437 -7.49029446 3.40000000
 C	28.37798844 -7.48557877 3.40000000
 C	8.49423223 -7.41167253 3.40000000
 C	-1.44769888 -7.37465155 3.40000000
 C	-21.33139058 -7.30058564 3.40000000
 C	24.62499171 -7.29589393 3.40000000
 C	14.68323112 -7.25884899 3.40000000
 C	-5.20052509 -7.18494274 3.40000000
 C	-15.14245620 -7.14792178 3.40000000
 C	30.81392609 -7.14323006 3.40000000
 C	10.93016988 -7.06932382 3.40000000
 C	0.98840929 -7.03227888 3.40000000
 C	-18.89528241 -6.95821297 3.40000000
 C	27.06109988 -6.95352126 3.40000000
 C	-28.83723503 -6.92124521 3.40000000
 C	17.11916877 -6.91650028 3.40000000
 C	-2.76458744 -6.84259403 3.40000000
 C	-12.70634803 -6.80554910 3.40000000
 C	33.25003426 -6.80085738 3.40000000
 C	13.36627805 -6.72695114 3.40000000
 C	3.42434694 -6.68993017 3.40000000
 C	-16.45934477 -6.61586426 3.40000000
 C	29.49703753 -6.61117255 3.40000000
 C	-26.40112686 -6.57887254 3.40000000
 C	19.55527694 -6.57412761 3.40000000
 C	-0.32847927 -6.50022136 3.40000000
 C	-10.27041039 -6.46320039 3.40000000
 C	35.68608559 -6.45849269 3.40000000
 C	-30.15410209 -6.38913448 3.40000000
 C	15.80221570 -6.38460243 3.40000000
 C	5.86045511 -6.34755749 3.40000000
 C	-14.02323660 -6.27349158 3.40000000
 C	31.93314570 -6.26879987 3.40000000
 C	-23.96518921 -6.23652383 3.40000000
 C	21.99132826 -6.23176292 3.40000000
 C	2.10745837 -6.15787265 3.40000000
 C	-7.83430222 -6.12082772 3.40000000
 C	38.12208008 -6.11613600 3.40000000
 C	-27.71799392 -6.04676181 3.40000000
 C	18.23832387 -6.04222976 3.40000000
 C	8.29650643 -6.00519281 3.40000000
 C	-11.58729895 -5.93114287 3.40000000
 C	34.36925387 -5.92642719 3.40000000
 C	-21.52908104 -5.89415115 3.40000000
 C	24.42732275 -5.88940622 3.40000000
 C	4.54356654 -5.81549997 3.40000000
 C	-5.39825089 -5.77846303 3.40000000
 C	40.55818825 -5.77376332 3.40000000
 C	-25.28205627 -5.70441310 3.40000000
 C	20.67443204 -5.69985708 3.40000000
 C	10.73250092 -5.66283611 3.40000000
 C	-9.15119078 -5.58877020 3.40000000
 C	36.80536204 -5.58405452 3.40000000
 C	-19.09302971 -5.55178647 3.40000000
 C	26.86343092 -5.54703355 3.40000000
 C	6.97967471 -5.47312730 3.40000000
 C	-2.96225640 -5.43610633 3.40000000
 C	-22.84594810 -5.36204042 3.40000000
 C	23.11054021 -5.35748440 3.40000000
 C	13.16860909 -5.32046343 3.40000000
 C	-6.71508261 -5.24639752 3.40000000
 C	39.24129968 -5.24170581 3.40000000
 C	-16.65703523 -5.20942977 3.40000000
 C	29.29953909 -5.20466087 3.40000000
 C	9.41578288 -5.13075462 3.40000000
 C	-0.52614823 -5.09373366 3.40000000
 C	-20.40983993 -5.01966775 3.40000000
 C	25.54647785 -5.01513569 3.40000000
 C	15.60471726 -4.97809076 3.40000000
 C	-4.27897444 -4.90402484 3.40000000
 C	-14.22092706 -4.86705709 3.40000000
 C	31.73547674 -4.86231216 3.40000000
 C	11.85172053 -4.78840591 3.40000000
 C	1.90995994 -4.75136098 3.40000000
 C	-17.97373176 -4.67729507 3.40000000
 C	27.98258602 -4.67276302 3.40000000
 C	-27.91572738 -4.64043376 3.40000000
 C	18.04065491 -4.63574205 3.40000000
 C	-1.84303679 -4.56167613 3.40000000
 C	-11.78481889 -4.52468442 3.40000000
 C	34.17158491 -4.51993948 3.40000000
 C	14.28782870 -4.44603323 3.40000000
 C	4.34589759 -4.40901227 3.40000000
 C	-15.53779412 -4.33494636 3.40000000
 C	30.41852367 -4.33041431 3.40000000
 C	-25.47961921 -4.29806108 3.40000000
 C	20.47676308 -4.29336937 3.40000000
 C	0.59307138 -4.21930346 3.40000000
 C	-9.34888124 -4.18233571 3.40000000
 C	36.60763624 -4.17757480 3.40000000
 C	-29.23261595 -4.10837625 3.40000000
 C	16.72376634 -4.10368452 3.40000000
 C	6.78200576 -4.06663960 3.40000000
 C	-13.10168595 -3.99257368 3.40000000
 C	32.85463184 -3.98804163 3.40000000
 C	-23.04368157 -3.95571237 3.40000000
 C	22.91281441 -3.95100468 3.40000000
 C	3.02900902 -3.87695475 3.40000000
 C	-6.91277307 -3.83996303 3.40000000
 C	39.04363073 -3.83521810 3.40000000
 C	-26.79650778 -3.76600357 3.40000000
 C	19.15987452 -3.76131185 3.40000000
 C	9.21805709 -3.72427491 3.40000000
 C	-10.66574830 -3.65022497 3.40000000
 C	35.29074001 -3.64566896 3.40000000
 C	-20.60757340 -3.61333970 3.40000000
 C	25.34880890 -3.60864798 3.40000000
 C	5.46511719 -3.53458207 3.40000000
 C	-4.47672174 -3.49759834 3.40000000
 C	41.47973890 -3.49284542 3.40000000
 C	-24.36057013 -3.42365486 3.40000000
 C	21.59598269 -3.41893917 3.40000000
 C	11.65405157 -3.38191821 3.40000000
 C	-8.22964013 -3.30785230 3.40000000
 C	37.72684818 -3.30329628 3.40000000
 C	-18.17152207 -3.27097501 3.40000000
 C	27.78491707 -3.26627531 3.40000000
 C	7.90122536 -3.19220940 3.40000000
 C	-2.04072725 -3.15524164 3.40000000
 C	-21.92446196 -3.08128218 3.40000000
 C	24.03209086 -3.07656650 3.40000000
 C	14.09015974 -3.03954553 3.40000000
 C	-5.79353196 -2.96547962 3.40000000
 C	40.16278583 -2.96094757 3.40000000
 C	-15.73552758 -2.92861831 3.40000000
 C	30.22102524 -2.92390263 3.40000000
 C	10.33733353 -2.84983672 3.40000000
 C	0.39538092 -2.81286897 3.40000000
 C	-19.48835379 -2.73890951 3.40000000
 C	26.46802850 -2.73421779 3.40000000
 C	16.52626791 -2.69717286 3.40000000
 C	-3.35742379 -2.62310695 3.40000000
 C	-13.29941941 -2.58624564 3.40000000
 C	32.65696288 -2.58155392 3.40000000
 C	12.77327118 -2.50748801 3.40000000
 C	2.83148909 -2.47049629 3.40000000
 C	-17.05224562 -2.39653683 3.40000000
 C	28.90413667 -2.39184511 3.40000000
 C	-26.99417673 -2.35951586 3.40000000
 C	18.96220556 -2.35482415 3.40000000
 C	-0.92148614 -2.28075824 3.40000000
 C	-10.86331124 -2.24387296 3.40000000
 C	35.09307105 -2.23918125 3.40000000
 C	15.20937935 -2.16511534 3.40000000
 C	5.26742673 -2.12814758 3.40000000
 C	-14.61630797 -2.05418812 3.40000000
 C	31.34007432 -2.04949640 3.40000000
 C	-24.55806856 -2.01714318 3.40000000
 C	21.39831373 -2.01245147 3.40000000
 C	1.51462203 -1.93838556 3.40000000
 C	-8.42737359 -1.90152425 3.40000000
 C	37.52912238 -1.89681656 3.40000000
 C	-28.31106530 -1.82745835 3.40000000
 C	17.64531700 -1.82276663 3.40000000
 C	7.70353490 -1.78577491 3.40000000
 C	-12.18019980 -1.71181545 3.40000000
 C	33.77618249 -1.70712373 3.40000000
 C	-22.12213092 -1.67479447 3.40000000
 C	23.83436506 -1.67008679 3.40000000
 C	3.95055967 -1.59603685 3.40000000
 C	-5.99126542 -1.55915157 3.40000000
 C	39.96511687 -1.55445986 3.40000000
 C	-25.87495713 -1.48508567 3.40000000
 C	20.08142517 -1.48039395 3.40000000
 C	10.13958623 -1.44341022 3.40000000
 C	-9.74426216 -1.36946674 3.40000000
 C	36.21229066 -1.36475105 3.40000000
 C	-19.68602275 -1.33242180 3.40000000
 C	26.27035955 -1.32773009 3.40000000
 C	6.38666784 -1.25366418 3.40000000
 C	-3.55521409 -1.21678689 3.40000000
 C	42.40122504 -1.21208719 3.40000000
 C	-23.43901948 -1.14273696 3.40000000
 C	22.51753334 -1.13802127 3.40000000
 C	12.57558072 -1.10105352 3.40000000
 C	-7.30815399 -1.02709406 3.40000000
 C	38.64839883 -1.02237837 3.40000000
 C	-17.24997142 -0.99005711 3.40000000
 C	28.70646772 -0.98535741 3.40000000
 C	8.82277601 -0.91129150 3.40000000
 C	-1.11921961 -0.87443019 3.40000000
 C	-21.00291131 -0.80036429 3.40000000
 C	24.95364151 -0.79564860 3.40000000
 C	15.01168889 -0.75868085 3.40000000
 C	-4.87204582 -0.68472139 3.40000000
 C	41.08433648 -0.68002966 3.40000000
 C	-14.81397693 -0.64770041 3.40000000
 C	31.14257589 -0.64298474 3.40000000
 C	11.25888418 -0.56891882 3.40000000
 C	1.31688856 -0.53205751 3.40000000
 C	-18.56680314 -0.45799161 3.40000000
 C	27.38957915 -0.45329989 3.40000000
 C	17.44779706 -0.41630817 3.40000000
 C	-2.43593765 -0.34234871 3.40000000
 C	-12.37786876 -0.30532774 3.40000000
 C	33.57851353 -0.30063603 3.40000000
 C	13.69482183 -0.22657011 3.40000000
 C	3.75299673 -0.18968484 3.40000000
 C	-16.13069497 -0.11561893 3.40000000
 C	29.82568732 -0.11092721 3.40000000
 C	-26.07262608 -0.07859796 3.40000000
 C	19.88373471 -0.07395946 3.40000000
 C	0.00000000 0.00000000 3.40000000
 C	-9.94176059 0.03704494 3.40000000
 C	36.01462170 0.04173665 3.40000000
 C	16.13093000 0.11580256 3.40000000
 C	6.18893438 0.15266387 3.40000000
 C	-13.69475732 0.22672978 3.40000000
 C	32.26162497 0.23142150 3.40000000
 C	-23.63651791 0.26377471 3.40000000
 C	22.31984288 0.26841322 3.40000000
 C	2.43610817 0.34237268 3.40000000
 C	-7.50582294 0.37939365 3.40000000
 C	38.45067303 0.38410134 3.40000000
 C	-27.38957915 0.45329989 3.40000000
 C	18.56686765 0.45815127 3.40000000
 C	8.62504255 0.49503655 3.40000000
 C	-11.25864915 0.56910245 3.40000000
 C	34.69773314 0.57379417 3.40000000
 C	-21.20058027 0.60612342 3.40000000
 C	24.75589421 0.61077790 3.40000000
 C	4.87204582 0.68472139 3.40000000
 C	-5.06971477 0.72176632 3.40000000
 C	40.88666752 0.72645804 3.40000000
 C	-24.95347098 0.79567256 3.40000000
 C	21.00297582 0.80052395 3.40000000
 C	11.06109388 0.83740124 3.40000000
 C	-8.82271151 0.91145116 3.40000000
 C	37.13384131 0.91616685 3.40000000
 C	-18.76447210 0.94849610 3.40000000
 C	27.19188869 0.95313460 3.40000000
 C	7.30815399 1.02709406 3.40000000
 C	-2.63366344 1.06413101 3.40000000
 C	43.32277569 1.06883071 3.40000000
 C	-22.51753334 1.13802127 3.40000000
 C	23.43908399 1.14289662 3.40000000
 C	13.49708837 1.17975793 3.40000000
 C	-6.38660334 1.25382384 3.40000000
 C	39.56994948 1.25853952 3.40000000
 C	-16.32842077 1.29086079 3.40000000
 C	29.62799686 1.29550728 3.40000000
 C	9.74426216 1.36946674 3.40000000
 C	-0.19766896 1.40648771 3.40000000
 C	-20.08142517 1.48039395 3.40000000
 C	25.87519216 1.48526930 3.40000000
 C	15.93319654 1.52213061 3.40000000
 C	-3.95049517 1.59619651 3.40000000
 C	42.00588713 1.60088823 3.40000000
 C	-13.89242628 1.63321749 3.40000000
 C	32.06410503 1.63787995 3.40000000
 C	12.18037033 1.71183941 3.40000000
 C	2.23843921 1.74886039 3.40000000
 C	-17.64531700 1.82276663 3.40000000
 C	28.31112980 1.82761801 3.40000000
 C	18.36930471 1.86450329 3.40000000
 C	-1.51438700 1.93856919 3.40000000
 C	-11.45631811 1.97559016 3.40000000
 C	34.50004268 1.98022866 3.40000000
 C	14.61630797 2.05418812 3.40000000
 C	4.67454738 2.09123306 3.40000000
 C	-15.20920883 2.16513930 3.40000000
 C	30.74723797 2.16999068 3.40000000
 C	-25.15113994 2.20216027 3.40000000
 C	20.80524235 2.20685200 3.40000000
 C	0.92155065 2.28091790 3.40000000
 C	-9.02020994 2.31796284 3.40000000
 C	36.93615085 2.32260134 3.40000000
 C	17.05241614 2.39656080 3.40000000
 C	7.11048503 2.43358177 3.40000000
 C	-12.77327118 2.50748801 3.40000000
 C	33.18317562 2.51233940 3.40000000
 C	-22.71503177 2.54453295 3.40000000
 C	23.24135052 2.54922467 3.40000000
 C	3.35765882 2.62329057 3.40000000
 C	-6.58427229 2.66031155 3.40000000
 C	39.37220218 2.66496603 3.40000000
 C	-26.46802850 2.73421780 3.40000000
 C	19.48835379 2.73890951 3.40000000
 C	9.54659320 2.77595445 3.40000000
 C	-10.33716301 2.84986069 3.40000000
 C	35.61928379 2.85471207 3.40000000
 C	-20.27909412 2.88688166 3.40000000
 C	25.67740185 2.89158936 3.40000000
 C	5.79359647 2.96563928 3.40000000
 C	-4.14816412 3.00268422 3.40000000
 C	41.80819667 3.00732272 3.40000000
 C	-24.03192033 3.07659047 3.40000000
 C	21.92446196 3.08128218 3.40000000
 C	11.98264453 3.11831913 3.40000000
 C	-7.90122536 3.19220940 3.40000000
 C	38.05539196 3.19708475 3.40000000
 C	-17.84298595 3.22925434 3.40000000
 C	28.11339634 3.23394606 3.40000000
 C	8.22970464 3.30801196 3.40000000
 C	-1.71211279 3.34504891 3.40000000
 C	44.24430484 3.34969540 3.40000000
 C	-21.59598269 3.41893918 3.40000000
 C	24.36057013 3.42365486 3.40000000
 C	14.41863902 3.46067583 3.40000000
 C	-5.46511719 3.53458207 3.40000000
 C	40.49150013 3.53945742 3.40000000
 C	-15.40693462 3.57161902 3.40000000
 C	30.54950451 3.57631873 3.40000000
 C	10.66581281 3.65038464 3.40000000
 C	0.72388169 3.68740561 3.40000000
 C	-19.15987452 3.76131186 3.40000000
 C	26.79667830 3.76602754 3.40000000
 C	16.85474719 3.80304851 3.40000000
 C	-3.02900902 3.87695475 3.40000000
 C	42.92743778 3.88180613 3.40000000
 C	-12.97094014 3.91397572 3.40000000
 C	32.98561268 3.91869141 3.40000000
 C	13.10192098 3.99275731 3.40000000
 C	3.15998986 4.02977828 3.40000000
 C	-16.72376635 4.10368453 3.40000000
 C	29.23261595 4.10837625 3.40000000
 C	19.29085536 4.14542118 3.40000000
 C	-0.59290085 4.21932742 3.40000000
 C	-10.53483197 4.25634840 3.40000000
 C	35.42155033 4.26104012 3.40000000
 C	15.53785862 4.33510602 3.40000000
 C	5.59609803 4.37215096 3.40000000
 C	-14.28765818 4.44605721 3.40000000
 C	31.66872412 4.45074892 3.40000000
 C	-24.22958929 4.48307817 3.40000000
 C	21.72679300 4.48776989 3.40000000
 C	1.84303679 4.56167613 3.40000000
 C	-8.09872380 4.59872107 3.40000000
 C	37.85765850 4.60341279 3.40000000
 C	17.97396679 4.67747870 3.40000000
 C	8.03203568 4.71449967 3.40000000
 C	-11.85172053 4.78840592 3.40000000
 C	34.10466176 4.79309763 3.40000000
 C	-21.79348112 4.82545085 3.40000000
 C	24.16290117 4.83014257 3.40000000
 C	4.27914496 4.90404881 3.40000000
 C	-5.66278615 4.94106978 3.40000000
 C	40.29370983 4.94577748 3.40000000
 C	-25.54647785 5.01513569 3.40000000
 C	20.40990444 5.01982741 3.40000000
 C	10.46814385 5.05687235 3.40000000
 C	-9.41561236 5.13077860 3.40000000
 C	36.54076993 5.13547031 3.40000000
 C	-19.35754347 5.16779956 3.40000000
 C	26.59895250 5.17250726 3.40000000
 C	6.71508261 5.24639752 3.40000000
 C	-3.22667798 5.28344246 3.40000000
 C	42.72970431 5.28813418 3.40000000
 C	-23.11036968 5.35750837 3.40000000
 C	22.84601261 5.36220008 3.40000000
 C	12.90419518 5.39923703 3.40000000
 C	-6.97967471 5.47312731 3.40000000
 C	38.97687810 5.47784298 3.40000000
 C	-16.92143530 5.51017223 3.40000000
 C	29.03494699 5.51486396 3.40000000
 C	9.15119078 5.58877020 3.40000000
 C	-0.79062665 5.62580715 3.40000000
 C	45.16581248 5.63050686 3.40000000
 C	-20.67443204 5.69985708 3.40000000
 C	25.28212078 5.70457276 3.40000000
 C	15.34018967 5.74159373 3.40000000
 C	-4.54356654 5.81549998 3.40000000
 C	41.41298627 5.82021566 3.40000000
 C	-14.48538397 5.85253692 3.40000000
 C	31.47105516 5.85723663 3.40000000
 C	11.58729895 5.93114287 3.40000000
 C	1.64536784 5.96816384 3.40000000
 C	-18.23832387 6.04222976 3.40000000
 C	27.71822895 6.04694543 3.40000000
 C	17.77629784 6.08396641 3.40000000
 C	-2.10745837 6.15787266 3.40000000
 C	43.84892392 6.16256437 3.40000000
 C	-12.04938949 6.19489362 3.40000000
 C	33.90716333 6.19960931 3.40000000
 C	14.02340712 6.27351555 3.40000000
 C	4.08147601 6.31053652 3.40000000
 C	-15.80221570 6.38460243 3.40000000
 C	30.15416660 6.38929414 3.40000000
 C	20.21240601 6.42633908 3.40000000
 C	0.32864980 6.50024533 3.40000000
 C	-9.61328132 6.53726630 3.40000000
 C	36.34310098 6.54195802 3.40000000
 C	16.45934477 6.61586426 3.40000000
 C	6.51758418 6.65290920 3.40000000
 C	-13.36610753 6.72697511 3.40000000
 C	32.59027477 6.73166682 3.40000000
 C	-23.30806014 6.76394286 3.40000000
 C	22.64834365 6.76868779 3.40000000
 C	2.76458744 6.84259404 3.40000000
 C	-7.17717314 6.87963897 3.40000000
 C	38.77920915 6.88433069 3.40000000
 C	18.89545294 6.95823693 3.40000000
 C	8.95352182 6.99525791 3.40000000
 C	-10.93016988 7.06932382 3.40000000
 C	35.02621241 7.07401553 3.40000000
 C	-20.87195197 7.10631554 3.40000000
 C	25.08445182 7.11106047 3.40000000
 C	5.20069561 7.18496672 3.40000000
 C	-4.74123550 7.22198768 3.40000000
 C	41.21526048 7.22669538 3.40000000
 C	-24.62492720 7.29605359 3.40000000
 C	21.33139058 7.30058564 3.40000000
 C	11.38962999 7.33763058 3.40000000
 C	-8.49406171 7.41169649 3.40000000
 C	37.46232058 7.41638821 3.40000000
 C	-18.43601433 7.44866425 3.40000000
 C	27.52050315 7.45342516 3.40000000
 C	7.63663326 7.52731543 3.40000000
 C	-2.30512733 7.56436036 3.40000000
 C	43.65125496 7.56905208 3.40000000
 C	-22.18881903 7.63842627 3.40000000
 C	23.76749875 7.64295832 3.40000000
 C	13.82568132 7.67999527 3.40000000
 C	-6.05812406 7.75404520 3.40000000
 C	39.89842875 7.75876088 3.40000000
 C	-15.99990615 7.79103692 3.40000000
 C	29.95649764 7.79578185 3.40000000
 C	10.07274143 7.86968810 3.40000000
 C	0.13092400 7.90672504 3.40000000
 C	46.08736313 7.91142475 3.40000000
 C	-19.75288139 7.98077498 3.40000000
 C	26.20360692 7.98533099 3.40000000
 C	16.26167581 8.02235197 3.40000000
 C	-3.62201589 8.09641788 3.40000000
 C	42.33453692 8.10113356 3.40000000
 C	-13.56385483 8.13340161 3.40000000
 C	32.39260581 8.13815453 3.40000000
 C	12.50884960 8.21206078 3.40000000
 C	2.56691849 8.24908174 3.40000000
 C	-17.31677322 8.32314765 3.40000000
 C	28.63971509 8.32770367 3.40000000
 C	18.69778398 8.36472464 3.40000000
 C	-1.18590772 8.43879055 3.40000000
 C	44.77047457 8.44348227 3.40000000
 C	-11.12786034 8.47575831 3.40000000
 C	34.82871398 8.48052721 3.40000000
 C	14.94495777 8.55443346 3.40000000
 C	5.00302666 8.59145442 3.40000000
 C	-14.88066504 8.66552033 3.40000000
 C	31.07565274 8.67005238 3.40000000
 C	21.13389215 8.70709732 3.40000000
 C	1.25020045 8.78116323 3.40000000
 C	-8.69175217 8.81813098 3.40000000
 C	37.26465163 8.82287592 3.40000000
 C	17.38089542 8.89678217 3.40000000
 C	7.43913483 8.93382709 3.40000000
 C	-12.44455687 9.00789301 3.40000000
 C	33.51176091 9.01242506 3.40000000
 C	-22.38655250 9.04475432 3.40000000
 C	23.56982980 9.04944603 3.40000000
 C	3.68613809 9.12351194 3.40000000
 C	-6.25564400 9.16050366 3.40000000
 C	39.70075980 9.16524859 3.40000000
 C	19.81700359 9.23915484 3.40000000
 C	9.87507247 9.27617580 3.40000000
 C	-10.00861923 9.35024172 3.40000000
 C	35.94769856 9.35477377 3.40000000
 C	-19.95044433 9.38712699 3.40000000
 C	26.00593797 9.39181870 3.40000000
 C	6.12224626 9.46588462 3.40000000
 C	-3.81970635 9.50285237 3.40000000
 C	42.13681113 9.50761328 3.40000000
 C	-23.70344106 9.57681183 3.40000000
 C	22.25294123 9.58150355 3.40000000
 C	12.31118065 9.61854848 3.40000000
 C	-7.57251106 9.69261439 3.40000000
 C	38.38380673 9.69714644 3.40000000
 C	-17.51450668 9.72947570 3.40000000
 C	28.44198930 9.73418339 3.40000000
 C	8.55818391 9.80823333 3.40000000
 C	-1.38359818 9.84522504 3.40000000
 C	44.57280561 9.84996998 3.40000000
 C	-21.26733289 9.91918450 3.40000000
 C	24.68904940 9.92387623 3.40000000
 C	14.74723197 9.96091317 3.40000000
 C	-5.13657341 10.03496310 3.40000000
 C	40.81991490 10.03951912 3.40000000
 C	-15.07839851 10.07184838 3.40000000
 C	30.87798378 10.07654009 3.40000000
 C	10.99429208 10.15060600 3.40000000
 C	1.05245315 10.18758973 3.40000000
 C	47.00891378 10.19234265 3.40000000
 C	-18.83139524 10.26153321 3.40000000
 C	27.12515757 10.26624890 3.40000000
 C	17.18322646 10.30326987 3.40000000
 C	-2.70046524 10.37733578 3.40000000
 C	43.25602307 10.38189179 3.40000000
 C	-12.64234718 10.41421307 3.40000000
 C	33.31409195 10.41891277 3.40000000
 C	13.43040025 10.49297868 3.40000000
 C	3.48844764 10.52994643 3.40000000
 C	-16.39528707 10.60390589 3.40000000
 C	29.56126574 10.60862158 3.40000000
 C	19.61933463 10.64564254 3.40000000
 C	-0.26435707 10.71970845 3.40000000
 C	45.69196071 10.72424050 3.40000000
 C	-10.20635269 10.75656976 3.40000000
 C	35.75020012 10.76128544 3.40000000
 C	15.86650842 10.83535135 3.40000000
 C	5.92455581 10.87231911 3.40000000
 C	-13.95917890 10.94627857 3.40000000
 C	31.99720339 10.95097029 3.40000000
 C	22.05544280 10.98801522 3.40000000
 C	2.17175110 11.06208113 3.40000000
 C	-7.77024452 11.09894244 3.40000000
 C	38.18613777 11.10363415 3.40000000
 C	18.30244607 11.17770006 3.40000000
 C	8.36066398 11.21469178 3.40000000
 C	-11.52307073 11.28865124 3.40000000
 C	34.43331156 11.29334296 3.40000000
 C	-21.46500184 11.32567221 3.40000000
 C	24.49138045 11.33036393 3.40000000
 C	4.60768874 11.40442984 3.40000000
 C	-5.33413635 11.44131512 3.40000000
 C	40.62224594 11.44600683 3.40000000
 C	20.73855424 11.52007274 3.40000000
 C	10.79660162 11.55704049 3.40000000
 C	-9.08713309 11.63099995 3.40000000
 C	36.86924921 11.63569167 3.40000000
 C	-19.02889367 11.66804489 3.40000000
 C	26.92748862 11.67273660 3.40000000
 C	7.04379692 11.74680251 3.40000000
 C	-2.89819871 11.78366383 3.40000000
 C	43.05829727 11.78837151 3.40000000
 C	-22.78189041 11.85772973 3.40000000
 C	23.17449188 11.86242145 3.40000000
 C	13.23270979 11.89941317 3.40000000
 C	-6.65102491 11.97337263 3.40000000
 C	39.30535738 11.97806435 3.40000000
 C	-16.59295603 12.01039360 3.40000000
 C	29.36353995 12.01510129 3.40000000
 C	9.47973456 12.08915122 3.40000000
 C	-0.46209054 12.12603650 3.40000000
 C	45.49429176 12.13072821 3.40000000
 C	-20.34578224 12.20010240 3.40000000
 C	25.61060005 12.20479412 3.40000000
 C	15.66876112 12.24177785 3.40000000
 C	-4.21508727 12.31572134 3.40000000
 C	41.74146555 12.32043703 3.40000000
 C	-14.15684786 12.35276628 3.40000000
 C	31.79953443 12.35745799 3.40000000
 C	11.91584273 12.43152390 3.40000000
 C	1.97396079 12.46840119 3.40000000
 C	47.93039993 12.47310089 3.40000000
 C	-17.90984459 12.54245111 3.40000000
 C	28.04670822 12.54716680 3.40000000
 C	18.10475561 12.58413455 3.40000000
 C	-1.77897910 12.65809401 3.40000000
 C	44.17757372 12.66280970 3.40000000
 C	-11.72079653 12.69513096 3.40000000
 C	34.23564261 12.69983066 3.40000000
 C	14.35195090 12.77389658 3.40000000
 C	4.40995528 12.81075789 3.40000000
 C	-15.47373642 12.88482379 3.40000000
 C	30.48281639 12.88953948 3.40000000
 C	20.54086378 12.92650723 3.40000000
 C	0.65712907 13.00046669 3.40000000
 C	46.61351136 13.00515841 3.40000000
 C	-9.28480204 13.03748766 3.40000000
 C	36.67175078 13.04220334 3.40000000
 C	16.78805907 13.11626925 3.40000000
 C	6.84606345 13.15313056 3.40000000
 C	-13.03762825 13.22719646 3.40000000
 C	32.91875404 13.23188819 3.40000000
 C	22.97697195 13.26887990 3.40000000
 C	3.09323724 13.34283936 3.40000000
 C	-6.84869387 13.37986034 3.40000000
 C	39.10768842 13.38455205 3.40000000
 C	19.22399672 13.45861796 3.40000000
 C	9.28217162 13.49550324 3.40000000
 C	-10.60152008 13.56956914 3.40000000
 C	35.35486221 13.57426086 3.40000000
 C	-20.54345119 13.60659011 3.40000000
 C	25.41290960 13.61122861 3.40000000
 C	5.52917489 13.68518807 3.40000000
 C	-4.41258570 13.72223301 3.40000000
 C	41.54379659 13.72692473 3.40000000
 C	21.66010489 13.80099064 3.40000000
 C	11.71810927 13.83785195 3.40000000
 C	-8.16558243 13.91191785 3.40000000
 C	37.79079986 13.91660957 3.40000000
 C	-18.10734302 13.94896279 3.40000000
 C	27.84901777 13.95360129 3.40000000
 C	7.96528306 14.02756075 3.40000000
 C	-1.97664806 14.06458172 3.40000000
 C	43.97984792 14.06928941 3.40000000
 C	-21.86040426 14.13848796 3.40000000
 C	24.09604253 14.14333935 3.40000000
 C	14.15421744 14.18022462 3.40000000
 C	-5.72947426 14.25429053 3.40000000
 C	40.22690803 14.25898225 3.40000000
 C	-15.67140538 14.29131150 3.40000000
 C	30.28506909 14.29596598 3.40000000
 C	10.40122070 14.36990946 3.40000000
 C	0.45946012 14.40695440 3.40000000
 C	46.41584241 14.41164611 3.40000000
 C	-19.42429609 14.48086064 3.40000000
 C	26.53215071 14.48571202 3.40000000
 C	16.59026877 14.52258931 3.40000000
 C	-3.29353662 14.59663924 3.40000000
 C	42.66301620 14.60135492 3.40000000
 C	-13.23529721 14.63368417 3.40000000
 C	32.72106358 14.63832268 3.40000000
 C	12.83732888 14.71228214 3.40000000
 C	2.89551144 14.74931909 3.40000000
 C	48.85195058 14.75401879 3.40000000
 C	-16.98835845 14.82320935 3.40000000
 C	28.96825888 14.82808470 3.40000000
 C	19.02626325 14.86494601 3.40000000
 C	-0.85742845 14.93901191 3.40000000
 C	45.09912437 14.94372760 3.40000000
 C	-10.79924588 14.97604886 3.40000000
 C	35.15717175 14.98069535 3.40000000
 C	15.27343705 15.05465481 3.40000000
 C	5.33150593 15.09167578 3.40000000
 C	-14.55225028 15.16558202 3.40000000
 C	31.40436705 15.17045737 3.40000000
 C	21.46237142 15.20731869 3.40000000
 C	1.57867972 15.28138459 3.40000000
 C	47.53506201 15.28607631 3.40000000
 C	-8.36325139 15.31840556 3.40000000
 C	37.59327992 15.32306803 3.40000000
 C	17.70954522 15.39702749 3.40000000
 C	7.76761410 15.43404846 3.40000000
 C	-12.11614211 15.50795470 3.40000000
 C	33.84030469 15.51280608 3.40000000
 C	23.89847959 15.54969136 3.40000000
 C	4.01478789 15.62375726 3.40000000
 C	-5.92714322 15.66077824 3.40000000
 C	40.02921757 15.66541674 3.40000000
 C	20.14548286 15.73937620 3.40000000
 C	10.20372227 15.77642114 3.40000000
 C	-9.68003394 15.85032738 3.40000000
 C	36.27641286 15.85517876 3.40000000
 C	-19.62196505 15.88734835 3.40000000
 C	26.33441724 15.89204007 3.40000000
 C	6.45072554 15.96610597 3.40000000
 C	-3.49103505 16.00315091 3.40000000
 C	42.46532574 16.00778941 3.40000000
 C	22.58159103 16.08174887 3.40000000
 C	12.63965992 16.11876985 3.40000000
 C	-7.24409629 16.19267609 3.40000000
 C	38.71235051 16.19752747 3.40000000
 C	-17.18585688 16.22972102 3.40000000
 C	28.77052541 16.23441275 3.40000000
 C	8.88683371 16.30847865 3.40000000
 C	-1.05509740 16.34549962 3.40000000
 C	44.90137707 16.35015410 3.40000000
 C	-20.93885362 16.41940587 3.40000000
 C	25.01752868 16.42409758 3.40000000
 C	15.07576809 16.46114252 3.40000000
 C	-4.80798812 16.53504876 3.40000000
 C	41.14845868 16.53990015 3.40000000
 C	-14.74991923 16.57206973 3.40000000
 C	31.20657674 16.57677743 3.40000000
 C	11.32277136 16.65082736 3.40000000
 C	1.38101077 16.68787230 3.40000000
 C	47.33737156 16.69251080 3.40000000
 C	-18.50274544 16.76177855 3.40000000
 C	27.45363685 16.76647026 3.40000000
 C	17.51181942 16.80350721 3.40000000
 C	-2.37205047 16.87739747 3.40000000
 C	43.58456685 16.88227282 3.40000000
 C	-12.31381106 16.91444241 3.40000000
 C	33.64257123 16.91913413 3.40000000
 C	13.75887953 16.99320003 3.40000000
 C	3.81706209 17.03023698 3.40000000
 C	49.77347973 17.03488347 3.40000000
 C	-16.06680780 17.10412726 3.40000000
 C	29.88974502 17.10884293 3.40000000
 C	19.94781391 17.14586391 3.40000000
 C	0.06405770 17.21977015 3.40000000
 C	46.02067502 17.22464550 3.40000000
 C	-9.87775974 17.25680710 3.40000000
 C	36.07867940 17.26150681 3.40000000
 C	16.19498770 17.33557271 3.40000000
 C	6.25305658 17.37259368 3.40000000
 C	-13.63069963 17.44649993 3.40000000
 C	32.32585319 17.45121561 3.40000000
 C	22.38392208 17.48823658 3.40000000
 C	2.50016587 17.56214282 3.40000000
 C	48.45661267 17.56699421 3.40000000
 C	-7.44176525 17.59916380 3.40000000
 C	38.51478757 17.60387948 3.40000000
 C	18.63109587 17.67794539 3.40000000
 C	8.68916475 17.71496636 3.40000000
 C	-11.19459146 17.78887261 3.40000000
 C	34.76179084 17.79356432 3.40000000
 C	24.82003025 17.83060926 3.40000000
 C	4.93627404 17.90451550 3.40000000
 C	-5.00565708 17.94153647 3.40000000
 C	40.95072521 17.94622819 3.40000000
 C	21.06703351 18.02029410 3.40000000
 C	11.12527292 18.05733903 3.40000000
 C	-8.75848329 18.13124528 3.40000000
 C	37.19789901 18.13593700 3.40000000
 C	-18.70041440 18.16826625 3.40000000
 C	27.25596789 18.17295797 3.40000000
 C	7.37221168 18.24686421 3.40000000
 C	-2.56954891 18.28390915 3.40000000
 C	43.38683338 18.28860087 3.40000000
 C	23.50314168 18.36266677 3.40000000
 C	13.56121057 18.39968774 3.40000000
 C	-6.32254564 18.47359399 3.40000000
 C	39.63383665 18.47828571 3.40000000
 C	-16.26430623 18.51063892 3.40000000
 C	29.69207606 18.51533064 3.40000000
 C	9.80831985 18.58923688 3.40000000
 C	-0.13361126 18.62625786 3.40000000
 C	45.82288471 18.63096556 3.40000000
 C	-20.01730296 18.70032377 3.40000000
 C	25.93907933 18.70501548 3.40000000
 C	15.99731874 18.74206042 3.40000000
 C	-3.88643747 18.81596667 3.40000000
 C	42.06994482 18.82065838 3.40000000
 C	-13.82836858 18.85298763 3.40000000
 C	32.12812739 18.85769533 3.40000000
 C	12.24425750 18.93158559 3.40000000
 C	2.30249691 18.96863053 3.40000000
 C	48.25887920 18.97332226 3.40000000
 C	-17.58119479 19.04269644 3.40000000
 C	28.37518750 19.04738816 3.40000000
 C	18.43337007 19.08442511 3.40000000
 C	-1.45049983 19.15831538 3.40000000
 C	44.50605299 19.16303106 3.40000000
 C	-11.39226041 19.19536031 3.40000000
 C	34.56412188 19.20005203 3.40000000
 C	14.68036567 19.27395827 3.40000000
 C	4.73854824 19.31099522 3.40000000
 C	50.69498737 19.31569493 3.40000000
 C	-15.14525715 19.38504515 3.40000000
 C	30.81129567 19.38976083 3.40000000
 C	20.86936456 19.42678181 3.40000000
 C	0.98560835 19.50068806 3.40000000
 C	46.94216116 19.50540373 3.40000000
 C	-8.95620908 19.53772500 3.40000000
 C	37.00023005 19.54242471 3.40000000
 C	17.11647384 19.61633095 3.40000000
 C	7.17454273 19.65335192 3.40000000
 C	-12.70914898 19.72741783 3.40000000
 C	33.24740384 19.73213351 3.40000000
 C	23.30547273 19.76915448 3.40000000
 C	3.42171652 19.84306073 3.40000000
 C	49.37809881 19.84775244 3.40000000
 C	-6.52021460 19.88008169 3.40000000
 C	39.43633822 19.88479738 3.40000000
 C	19.55258201 19.95870362 3.40000000
 C	9.61065090 19.99572459 3.40000000
 C	-10.27304081 20.06979051 3.40000000
 C	35.68334149 20.07448222 3.40000000
 C	25.74158090 20.11152716 3.40000000
 C	5.85782469 20.18543341 3.40000000
 C	-4.08410643 20.22245437 3.40000000
 C	41.87227587 20.22714609 3.40000000
 C	21.98851966 20.30105233 3.40000000
 C	12.04675907 20.33809727 3.40000000
 C	-7.83693264 20.41216318 3.40000000
 C	38.11944966 20.41685489 3.40000000
 C	-17.77888525 20.44913093 3.40000000
 C	28.17751854 20.45387587 3.40000000
 C	8.29376233 20.52778212 3.40000000
 C	-1.64799826 20.56482705 3.40000000
 C	44.30838404 20.56951877 3.40000000
 C	24.42462783 20.64342501 3.40000000
 C	14.48269671 20.68044598 3.40000000
 C	-5.40099499 20.75451189 3.40000000
 C	40.55538730 20.75920360 3.40000000
 C	-15.34277708 20.79150361 3.40000000
 C	30.61362671 20.79624854 3.40000000
 C	10.72987050 20.87015479 3.40000000
 C	0.78793939 20.90717576 3.40000000
 C	46.74443536 20.91188345 3.40000000
 C	-19.09575231 20.98124167 3.40000000
 C	26.86056547 20.98577372 3.40000000
 C	16.91880488 21.02281866 3.40000000
 C	-2.96488682 21.09688457 3.40000000
 C	42.99149547 21.10157628 3.40000000
 C	-12.90683944 21.13385232 3.40000000
 C	33.04967804 21.13861323 3.40000000
 C	13.16580815 21.21250350 3.40000000
 C	3.22404756 21.24954843 3.40000000
 C	49.18042985 21.25424015 3.40000000
 C	-16.65964414 21.32361434 3.40000000
 C	29.29667364 21.32814639 3.40000000
 C	19.35485621 21.36518334 3.40000000
 C	-0.52894917 21.43923328 3.40000000
 C	45.42760364 21.44394896 3.40000000
 C	-10.47073127 21.47622500 3.40000000
 C	35.48567253 21.48096993 3.40000000
 C	15.60191632 21.55487618 3.40000000
 C	5.66009889 21.59191312 3.40000000
 C	51.61653802 21.59661283 3.40000000
 C	-14.22370650 21.66596305 3.40000000
 C	31.73278181 21.67051907 3.40000000
 C	21.79085070 21.70754004 3.40000000
 C	1.90715900 21.78160595 3.40000000
 C	47.86371181 21.78632163 3.40000000
 C	-8.03467994 21.81858968 3.40000000
 C	37.92178070 21.82334260 3.40000000
 C	18.03802449 21.89724885 3.40000000
 C	8.09609338 21.93426982 3.40000000
 C	-11.78759833 22.00833573 3.40000000
 C	34.16888998 22.01289174 3.40000000
 C	24.22695887 22.04991272 3.40000000
 C	4.34326717 22.12397863 3.40000000
 C	50.29964946 22.12867034 3.40000000
 C	-5.59868545 22.16094638 3.40000000
 C	40.35788887 22.16571528 3.40000000
 C	20.47413266 22.23962153 3.40000000
 C	10.53220155 22.27664249 3.40000000
 C	-9.35149016 22.35070840 3.40000000
 C	36.60482763 22.35524045 3.40000000
 C	26.66306704 22.39228539 3.40000000
 C	6.77937534 22.46635130 3.40000000
 C	-3.16257728 22.50331906 3.40000000
 C	42.79382652 22.50806399 3.40000000
 C	22.91007031 22.58197024 3.40000000
 C	12.96830972 22.61901517 3.40000000
 C	-6.91538199 22.69308108 3.40000000
 C	39.04093580 22.69761313 3.40000000
 C	-16.85737761 22.72994239 3.40000000
 C	29.09900469 22.73463410 3.40000000
 C	9.21531298 22.80870001 3.40000000
 C	-0.72646911 22.84569173 3.40000000
 C	45.22993469 22.85043667 3.40000000
 C	25.34617848 22.92434292 3.40000000
 C	15.40424736 22.96136388 3.40000000
 C	-4.47944434 23.03542979 3.40000000
 C	41.47687345 23.03996184 3.40000000
 C	-14.42126944 23.07231507 3.40000000
 C	31.53511286 23.07700678 3.40000000
 C	11.65142115 23.15107269 3.40000000
 C	1.70946854 23.18804044 3.40000000
 C	47.66598602 23.19280135 3.40000000
 C	-18.17426617 23.26199990 3.40000000
 C	27.78211612 23.26669163 3.40000000
 C	17.84035553 23.30373655 3.40000000
 C	-2.04333617 23.37780247 3.40000000
 C	43.91298162 23.38233452 3.40000000
 C	-11.98533179 23.41466378 3.40000000
 C	33.97116419 23.41937147 3.40000000
 C	14.08735880 23.49342140 3.40000000
 C	4.14557671 23.53041312 3.40000000
 C	50.10198050 23.53515805 3.40000000
 C	-15.73815800 23.60437258 3.40000000
 C	30.21822429 23.60906430 3.40000000
 C	20.27640686 23.64610124 3.40000000
 C	0.39260148 23.72015118 3.40000000
 C	46.34908979 23.72470719 3.40000000
 C	-9.54922362 23.75703645 3.40000000
 C	36.40715867 23.76172816 3.40000000
 C	16.52346697 23.83579408 3.40000000
 C	6.58162804 23.87277781 3.40000000
 C	52.53808867 23.87753073 3.40000000
 C	-13.30222035 23.94672129 3.40000000
 C	32.65433246 23.95143698 3.40000000
 C	22.71240135 23.98845794 3.40000000
 C	2.82870965 24.06252385 3.40000000
 C	48.78519796 24.06707987 3.40000000
 C	-7.11317229 24.09940114 3.40000000
 C	38.84326684 24.10410084 3.40000000
 C	18.95957514 24.17816675 3.40000000
 C	9.01762252 24.21513450 3.40000000
 C	-10.86611218 24.28909396 3.40000000
 C	35.09044063 24.29380965 3.40000000
 C	25.14850952 24.33083062 3.40000000
 C	5.26481782 24.40489653 3.40000000
 C	51.22113560 24.40942858 3.40000000
 C	-4.67717780 24.44175784 3.40000000
 C	41.27937501 24.44647352 3.40000000
 C	21.39568331 24.52053943 3.40000000
 C	11.45373069 24.55750718 3.40000000
 C	-8.43000401 24.63146664 3.40000000
 C	37.52637828 24.63615836 3.40000000
 C	27.58461769 24.67320329 3.40000000
 C	7.70092599 24.74726920 3.40000000
 C	-2.24106963 24.78413051 3.40000000
 C	43.71531266 24.78882223 3.40000000
 C	23.83162096 24.86288814 3.40000000
 C	13.88983886 24.89987986 3.40000000
 C	-5.99389584 24.97383932 3.40000000
 C	39.96248645 24.97853104 3.40000000
 C	-15.93582696 25.01086029 3.40000000
 C	30.02055534 25.01555200 3.40000000
 C	10.13686363 25.08961791 3.40000000
 C	0.19503854 25.12650319 3.40000000
 C	46.15142083 25.13119490 3.40000000
 C	26.26772913 25.20526081 3.40000000
 C	16.32577651 25.24222857 3.40000000
 C	-3.55795820 25.31618803 3.40000000
 C	42.39842410 25.32087975 3.40000000
 C	-13.49971879 25.35323296 3.40000000
 C	32.45666351 25.35792468 3.40000000
 C	12.57297180 25.43199059 3.40000000
 C	2.63097618 25.46885190 3.40000000
 C	48.58747216 25.47355959 3.40000000
 C	-17.25271552 25.54291780 3.40000000
 C	28.70366677 25.54760952 3.40000000
 C	18.76188468 25.58460124 3.40000000
 C	-1.12185003 25.65856070 3.40000000
 C	44.83453227 25.66325242 3.40000000
 C	-11.06378114 25.69558167 3.40000000
 C	34.89271484 25.70028936 3.40000000
 C	15.00890945 25.77433930 3.40000000
 C	5.06708435 25.81122458 3.40000000
 C	51.02346665 25.81591629 3.40000000
 C	-14.81660735 25.88529048 3.40000000
 C	31.13977494 25.88998220 3.40000000
 C	21.19793601 25.92696593 3.40000000
 C	1.31408762 26.00090941 3.40000000
 C	47.27064044 26.00562510 3.40000000
 C	-8.62767297 26.03795435 3.40000000
 C	37.32870932 26.04264606 3.40000000
 C	17.44501762 26.11671197 3.40000000
 C	7.50313568 26.15358926 3.40000000
 C	53.45957482 26.15828896 3.40000000
 C	-12.38066970 26.22763919 3.40000000
 C	33.57588311 26.23235487 3.40000000
 C	23.63393050 26.26932263 3.40000000
 C	3.75019579 26.34328209 3.40000000
 C	49.70674861 26.34799778 3.40000000
 C	-6.19162164 26.38031904 3.40000000
 C	39.76481749 26.38501874 3.40000000
 C	19.88112579 26.45908465 3.40000000
 C	9.93913017 26.49594596 3.40000000
 C	-9.94456153 26.57001186 3.40000000
 C	36.01199128 26.57472755 3.40000000
 C	26.07003867 26.61169530 3.40000000
 C	6.18630396 26.68565476 3.40000000
 C	52.14268625 26.69034649 3.40000000
 C	-3.75562715 26.72267574 3.40000000
 C	42.20092566 26.72739141 3.40000000
 C	22.31723396 26.80145733 3.40000000
 C	12.37523834 26.83831864 3.40000000
 C	-7.50845336 26.91238454 3.40000000
 C	38.44792893 26.91707626 3.40000000
 C	28.50614684 26.95406798 3.40000000
 C	8.62241213 27.02802744 3.40000000
 C	-1.31951898 27.06504841 3.40000000
 C	44.63686331 27.06974012 3.40000000
 C	24.75317161 27.14380604 3.40000000
 C	14.81134651 27.18069131 3.40000000
 C	-5.07234519 27.25475721 3.40000000
 C	40.88403710 27.25944894 3.40000000
 C	-15.01427631 27.29177819 3.40000000
 C	30.94208448 27.29641669 3.40000000
 C	11.05834978 27.37037615 3.40000000
 C	1.11658919 27.40742109 3.40000000
 C	47.07297148 27.41211280 3.40000000
 C	27.18927978 27.48617871 3.40000000
 C	17.24728416 27.52304002 3.40000000
 C	-2.63640755 27.59710592 3.40000000
 C	43.31997475 27.60179765 3.40000000
 C	-12.57816814 27.63415086 3.40000000
 C	33.37819265 27.63878936 3.40000000
 C	13.49445795 27.71274882 3.40000000
 C	3.55252683 27.74976980 3.40000000
 C	49.50902281 27.75447749 3.40000000
 C	-16.33122938 27.82367604 3.40000000
 C	29.62521742 27.82852742 3.40000000
 C	19.68339233 27.86541270 3.40000000
 C	-0.20029938 27.93947860 3.40000000
 C	45.75608292 27.94417032 3.40000000
 C	-10.14223049 27.97649957 3.40000000
 C	35.81424398 27.98115405 3.40000000
 C	15.93039559 28.05509753 3.40000000
 C	5.98863500 28.09214247 3.40000000
 C	51.94501730 28.09683419 3.40000000
 C	-13.89512121 28.16604871 3.40000000
 C	32.06132559 28.17090010 3.40000000
 C	22.11944366 28.20777739 3.40000000
 C	2.23563827 28.28182731 3.40000000
 C	48.19219109 28.28654300 3.40000000
 C	-7.70612232 28.31887225 3.40000000
 C	38.25023847 28.32351075 3.40000000
 C	18.36650376 28.39747021 3.40000000
 C	8.42468633 28.43450716 3.40000000
 C	54.38112547 28.43920686 3.40000000
 C	-11.45918356 28.50839742 3.40000000
 C	34.49743376 28.51327277 3.40000000
 C	24.55543814 28.55013408 3.40000000
 C	4.67174644 28.62419999 3.40000000
 C	50.62829926 28.62891567 3.40000000
 C	-5.27007099 28.66123694 3.40000000
 C	40.68634664 28.66588343 3.40000000
 C	20.80261193 28.73984289 3.40000000
 C	10.86068082 28.77686386 3.40000000
 C	-9.02307539 28.85077010 3.40000000
 C	36.93354193 28.85564545 3.40000000
 C	26.99154631 28.89250676 3.40000000
 C	7.10785461 28.96657266 3.40000000
 C	53.06423690 28.97126438 3.40000000
 C	-2.83407650 29.00359363 3.40000000
 C	43.12245481 29.00825610 3.40000000
 C	23.23872010 29.08221556 3.40000000
 C	13.29678899 29.11923653 3.40000000
 C	-6.58696722 29.19314277 3.40000000
 C	39.36947958 29.19799416 3.40000000
 C	29.42765448 29.23487944 3.40000000
 C	9.54396278 29.30894534 3.40000000
 C	-0.39796833 29.34596631 3.40000000
 C	45.55839246 29.35060481 3.40000000
 C	25.67465775 29.42456427 3.40000000
 C	15.73289716 29.46160921 3.40000000
 C	-4.15085905 29.53551545 3.40000000
 C	41.80558775 29.54036683 3.40000000
 C	-14.09279016 29.57253642 3.40000000
 C	31.86359213 29.57722815 3.40000000
 C	11.97990043 29.65129405 3.40000000
 C	2.03813984 29.68833899 3.40000000
 C	47.99450063 29.69297749 3.40000000
 C	28.11076592 29.76693695 3.40000000
 C	18.16883481 29.80395792 3.40000000
 C	-1.71492140 29.87786416 3.40000000
 C	44.24152540 29.88271554 3.40000000
 C	-11.65668199 29.91490910 3.40000000
 C	34.29970030 29.91960082 3.40000000
 C	14.41600860 29.99366672 3.40000000
 C	4.47407748 30.03068770 3.40000000
 C	50.43055196 30.03534217 3.40000000
 C	-15.40967873 30.10459395 3.40000000
 C	30.54670357 30.10928566 3.40000000
 C	20.60494298 30.14633060 3.40000000
 C	0.72118677 30.22023684 3.40000000
 C	46.67763357 30.22508822 3.40000000
 C	-9.22074435 30.25725781 3.40000000
 C	36.73575163 30.26196551 3.40000000
 C	16.85194624 30.33601543 3.40000000
 C	6.91018565 30.37306037 3.40000000
 C	52.86654644 30.37769887 3.40000000
 C	-12.97357056 30.44696662 3.40000000
 C	32.98281174 30.45165833 3.40000000
 C	23.04099431 30.48869528 3.40000000
 C	3.15712441 30.56258555 3.40000000
 C	49.11374174 30.56746090 3.40000000
 C	-6.78463618 30.59963048 3.40000000
 C	39.17174612 30.60432221 3.40000000
 C	19.28805441 30.67838811 3.40000000
 C	9.34623698 30.71542506 3.40000000
 C	55.30265461 30.72007155 3.40000000
 C	-10.53763291 30.78931533 3.40000000
 C	35.41891991 30.79403101 3.40000000
 C	25.47698879 30.83105198 3.40000000
 C	5.59323258 30.90495822 3.40000000
 C	51.54984991 30.90983357 3.40000000
 C	-4.34858485 30.94199517 3.40000000
 C	41.60785429 30.94669488 3.40000000
 C	21.72416258 31.02076078 3.40000000
 C	11.78223147 31.05778176 3.40000000
 C	-8.10152474 31.13168801 3.40000000
 C	37.85502808 31.13640368 3.40000000
 C	27.91309696 31.17342466 3.40000000
 C	8.02934075 31.24733090 3.40000000
 C	53.98578755 31.25218228 3.40000000
 C	-1.91259036 31.28435187 3.40000000
 C	44.04396246 31.28906756 3.40000000
 C	24.16027075 31.36313346 3.40000000
 C	14.21833964 31.40015443 3.40000000
 C	-5.66541657 31.47406068 3.40000000
 C	40.29096572 31.47875239 3.40000000
 C	30.34920513 31.51579733 3.40000000
 C	10.46544892 31.58970357 3.40000000
 C	0.52351781 31.62672455 3.40000000
 C	46.47990010 31.63141627 3.40000000
 C	26.59620840 31.70548217 3.40000000
 C	16.65444781 31.74252711 3.40000000
 C	-3.22930840 31.81643336 3.40000000
 C	42.72707389 31.82112507 3.40000000
 C	-13.17123951 31.85345432 3.40000000
 C	32.78514278 31.85814604 3.40000000
 C	12.90138657 31.93205228 3.40000000
 C	2.95962598 31.96909722 3.40000000
 C	48.91600827 31.97378894 3.40000000
 C	29.03231657 32.04785485 3.40000000
 C	19.09038546 32.08487582 3.40000000
 C	-0.79337075 32.15878207 3.40000000
 C	45.16301154 32.16347378 3.40000000
 C	-10.73513134 32.19582700 3.40000000
 C	35.22125095 32.20051872 3.40000000
 C	15.33749474 32.27442496 3.40000000
 C	5.39556363 32.31144593 3.40000000
 C	51.35205960 32.31615363 3.40000000
 C	-14.48812808 32.38551184 3.40000000
 C	31.46825422 32.39020356 3.40000000
 C	21.52649363 32.42724849 3.40000000
 C	1.64273742 32.50115474 3.40000000
 C	47.59911971 32.50584646 3.40000000
 C	-8.29919370 32.53817571 3.40000000
 C	37.65730228 32.54288341 3.40000000
 C	17.77343239 32.61677367 3.40000000
 C	7.83167180 32.65381861 3.40000000
 C	53.78805409 32.65851033 3.40000000
 C	-12.05201991 32.72788452 3.40000000
 C	33.90436239 32.73257623 3.40000000
 C	23.96254496 32.76961318 3.40000000
 C	4.07867506 32.84350345 3.40000000
 C	50.03522788 32.84821913 3.40000000
 C	-5.86308553 32.88054838 3.40000000
 C	40.09329677 32.88524010 3.40000000
 C	20.20954056 32.95914634 3.40000000
 C	10.26772313 32.99618329 3.40000000
 C	56.22416226 33.00088301 3.40000000
 C	-9.61608226 33.07023323 3.40000000
 C	36.34047056 33.07494891 3.40000000
 C	26.39853944 33.11196988 3.40000000
 C	6.51478323 33.18587613 3.40000000
 C	52.47133605 33.19059181 3.40000000
 C	-3.42703420 33.22291307 3.40000000
 C	42.52940494 33.22761278 3.40000000
 C	22.64564873 33.30151902 3.40000000
 C	12.70371761 33.33853999 3.40000000
 C	-7.17997409 33.41260591 3.40000000
 C	38.77657873 33.41732158 3.40000000
 C	28.83464761 33.45434256 3.40000000
 C	8.95089140 33.52824881 3.40000000
 C	54.90727370 33.53294052 3.40000000
 C	-0.99103971 33.56526977 3.40000000
 C	44.96551311 33.56998546 3.40000000
 C	25.08175690 33.64389170 3.40000000
 C	15.13982578 33.68091267 3.40000000
 C	-4.74386592 33.75497858 3.40000000
 C	41.21251637 33.75967029 3.40000000
 C	31.27075578 33.79671523 3.40000000
 C	11.38699957 33.87062148 3.40000000
 C	1.44506846 33.90764244 3.40000000
 C	47.40145075 33.91233417 3.40000000
 C	27.51769454 33.98624041 3.40000000
 C	17.57593395 34.02328534 3.40000000
 C	-2.30775775 34.09735126 3.40000000
 C	43.64862454 34.10204297 3.40000000
 C	-12.24971036 34.13431901 3.40000000
 C	33.70669343 34.13906394 3.40000000
 C	13.82293722 34.21297019 3.40000000
 C	3.88117663 34.25001512 3.40000000
 C	49.83755892 34.25470684 3.40000000
 C	29.95380271 34.32861308 3.40000000
 C	20.01187160 34.36563405 3.40000000
 C	0.12817990 34.43969997 3.40000000
 C	46.08456219 34.44439168 3.40000000
 C	-9.81360219 34.47669168 3.40000000
 C	36.14280160 34.48143662 3.40000000
 C	16.25904539 34.55534287 3.40000000
 C	6.31711428 34.59236383 3.40000000
 C	52.27361025 34.59707153 3.40000000
 C	-13.56657743 34.66642974 3.40000000
 C	32.38974036 34.67096179 3.40000000
 C	22.44797977 34.70800673 3.40000000
 C	2.56428807 34.78207264 3.40000000
 C	48.52067036 34.78676435 3.40000000
 C	-7.37766455 34.81904039 3.40000000
 C	38.57885293 34.82380130 3.40000000
 C	18.69498304 34.89769158 3.40000000
 C	8.75322245 34.93473651 3.40000000
 C	54.70960474 34.93942823 3.40000000
 C	-11.13046925 35.00880242 3.40000000
 C	34.82584853 35.01333447 3.40000000
 C	24.88403110 35.05037142 3.40000000
 C	5.00022571 35.12442135 3.40000000
 C	50.95677853 35.12913703 3.40000000
 C	-4.94155638 35.16141307 3.40000000
 C	41.01484742 35.16615800 3.40000000
 C	21.13109121 35.24006425 3.40000000
 C	11.18927378 35.27710119 3.40000000
 C	57.14571291 35.28180090 3.40000000
 C	-8.69453161 35.35115113 3.40000000
 C	37.26195670 35.35570714 3.40000000
 C	27.32002559 35.39272812 3.40000000
 C	7.43633388 35.46679403 3.40000000
 C	53.39288670 35.47150971 3.40000000
 C	-2.50550505 35.50377776 3.40000000
 C	43.45095559 35.50853068 3.40000000
 C	23.56719938 35.58243693 3.40000000
 C	13.62526826 35.61945789 3.40000000
 C	-6.25842344 35.69352380 3.40000000
 C	39.69806487 35.69807982 3.40000000
 C	29.75613376 35.73510079 3.40000000
 C	9.87244205 35.80916670 3.40000000
 C	55.82882435 35.81385842 3.40000000
 C	-0.06951056 35.84613446 3.40000000
 C	45.88706376 35.85090335 3.40000000
 C	26.00330755 35.92480960 3.40000000
 C	16.06137644 35.96183057 3.40000000
 C	-3.82231527 36.03589648 3.40000000
 C	42.13400252 36.04042853 3.40000000
 C	32.19224193 36.07747347 3.40000000
 C	12.30855022 36.15153938 3.40000000
 C	2.36659761 36.18850713 3.40000000
 C	48.32300140 36.19325206 3.40000000
 C	28.43924519 36.26715831 3.40000000
 C	18.49748461 36.30420324 3.40000000
 C	-1.38620710 36.37826915 3.40000000
 C	44.57011069 36.38280120 3.40000000
 C	-11.32820272 36.41513047 3.40000000
 C	34.62817957 36.41982218 3.40000000
 C	14.74448787 36.49388809 3.40000000
 C	4.80270578 36.53087981 3.40000000
 C	50.75910957 36.53562474 3.40000000
 C	30.87535336 36.60953099 3.40000000
 C	20.93342225 36.64655195 3.40000000
 C	1.04973055 36.72061786 3.40000000
 C	47.00604833 36.72514991 3.40000000
 C	-8.89209455 36.75750314 3.40000000
 C	37.06428774 36.76219485 3.40000000
 C	17.18059604 36.83626076 3.40000000
 C	7.23864343 36.87322852 3.40000000
 C	53.19516090 36.87798943 3.40000000
 C	-12.64509128 36.94718798 3.40000000
 C	33.31129101 36.95187970 3.40000000
 C	23.36953042 36.98892463 3.40000000
 C	3.48583872 37.06299054 3.40000000
 C	49.44215650 37.06752259 3.40000000
 C	-6.45615690 37.09985185 3.40000000
 C	39.50033907 37.10455954 3.40000000
 C	19.61653369 37.17860948 3.40000000
 C	9.67475160 37.21560119 3.40000000
 C	55.63115539 37.22034613 3.40000000
 C	-10.20898311 37.28956065 3.40000000
 C	35.74739918 37.29425238 3.40000000
 C	25.80558175 37.33128932 3.40000000
 C	5.92177636 37.40533925 3.40000000
 C	51.87826467 37.40989527 3.40000000
 C	-4.02004873 37.44222453 3.40000000
 C	41.93633356 37.44691624 3.40000000
 C	22.05264186 37.52098215 3.40000000
 C	12.11080292 37.55796588 3.40000000
 C	58.06726356 37.56271880 3.40000000
 C	-7.77304547 37.63190936 3.40000000
 C	38.18350735 37.63662505 3.40000000
 C	28.24157624 37.67364601 3.40000000
 C	8.35788453 37.74771193 3.40000000
 C	54.31437285 37.75226794 3.40000000
 C	-1.58399740 37.78458921 3.40000000
 C	44.37244173 37.78928891 3.40000000
 C	24.48875003 37.86335483 3.40000000
 C	14.54679741 37.90032258 3.40000000
 C	-5.33693730 37.97428204 3.40000000
 C	40.61961552 37.97899773 3.40000000
 C	30.67768441 38.01601869 3.40000000
 C	10.79399271 38.09008460 3.40000000
 C	56.75031049 38.09461665 3.40000000
 C	0.85199708 38.12694591 3.40000000
 C	46.80854990 38.13166159 3.40000000
 C	26.92485820 38.20572750 3.40000000
 C	16.98290558 38.24269525 3.40000000
 C	-2.90082912 38.31665472 3.40000000
 C	43.05555317 38.32134644 3.40000000
 C	33.11379258 38.35839137 3.40000000
 C	13.23010088 38.43245728 3.40000000
 C	3.28810525 38.46931859 3.40000000
 C	49.24448755 38.47401030 3.40000000
 C	29.36079584 38.54807621 3.40000000
 C	19.41901375 38.58506793 3.40000000
 C	-0.46472095 38.65902739 3.40000000
 C	45.49166134 38.66371911 3.40000000
 C	-10.40665207 38.69604836 3.40000000
 C	35.54973023 38.70074008 3.40000000
 C	15.66603852 38.77480599 3.40000000
 C	5.72421342 38.81169126 3.40000000
 C	51.68059572 38.81638298 3.40000000
 C	31.79690401 38.89044889 3.40000000
 C	21.85495140 38.92741664 3.40000000
 C	1.97121669 39.00137610 3.40000000
 C	47.92759898 39.00606782 3.40000000
 C	-7.97054390 39.03842104 3.40000000
 C	37.98583840 39.04311275 3.40000000
 C	18.10214669 39.11717866 3.40000000
 C	8.16015107 39.15403997 3.40000000
 C	54.11664705 39.15874766 3.40000000
 C	34.23284166 39.23279760 3.40000000
 C	24.29105957 39.26978932 3.40000000
 C	4.40732486 39.34374878 3.40000000
 C	50.36370715 39.34844050 3.40000000
 C	-5.53460625 39.38076975 3.40000000
 C	40.42188972 39.38547744 3.40000000
 C	20.53808434 39.45952737 3.40000000
 C	10.59625924 39.49641265 3.40000000
 C	56.55264153 39.50110436 3.40000000
 C	36.66894983 39.57517027 3.40000000
 C	26.72711090 39.61215400 3.40000000
 C	6.84326251 39.68609749 3.40000000
 C	52.79981532 39.69081317 3.40000000
 C	-3.09849808 39.72314243 3.40000000
 C	42.85788421 39.72783414 3.40000000
 C	22.97419251 39.80190005 3.40000000
 C	13.03231057 39.83877734 3.40000000
 C	58.98874970 39.84347704 3.40000000
 C	39.10505800 39.91754295 3.40000000
 C	29.16310539 39.95451070 3.40000000
 C	9.27937068 40.02847016 3.40000000
 C	55.23592349 40.03318585 3.40000000
 C	-0.66244675 40.06550711 3.40000000
 C	45.29399238 40.07020681 3.40000000
 C	25.41030068 40.14427272 3.40000000
 C	15.46830506 40.18113404 3.40000000
 C	41.54116617 40.25991562 3.40000000
 C	31.59921356 40.29688338 3.40000000
 C	11.71547885 40.37084284 3.40000000
 C	57.67186114 40.37553456 3.40000000
 C	1.77354773 40.40786381 3.40000000
 C	47.73010055 40.41257949 3.40000000
 C	27.84640885 40.48664540 3.40000000
 C	17.90441323 40.52350671 3.40000000
 C	43.97710382 40.60226434 3.40000000
 C	34.03532173 40.63925605 3.40000000
 C	14.15158702 40.71321551 3.40000000
 C	4.20965591 40.75023649 3.40000000
 C	50.16603820 40.75492820 3.40000000
 C	30.28234650 40.82899411 3.40000000
 C	20.34052140 40.86587939 3.40000000
 C	46.41321199 40.94463701 3.40000000
 C	36.47125937 40.98160476 3.40000000
 C	16.58752467 41.05556422 3.40000000
 C	6.64576408 41.09260916 3.40000000
 C	52.60214637 41.09730087 3.40000000
 C	32.71845467 41.17136679 3.40000000
 C	22.77645904 41.20822810 3.40000000
 C	48.84914963 41.28698572 3.40000000
 C	38.90736754 41.32397744 3.40000000
 C	19.02363284 41.39793690 3.40000000
 C	9.08170172 41.43495787 3.40000000
 C	55.03819770 41.43966556 3.40000000
 C	35.15439231 41.51371550 3.40000000
 C	25.21256721 41.55060077 3.40000000
 C	51.28525780 41.62935840 3.40000000
 C	41.34341887 41.66634213 3.40000000
 C	21.45957048 41.74028561 3.40000000
 C	11.51780989 41.77733055 3.40000000
 C	57.47419219 41.78202226 3.40000000
 C	37.59050048 41.85608817 3.40000000
 C	27.64861854 41.89296546 3.40000000
 C	53.72136597 41.97173107 3.40000000
 C	43.77941336 42.00869882 3.40000000
 C	23.89567865 42.08265829 3.40000000
 C	13.95386122 42.11969524 3.40000000
 C	59.91030036 42.12439494 3.40000000
 C	40.02660865 42.19846085 3.40000000
 C	30.08461303 42.23532216 3.40000000
 C	56.15747415 42.31410375 3.40000000
 C	46.21552153 42.35107150 3.40000000
 C	26.33178682 42.42503096 3.40000000
 C	16.38985571 42.46205193 3.40000000
 C	42.46271682 42.54083352 3.40000000
 C	32.52072120 42.57769483 3.40000000
 C	58.59341179 42.65645246 3.40000000
 C	48.65162970 42.69344418 3.40000000
 C	28.76789499 42.76740364 3.40000000
 C	18.82596388 42.80442461 3.40000000
 C	44.89865447 42.88318223 3.40000000
 C	34.95682937 42.92006751 3.40000000
 C	51.08756735 43.03579289 3.40000000
 C	31.20383264 43.10975235 3.40000000
 C	21.26207205 43.14679729 3.40000000
 C	47.33476264 43.22555491 3.40000000
 C	37.39276702 43.26241622 3.40000000
 C	53.52367552 43.37816556 3.40000000
 C	33.63994081 43.45212502 3.40000000
 C	23.69800970 43.48914600 3.40000000
 C	49.77070028 43.56790362 3.40000000
 C	39.82887519 43.60478890 3.40000000
 C	55.95972684 43.72053025 3.40000000
 C	36.07587845 43.79447373 3.40000000
 C	26.13411787 43.83151867 3.40000000
 C	52.20680846 43.91027629 3.40000000
 C	42.26492652 43.94715358 3.40000000
 C	58.39572133 44.06288695 3.40000000
 C	38.51198663 44.13684641 3.40000000
 C	28.57016919 44.17388336 3.40000000
 C	54.64291663 44.25264897 3.40000000
 C	44.70092100 44.28951028 3.40000000
 C	60.83182950 44.40525962 3.40000000
 C	40.94809480 44.47921908 3.40000000
 C	31.00616368 44.51624006 3.40000000
 C	57.07902480 44.59502165 3.40000000
 C	47.13702917 44.63188296 3.40000000
 C	43.38420297 44.82159176 3.40000000
 C	33.44227185 44.85861273 3.40000000
 C	59.51496244 44.93737036 3.40000000
 C	49.57313735 44.97425563 3.40000000
 C	45.82014061 45.16394047 3.40000000
 C	35.87838002 45.20098541 3.40000000
 C	52.00907499 45.31660434 3.40000000
 C	48.25624878 45.50631315 3.40000000
 C	38.31431767 45.54333412 3.40000000
 C	54.44518316 45.65897702 3.40000000
 C	50.69218643 45.84866186 3.40000000
 C	40.75042584 45.88570679 3.40000000
 C	56.88123449 46.00134171 3.40000000
 C	53.12829460 46.19103453 3.40000000
 C	43.18647717 46.22807148 3.40000000
 C	59.31722898 46.34369840 3.40000000
 C	55.56440277 46.53340721 3.40000000
 C	45.62247166 46.57042818 3.40000000
 C	61.75333715 46.68607108 3.40000000
 C	58.00051094 46.87577988 3.40000000
 C	48.05857983 46.91280086 3.40000000
 C	60.43644859 47.21812859 3.40000000
 C	50.49468800 47.25517353 3.40000000
 C	52.93062564 47.59752224 3.40000000
 C	55.36673381 47.93989492 3.40000000
 C	57.80278514 48.28225960 3.40000000
 C	60.23877963 48.62461630 3.40000000
 C	62.67488780 48.96698898 3.40000000
