 C	1.68424736 -24.08585942 3.40000000
 C	-10.58569230 -24.94385718 3.40000000
 C	13.95430154 -23.22785365 3.40000000
 C	-13.03974894 -25.11546154 3.40000000
 C	16.40824366 -23.05625730 3.40000000
 C	-15.49369106 -25.28705789 3.40000000
 C	18.86230031 -22.88465294 3.40000000
 C	-17.94769045 -25.45865824 3.40000000
 C	21.31635695 -22.71304858 3.40000000
 C	-20.40174709 -25.63026260 3.40000000
 C	23.77024181 -22.54145624 3.40000000
 C	-0.76969476 -24.25745577 3.40000000
 C	-22.85563195 -25.80185494 3.40000000
 C	26.22429846 -22.36985188 3.40000000
 C	4.13830401 -23.91425506 3.40000000
 C	-25.30968860 -25.97345930 3.40000000
 C	28.67829784 -22.19825152 3.40000000
 C	-27.76374524 -26.14506366 3.40000000
 C	31.13223997 -22.02665518 3.40000000
 C	-30.21768736 -26.31666001 3.40000000
 C	-32.67168675 -26.48826036 3.40000000
 C	-35.12574339 -26.65986472 3.40000000
 C	-37.57962826 -26.83145706 3.40000000
 C	-3.22369415 -24.42905612 3.40000000
 C	6.59236065 -23.74265070 3.40000000
 C	-5.67775079 -24.60066048 3.40000000
 C	9.04624551 -23.57105836 3.40000000
 C	-8.13163565 -24.77225282 3.40000000
 C	11.50030216 -23.39945400 3.40000000
 C	-9.40820188 -24.14962987 3.40000000
 C	12.67779257 -22.60522669 3.40000000
 C	0.40785291 -23.46322445 3.40000000
 C	2.86173777 -23.29163211 3.40000000
 C	-11.86225853 -24.32123423 3.40000000
 C	15.13184921 -22.43362233 3.40000000
 C	-14.31614339 -24.49282658 3.40000000
 C	17.58573407 -22.26202999 3.40000000
 C	-16.77020004 -24.66443093 3.40000000
 C	20.03979072 -22.09042563 3.40000000
 C	-19.22425668 -24.83603529 3.40000000
 C	22.49367558 -21.91883329 3.40000000
 C	-21.67831332 -25.00763965 3.40000000
 C	24.94773223 -21.74722893 3.40000000
 C	-24.13219819 -25.17923199 3.40000000
 C	27.40178887 -21.57562457 3.40000000
 C	-26.58625483 -25.35083635 3.40000000
 C	29.85584551 -21.40402021 3.40000000
 C	-29.04013969 -25.52242870 3.40000000
 C	32.30973038 -21.23242787 3.40000000
 C	-31.49419634 -25.69403305 3.40000000
 C	-33.94825298 -25.86563741 3.40000000
 C	-2.04620373 -23.63482881 3.40000000
 C	5.31579442 -23.12002775 3.40000000
 C	-36.40230962 -26.03724177 3.40000000
 C	-38.85619449 -26.20883411 3.40000000
 C	-4.50026038 -23.80643317 3.40000000
 C	7.76967928 -22.94843541 3.40000000
 C	-6.95431702 -23.97803753 3.40000000
 C	10.22373592 -22.77683105 3.40000000
 C	-9.50727771 -22.73277961 3.40000000
 C	12.57871675 -21.18837643 3.40000000
 C	0.30871983 -22.04637819 3.40000000
 C	2.76266195 -21.87478184 3.40000000
 C	-11.96133435 -22.90438396 3.40000000
 C	15.03271613 -21.01677607 3.40000000
 C	-14.41527647 -23.07598031 3.40000000
 C	17.48665825 -20.84517972 3.40000000
 C	-16.86927586 -23.24758067 3.40000000
 C	19.94071490 -20.67357537 3.40000000
 C	-19.32333250 -23.41918502 3.40000000
 C	22.39477154 -20.50197101 3.40000000
 C	-21.77721736 -23.59077737 3.40000000
 C	24.84865640 -20.33037866 3.40000000
 C	-24.23127401 -23.76238173 3.40000000
 C	27.30271305 -20.15877431 3.40000000
 C	-26.68533065 -23.93398608 3.40000000
 C	29.75671243 -19.98717395 3.40000000
 C	-29.13927278 -24.10558243 3.40000000
 C	32.21065455 -19.81557760 3.40000000
 C	-31.59327216 -24.27718279 3.40000000
 C	-34.04732880 -24.44878714 3.40000000
 C	-2.14527956 -22.21797855 3.40000000
 C	5.21671859 -21.70317749 3.40000000
 C	-36.50121367 -24.62037949 3.40000000
 C	-38.95527031 -24.79198385 3.40000000
 C	-4.59933620 -22.38958290 3.40000000
 C	7.67077524 -21.53157313 3.40000000
 C	-7.05322106 -22.56117525 3.40000000
 C	10.12466010 -21.35998078 3.40000000
 C	1.48619201 -21.25230165 3.40000000
 C	-10.78391943 -22.11031143 3.40000000
 C	13.75613167 -20.39430389 3.40000000
 C	-13.23780429 -22.28190378 3.40000000
 C	16.21018831 -20.22269953 3.40000000
 C	-15.69186093 -22.45350813 3.40000000
 C	18.66407318 -20.05110719 3.40000000
 C	-18.14591758 -22.62511249 3.40000000
 C	21.11812982 -19.87950283 3.40000000
 C	23.57201468 -19.70791049 3.40000000
 C	-20.59997422 -22.79671685 3.40000000
 C	-0.96786463 -21.42390601 3.40000000
 C	3.94007687 -21.08070931 3.40000000
 C	-23.05385908 -22.96830919 3.40000000
 C	26.02607133 -19.53630613 3.40000000
 C	-25.50791573 -23.13991355 3.40000000
 C	28.48012797 -19.36470177 3.40000000
 C	-27.96180059 -23.31150590 3.40000000
 C	30.93418461 -19.19309741 3.40000000
 C	-30.41585724 -23.48311025 3.40000000
 C	33.38806948 -19.02150507 3.40000000
 C	-32.86991388 -23.65471461 3.40000000
 C	-35.32397052 -23.82631897 3.40000000
 C	-37.77785539 -23.99791131 3.40000000
 C	-3.42192128 -21.59551037 3.40000000
 C	6.39413352 -20.90910495 3.40000000
 C	8.84801838 -20.73751261 3.40000000
 C	-5.87597792 -21.76711473 3.40000000
 C	-8.32986278 -21.93870707 3.40000000
 C	11.30207503 -20.56590825 3.40000000
 C	1.38705893 -19.83545539 3.40000000
 C	-10.88299525 -20.69346116 3.40000000
 C	13.65705585 -18.97745363 3.40000000
 C	-13.33693737 -20.86505751 3.40000000
 C	16.11105523 -18.80585327 3.40000000
 C	-15.79093676 -21.03665787 3.40000000
 C	18.56499735 -18.63425692 3.40000000
 C	-18.24499340 -21.20826222 3.40000000
 C	21.01905400 -18.46265257 3.40000000
 C	-20.69887826 -21.37985457 3.40000000
 C	23.47311064 -18.29104821 3.40000000
 C	-1.06694045 -20.00705575 3.40000000
 C	3.84100105 -19.66385904 3.40000000
 C	-23.15293491 -21.55145893 3.40000000
 C	25.92699551 -18.11945586 3.40000000
 C	-25.60699155 -21.72306328 3.40000000
 C	28.38105215 -17.94785151 3.40000000
 C	-28.06093367 -21.89465963 3.40000000
 C	30.83505153 -17.77625115 3.40000000
 C	-30.51493306 -22.06625999 3.40000000
 C	33.28899366 -17.60465480 3.40000000
 C	-32.96898970 -22.23786434 3.40000000
 C	-35.42287456 -22.40945669 3.40000000
 C	-37.87693121 -22.58106105 3.40000000
 C	-3.52099710 -20.17866010 3.40000000
 C	6.29505770 -19.49225469 3.40000000
 C	-5.97488196 -20.35025245 3.40000000
 C	8.74911434 -19.32065033 3.40000000
 C	-8.42893861 -20.52185681 3.40000000
 C	11.20299920 -19.14905798 3.40000000
 C	-9.70550484 -19.89923385 3.40000000
 C	12.38048961 -18.35483067 3.40000000
 C	0.11054996 -19.21282843 3.40000000
 C	2.56460660 -19.04122407 3.40000000
 C	-12.15938970 -20.07082619 3.40000000
 C	14.83454626 -18.18322631 3.40000000
 C	-14.61344635 -20.24243055 3.40000000
 C	17.28860290 -18.01162195 3.40000000
 C	-17.06750299 -20.41403491 3.40000000
 C	19.74248776 -17.84002961 3.40000000
 C	-19.52155963 -20.58563926 3.40000000
 C	22.19654441 -17.66842525 3.40000000
 C	-21.97544450 -20.75723161 3.40000000
 C	24.65042927 -17.49683290 3.40000000
 C	-24.42950114 -20.92883597 3.40000000
 C	27.10448592 -17.32522855 3.40000000
 C	-26.88338600 -21.10042831 3.40000000
 C	29.55854256 -17.15362419 3.40000000
 C	-29.33744265 -21.27203267 3.40000000
 C	32.01259920 -16.98201983 3.40000000
 C	-31.79149929 -21.44363703 3.40000000
 C	34.46648407 -16.81042749 3.40000000
 C	-34.24555593 -21.61524139 3.40000000
 C	-2.34350669 -19.38443279 3.40000000
 C	5.01849146 -18.86963173 3.40000000
 C	-36.69944080 -21.78683373 3.40000000
 C	-4.79756333 -19.55603714 3.40000000
 C	7.47254811 -18.69802737 3.40000000
 C	-7.25144819 -19.72762949 3.40000000
 C	9.92643297 -18.52643502 3.40000000
 C	-9.80458066 -18.48238359 3.40000000
 C	12.28141379 -16.93798041 3.40000000
 C	0.01147413 -17.79597817 3.40000000
 C	2.46547352 -17.62437782 3.40000000
 C	-12.25852278 -18.65397994 3.40000000
 C	14.73547044 -16.76637605 3.40000000
 C	-14.71252217 -18.82558029 3.40000000
 C	17.18946982 -16.59477570 3.40000000
 C	-17.16657881 -18.99718465 3.40000000
 C	19.64341194 -16.42317935 3.40000000
 C	-19.62046367 -19.16877700 3.40000000
 C	22.09746859 -16.25157499 3.40000000
 C	-22.07452032 -19.34038135 3.40000000
 C	24.55152523 -16.07997064 3.40000000
 C	-24.52857696 -19.51198571 3.40000000
 C	27.00541009 -15.90837829 3.40000000
 C	-26.98251909 -19.68358206 3.40000000
 C	29.45946674 -15.73677393 3.40000000
 C	-29.43651847 -19.85518241 3.40000000
 C	31.91346612 -15.56517358 3.40000000
 C	-31.89057511 -20.02678677 3.40000000
 C	34.36740825 -15.39357723 3.40000000
 C	-34.34445998 -20.19837912 3.40000000
 C	-2.44258251 -17.96758253 3.40000000
 C	4.91941564 -17.45278147 3.40000000
 C	-36.79851662 -20.36998347 3.40000000
 C	-4.89646737 -18.13917488 3.40000000
 C	7.37347229 -17.28117711 3.40000000
 C	-7.35052402 -18.31077923 3.40000000
 C	9.82752893 -17.10957276 3.40000000
 C	1.18896455 -17.00175086 3.40000000
 C	-11.08097511 -17.85974862 3.40000000
 C	13.45890420 -16.14375309 3.40000000
 C	-13.53503176 -18.03135298 3.40000000
 C	15.91296085 -15.97214874 3.40000000
 C	-15.98908840 -18.20295733 3.40000000
 C	18.36701749 -15.80054438 3.40000000
 C	-18.44314504 -18.37456169 3.40000000
 C	20.82090235 -15.62895203 3.40000000
 C	-20.89702991 -18.54615404 3.40000000
 C	23.27495900 -15.45734768 3.40000000
 C	-1.26509210 -17.17335521 3.40000000
 C	-23.35108655 -18.71775839 3.40000000
 C	25.72884386 -15.28575533 3.40000000
 C	3.64302119 -16.83014650 3.40000000
 C	-25.80497141 -18.88935074 3.40000000
 C	28.18290050 -15.11415097 3.40000000
 C	-28.25902806 -19.06095510 3.40000000
 C	30.63695715 -14.94254662 3.40000000
 C	-30.71308470 -19.23255945 3.40000000
 C	33.09101379 -14.77094226 3.40000000
 C	-33.16714135 -19.40416381 3.40000000
 C	35.54489866 -14.59934991 3.40000000
 C	-35.62102621 -19.57575616 3.40000000
 C	-3.71914874 -17.34495957 3.40000000
 C	6.09690605 -16.65855415 3.40000000
 C	-6.17303361 -17.51655192 3.40000000
 C	8.55096270 -16.48694980 3.40000000
 C	-8.62709025 -17.68815627 3.40000000
 C	11.00484756 -16.31535745 3.40000000
 C	1.08986356 -15.58495218 3.40000000
 C	-11.18013336 -16.44295395 3.40000000
 C	13.35980322 -14.72695442 3.40000000
 C	-13.63413274 -16.61455430 3.40000000
 C	15.81385986 -14.55535006 3.40000000
 C	-16.08818938 -16.78615866 3.40000000
 C	18.26785925 -14.38374971 3.40000000
 C	-18.54207425 -16.95775100 3.40000000
 C	20.72180137 -14.21215336 3.40000000
 C	-20.99613089 -17.12935536 3.40000000
 C	23.17585801 -14.04054900 3.40000000
 C	-23.45018754 -17.30095972 3.40000000
 C	-1.36419308 -15.75655654 3.40000000
 C	25.62991466 -13.86894464 3.40000000
 C	3.54386294 -15.41335183 3.40000000
 C	-25.90412966 -17.47255607 3.40000000
 C	28.08379952 -13.69735230 3.40000000
 C	-28.35812904 -17.64415642 3.40000000
 C	30.53785616 -13.52574794 3.40000000
 C	-30.81218569 -17.81576078 3.40000000
 C	32.99185555 -13.35414759 3.40000000
 C	-33.26607055 -17.98735313 3.40000000
 C	35.44579767 -13.18255124 3.40000000
 C	-35.72012719 -18.15895748 3.40000000
 C	-3.81807795 -15.92814888 3.40000000
 C	5.99780507 -15.24175548 3.40000000
 C	-6.27213459 -16.09975324 3.40000000
 C	8.45186171 -15.07015112 3.40000000
 C	-8.72619123 -16.27135760 3.40000000
 C	10.90591836 -14.89854676 3.40000000
 C	-10.00256052 -15.64867105 3.40000000
 C	12.08326215 -14.10427988 3.40000000
 C	-0.18667751 -14.96227764 3.40000000
 C	2.26737913 -14.79067328 3.40000000
 C	-12.45661717 -15.82027540 3.40000000
 C	14.53731879 -13.93267552 3.40000000
 C	-14.91067381 -15.99187976 3.40000000
 C	16.99137544 -13.76107116 3.40000000
 C	-17.36473046 -16.16348412 3.40000000
 C	19.44543208 -13.58946681 3.40000000
 C	-19.81861532 -16.33507646 3.40000000
 C	21.89931694 -13.41787446 3.40000000
 C	-22.27267196 -16.50668082 3.40000000
 C	24.35337359 -13.24627010 3.40000000
 C	-24.72655683 -16.67827317 3.40000000
 C	26.80725845 -13.07467776 3.40000000
 C	-27.18061347 -16.84987752 3.40000000
 C	29.26131509 -12.90307340 3.40000000
 C	-29.63467011 -17.02148188 3.40000000
 C	31.71537174 -12.73146904 3.40000000
 C	-32.08872676 -17.19308624 3.40000000
 C	34.16942838 -12.55986469 3.40000000
 C	-34.54261162 -17.36467858 3.40000000
 C	36.62331324 -12.38827234 3.40000000
 C	-2.64073415 -15.13388200 3.40000000
 C	4.72143578 -14.61906893 3.40000000
 C	-5.09461902 -15.30547434 3.40000000
 C	7.17532064 -14.44747658 3.40000000
 C	-7.54867566 -15.47707870 3.40000000
 C	9.62937729 -14.27587222 3.40000000
 C	-10.10176909 -14.23197956 3.40000000
 C	11.98428262 -12.68757237 3.40000000
 C	-0.28582882 -13.54558215 3.40000000
 C	2.16822782 -13.37397779 3.40000000
 C	-12.55576848 -14.40357991 3.40000000
 C	14.43816748 -12.51598003 3.40000000
 C	-15.00982512 -14.57518427 3.40000000
 C	16.89222413 -12.34437567 3.40000000
 C	-17.46370998 -14.74677661 3.40000000
 C	19.34622351 -12.17277532 3.40000000
 C	-19.91776663 -14.91838097 3.40000000
 C	21.80016563 -12.00117897 3.40000000
 C	-22.37182327 -15.08998533 3.40000000
 C	24.25422228 -11.82957461 3.40000000
 C	-24.82576540 -15.26158168 3.40000000
 C	26.70827892 -11.65797025 3.40000000
 C	-27.27976478 -15.43318203 3.40000000
 C	29.16216378 -11.48637791 3.40000000
 C	-29.73382142 -15.60478639 3.40000000
 C	31.61622043 -11.31477355 3.40000000
 C	-32.18770629 -15.77637873 3.40000000
 C	34.07021981 -11.14317320 3.40000000
 C	-34.64176293 -15.94798309 3.40000000
 C	36.52416194 -10.97157685 3.40000000
 C	-2.73971368 -13.71717449 3.40000000
 C	4.62222721 -13.20237744 3.40000000
 C	-5.19377033 -13.88877885 3.40000000
 C	7.07616933 -13.03078109 3.40000000
 C	-7.64782697 -14.06038321 3.40000000
 C	9.53022598 -12.85917673 3.40000000
 C	0.89166159 -12.75135484 3.40000000
 C	-11.37827807 -13.60935260 3.40000000
 C	13.16160125 -11.89335708 3.40000000
 C	-13.83233471 -13.78095696 3.40000000
 C	15.61565789 -11.72175272 3.40000000
 C	-16.28639135 -13.95256132 3.40000000
 C	18.06971454 -11.55014836 3.40000000
 C	-18.74027622 -14.12415366 3.40000000
 C	20.52377118 -11.37854401 3.40000000
 C	-21.19433286 -14.29575802 3.40000000
 C	22.97765604 -11.20695166 3.40000000
 C	-23.64821772 -14.46735037 3.40000000
 C	25.43171269 -11.03534730 3.40000000
 C	-1.56239505 -12.92295920 3.40000000
 C	3.34571824 -12.57975048 3.40000000
 C	-26.10227437 -14.63895472 3.40000000
 C	27.88559755 -10.86375496 3.40000000
 C	-28.55633101 -14.81055908 3.40000000
 C	30.33965420 -10.69215060 3.40000000
 C	-31.01038766 -14.98216344 3.40000000
 C	32.79371084 -10.52054624 3.40000000
 C	-33.46427252 -15.15375578 3.40000000
 C	35.24776748 -10.34894189 3.40000000
 C	37.70165235 -10.17734954 3.40000000
 C	-4.01627992 -13.09455154 3.40000000
 C	5.79977488 -12.40814613 3.40000000
 C	-6.47033656 -13.26615590 3.40000000
 C	8.25365974 -12.23655378 3.40000000
 C	-8.92422142 -13.43774825 3.40000000
 C	10.70771639 -12.06494942 3.40000000
 C	0.79258577 -11.33450458 3.40000000
 C	-11.47735389 -12.19250234 3.40000000
 C	13.06269721 -10.47649480 3.40000000
 C	-13.93141053 -12.36410670 3.40000000
 C	15.51658207 -10.30490245 3.40000000
 C	-16.38529540 -12.53569904 3.40000000
 C	17.97063872 -10.13329810 3.40000000
 C	-18.83935204 -12.70730340 3.40000000
 C	20.42463810 -9.96169774 3.40000000
 C	-21.29340868 -12.87890776 3.40000000
 C	22.87858022 -9.79010139 3.40000000
 C	-1.66129909 -11.50609692 3.40000000
 C	-23.74735081 -13.05050411 3.40000000
 C	25.33263687 -9.61849704 3.40000000
 C	3.24664241 -11.16290022 3.40000000
 C	-26.20135019 -13.22210446 3.40000000
 C	27.78669351 -9.44689268 3.40000000
 C	-28.65540683 -13.39370882 3.40000000
 C	30.24057837 -9.27530033 3.40000000
 C	-31.10929170 -13.56530116 3.40000000
 C	32.69463502 -9.10369598 3.40000000
 C	-33.56334834 -13.73690552 3.40000000
 C	35.14863440 -8.93209562 3.40000000
 C	37.60257652 -8.76049927 3.40000000
 C	-4.11535574 -11.67770128 3.40000000
 C	5.70064180 -10.99129986 3.40000000
 C	-6.56941238 -11.84930564 3.40000000
 C	8.15458392 -10.81970351 3.40000000
 C	-9.02335450 -12.02090198 3.40000000
 C	10.60864056 -10.64809916 3.40000000
 C	-10.29986348 -11.39827503 3.40000000
 C	11.78613098 -9.85387185 3.40000000
 C	-0.48398046 -10.71188163 3.40000000
 C	1.97007618 -10.54027727 3.40000000
 C	-12.75392012 -11.56987939 3.40000000
 C	14.24001584 -9.68227951 3.40000000
 C	-15.20797676 -11.74148375 3.40000000
 C	16.69407248 -9.51067515 3.40000000
 C	-17.66186163 -11.91307609 3.40000000
 C	19.14812913 -9.33907079 3.40000000
 C	-20.11591827 -12.08468045 3.40000000
 C	21.60218577 -9.16746643 3.40000000
 C	-22.56980313 -12.25627279 3.40000000
 C	24.05607063 -8.99587409 3.40000000
 C	-25.02385978 -12.42787715 3.40000000
 C	26.51012728 -8.82426973 3.40000000
 C	-27.47791642 -12.59948151 3.40000000
 C	28.96401214 -8.65267738 3.40000000
 C	-29.93197307 -12.77108587 3.40000000
 C	31.41806878 -8.48107303 3.40000000
 C	-32.38585793 -12.94267821 3.40000000
 C	33.87212543 -8.30946867 3.40000000
 C	36.32618207 -8.13786431 3.40000000
 C	-2.93786533 -10.88347397 3.40000000
 C	4.42413282 -10.36867291 3.40000000
 C	38.78006694 -7.96627197 3.40000000
 C	-5.39192197 -11.05507833 3.40000000
 C	6.87818947 -10.19706855 3.40000000
 C	-7.84580683 -11.22667067 3.40000000
 C	9.33207433 -10.02547621 3.40000000
 C	-10.39893930 -9.98142477 3.40000000
 C	11.68705515 -8.43702158 3.40000000
 C	-0.58288450 -9.29501935 3.40000000
 C	1.87100036 -9.12342700 3.40000000
 C	-12.85299594 -10.15302912 3.40000000
 C	14.14111180 -8.26541723 3.40000000
 C	-15.30688081 -10.32462147 3.40000000
 C	16.59499666 -8.09382488 3.40000000
 C	-17.76093745 -10.49622583 3.40000000
 C	19.04905330 -7.92222052 3.40000000
 C	-20.21499409 -10.66783018 3.40000000
 C	21.50305269 -7.75062017 3.40000000
 C	-22.66893622 -10.83942653 3.40000000
 C	23.95699481 -7.57902382 3.40000000
 C	-25.12293560 -11.01102689 3.40000000
 C	26.41105146 -7.40741946 3.40000000
 C	-27.57699224 -11.18263124 3.40000000
 C	28.86510810 -7.23581511 3.40000000
 C	-30.03087711 -11.35422359 3.40000000
 C	31.31899296 -7.06422276 3.40000000
 C	-32.48493375 -11.52582795 3.40000000
 C	33.77304961 -6.89261840 3.40000000
 C	36.22704899 -6.72101805 3.40000000
 C	-3.03694115 -9.46662371 3.40000000
 C	4.32505700 -8.95182264 3.40000000
 C	38.68099111 -6.54942170 3.40000000
 C	-5.49099779 -9.63822806 3.40000000
 C	6.77905639 -8.78022229 3.40000000
 C	-7.94493992 -9.80982441 3.40000000
 C	9.23299851 -8.60862594 3.40000000
 C	0.59435864 -8.50095883 3.40000000
 C	-11.67558102 -9.35895659 3.40000000
 C	12.86447008 -7.64294905 3.40000000
 C	15.31835494 -7.47135671 3.40000000
 C	-14.12963766 -9.53056095 3.40000000
 C	-16.58352253 -9.70215329 3.40000000
 C	17.77241158 -7.29975235 3.40000000
 C	-19.03757917 -9.87375765 3.40000000
 C	20.22646823 -7.12814799 3.40000000
 C	-21.49146403 -10.04534999 3.40000000
 C	22.68052487 -6.95654363 3.40000000
 C	-1.85952622 -8.67255117 3.40000000
 C	3.04841528 -8.32935447 3.40000000
 C	-23.94552068 -10.21695435 3.40000000
 C	25.13440974 -6.78495129 3.40000000
 C	-26.39957732 -10.38855871 3.40000000
 C	27.58846638 -6.61334693 3.40000000
 C	30.04235124 -6.44175458 3.40000000
 C	-28.85363396 -10.56016307 3.40000000
 C	-31.30751883 -10.73175541 3.40000000
 C	32.49640789 -6.27015023 3.40000000
 C	34.95046453 -6.09854587 3.40000000
 C	37.40452117 -5.92694151 3.40000000
 C	39.85840604 -5.75534917 3.40000000
 C	-4.31358287 -8.84415553 3.40000000
 C	5.50247193 -8.15775011 3.40000000
 C	-6.76746773 -9.01574787 3.40000000
 C	7.95652857 -7.98614575 3.40000000
 C	-9.22152438 -9.18735223 3.40000000
 C	10.41041343 -7.81455341 3.40000000
 C	0.49545460 -7.08409655 3.40000000
 C	-11.77465684 -7.94210632 3.40000000
 C	12.76539426 -6.22609878 3.40000000
 C	-14.22854170 -8.11369867 3.40000000
 C	15.21945090 -6.05449443 3.40000000
 C	-16.68259835 -8.28530303 3.40000000
 C	17.67333576 -5.88290208 3.40000000
 C	-19.13665499 -8.45690738 3.40000000
 C	20.12739241 -5.71129772 3.40000000
 C	-21.59059712 -8.62850373 3.40000000
 C	22.58139179 -5.53969737 3.40000000
 C	-1.95860205 -7.25570090 3.40000000
 C	2.94933946 -6.91250420 3.40000000
 C	-24.04459650 -8.80010409 3.40000000
 C	25.03533391 -5.36810102 3.40000000
 C	-26.49865314 -8.97170844 3.40000000
 C	27.48939056 -5.19649666 3.40000000
 C	-28.95253801 -9.14330079 3.40000000
 C	29.94344720 -5.02489231 3.40000000
 C	-31.40659465 -9.31490515 3.40000000
 C	32.39733206 -4.85329996 3.40000000
 C	34.85138871 -4.68169560 3.40000000
 C	37.30538809 -4.51009525 3.40000000
 C	39.75933021 -4.33849890 3.40000000
 C	-4.41265869 -7.42730526 3.40000000
 C	5.40339610 -6.74089984 3.40000000
 C	-6.86660081 -7.59890161 3.40000000
 C	7.85739549 -6.56929949 3.40000000
 C	-9.32060020 -7.77050197 3.40000000
 C	10.31133761 -6.39770314 3.40000000
 C	-10.59716643 -7.14787901 3.40000000
 C	11.48882802 -5.60347583 3.40000000
 C	-0.78111164 -6.46147359 3.40000000
 C	1.67277323 -6.28988124 3.40000000
 C	-13.05122307 -7.31948336 3.40000000
 C	13.94288467 -5.43187147 3.40000000
 C	-15.50510794 -7.49107571 3.40000000
 C	16.39676953 -5.26027912 3.40000000
 C	-17.95916458 -7.66268007 3.40000000
 C	18.85082617 -5.08867476 3.40000000
 C	-20.41304944 -7.83427241 3.40000000
 C	21.30488282 -4.91707041 3.40000000
 C	-22.86710609 -8.00587677 3.40000000
 C	23.75893946 -4.74546605 3.40000000
 C	-25.32116273 -8.17748113 3.40000000
 C	26.21282432 -4.57387370 3.40000000
 C	-27.77521938 -8.34908548 3.40000000
 C	28.66688097 -4.40226935 3.40000000
 C	-30.22910424 -8.52067783 3.40000000
 C	31.12076583 -4.23067700 3.40000000
 C	33.57482247 -4.05907264 3.40000000
 C	36.02887912 -3.88746829 3.40000000
 C	-3.23516828 -6.63307795 3.40000000
 C	4.12682987 -6.11827689 3.40000000
 C	38.48293576 -3.71586393 3.40000000
 C	40.93682063 -3.54427158 3.40000000
 C	-5.68905314 -6.80467029 3.40000000
 C	6.58088651 -5.94667253 3.40000000
 C	-8.14310979 -6.97627465 3.40000000
 C	9.03494316 -5.77506817 3.40000000
 C	-10.69624225 -5.73102875 3.40000000
 C	11.38975220 -4.18662557 3.40000000
 C	-0.88018746 -5.04462333 3.40000000
 C	1.57386919 -4.87301897 3.40000000
 C	-13.15012712 -5.90262110 3.40000000
 C	13.84380884 -4.01502121 3.40000000
 C	-15.60418376 -6.07422545 3.40000000
 C	16.29786549 -3.84341685 3.40000000
 C	-18.05824040 -6.24582981 3.40000000
 C	18.75175035 -3.67182451 3.40000000
 C	-20.51218253 -6.41742616 3.40000000
 C	21.20580700 -3.50022015 3.40000000
 C	-22.96618191 -6.58902651 3.40000000
 C	23.65980638 -3.32861980 3.40000000
 C	-25.42023855 -6.76063087 3.40000000
 C	26.11374850 -3.15702345 3.40000000
 C	-27.87412342 -6.93222322 3.40000000
 C	28.56780515 -2.98541909 3.40000000
 C	-30.32818006 -7.10382757 3.40000000
 C	31.02186179 -2.81381473 3.40000000
 C	33.47574665 -2.64222239 3.40000000
 C	35.92980330 -2.47061803 3.40000000
 C	-3.33424410 -5.21622769 3.40000000
 C	4.02775405 -4.70142663 3.40000000
 C	38.38380268 -2.29901768 3.40000000
 C	40.83774480 -2.12742133 3.40000000
 C	-5.78818622 -5.38782404 3.40000000
 C	6.48181069 -4.52982227 3.40000000
 C	-8.24218561 -5.55942439 3.40000000
 C	8.93581008 -4.35822192 3.40000000
 C	0.29730295 -4.25039602 3.40000000
 C	-11.97280849 -5.10840579 3.40000000
 C	12.56724261 -3.39239825 3.40000000
 C	-14.42669335 -5.27999814 3.40000000
 C	15.02129925 -3.22079389 3.40000000
 C	-16.88074999 -5.45160249 3.40000000
 C	17.47518412 -3.04920155 3.40000000
 C	-19.33463486 -5.62319484 3.40000000
 C	19.92924076 -2.87759719 3.40000000
 C	-21.78869150 -5.79479920 3.40000000
 C	22.38329741 -2.70599283 3.40000000
 C	-2.15675369 -4.42200037 3.40000000
 C	2.75118782 -4.07880367 3.40000000
 C	-24.24274814 -5.96640355 3.40000000
 C	24.83735405 -2.53438848 3.40000000
 C	-26.69680479 -6.13800791 3.40000000
 C	27.29123891 -2.36279613 3.40000000
 C	-29.15068965 -6.30960026 3.40000000
 C	29.74529556 -2.19119177 3.40000000
 C	32.19918042 -2.01959943 3.40000000
 C	34.65323706 -1.84799507 3.40000000
 C	37.10729371 -1.67639071 3.40000000
 C	39.56135035 -1.50478636 3.40000000
 C	42.01523521 -1.33319401 3.40000000
 C	-4.61063855 -4.59359272 3.40000000
 C	5.20524446 -3.90719931 3.40000000
 C	-7.06469520 -4.76519708 3.40000000
 C	7.65930110 -3.73559496 3.40000000
 C	-9.51875184 -4.93680143 3.40000000
 C	10.11335775 -3.56399060 3.40000000
 C	0.19820197 -2.83359734 3.40000000
 C	-12.07173769 -3.69159510 3.40000000
 C	12.46814163 -1.97559958 3.40000000
 C	-14.52579433 -3.86319946 3.40000000
 C	14.92219827 -1.80399522 3.40000000
 C	-16.97985098 -4.03480382 3.40000000
 C	17.37625491 -1.63239086 3.40000000
 C	-19.43379310 -4.20640017 3.40000000
 C	19.83013978 -1.46079852 3.40000000
 C	-21.88779248 -4.37800052 3.40000000
 C	22.28419642 -1.28919416 3.40000000
 C	-24.34184913 -4.54960488 3.40000000
 C	-2.25585468 -3.00520170 3.40000000
 C	24.73819580 -1.11759381 3.40000000
 C	2.65225861 -2.66199298 3.40000000
 C	-26.79573399 -4.72119722 3.40000000
 C	27.19213793 -0.94599746 3.40000000
 C	-29.24979063 -4.89280158 3.40000000
 C	29.64619457 -0.77439310 3.40000000
 C	32.10025122 -0.60278874 3.40000000
 C	34.55413608 -0.43119640 3.40000000
 C	37.00819272 -0.25959204 3.40000000
 C	39.46219211 -0.08799169 3.40000000
 C	41.91613423 0.08360466 3.40000000
 C	-4.70979680 -3.17679805 3.40000000
 C	5.10614348 -2.49040064 3.40000000
 C	-7.16379618 -3.34839840 3.40000000
 C	7.56020012 -2.31879628 3.40000000
 C	-9.61785283 -3.52000276 3.40000000
 C	10.01419950 -2.14719593 3.40000000
 C	-10.89439390 -2.89732822 3.40000000
 C	11.19177234 -1.35291302 3.40000000
 C	-1.07833910 -2.21092280 3.40000000
 C	1.37571754 -2.03931844 3.40000000
 C	-13.34827876 -3.06892056 3.40000000
 C	13.64565720 -1.18132068 3.40000000
 C	-15.80233540 -3.24052492 3.40000000
 C	16.09971384 -1.00971632 3.40000000
 C	-18.25622027 -3.41211727 3.40000000
 C	18.55359871 -0.83812398 3.40000000
 C	-20.71027691 -3.58372162 3.40000000
 C	21.00765535 -0.66651962 3.40000000
 C	-23.16433355 -3.75532598 3.40000000
 C	23.46171199 -0.49491526 3.40000000
 C	-25.61839020 -3.92693034 3.40000000
 C	25.91576864 -0.32331090 3.40000000
 C	-28.07227506 -4.09852268 3.40000000
 C	28.36965350 -0.15171856 3.40000000
 C	30.82371015 0.01988580 3.40000000
 C	33.27759501 0.19147814 3.40000000
 C	35.73165165 0.36308250 3.40000000
 C	-3.53222396 -2.38251515 3.40000000
 C	3.82960241 -1.86772610 3.40000000
 C	38.18570830 0.53468686 3.40000000
 C	40.63976494 0.70629122 3.40000000
 C	43.09364980 0.87788356 3.40000000
 C	-5.98628061 -2.55411950 3.40000000
 C	6.28365905 -1.69612174 3.40000000
 C	-8.44033725 -2.72572386 3.40000000
 C	8.73771569 -1.52451738 3.40000000
 C	-10.99337343 -1.48062071 3.40000000
 C	11.09256377 0.06377846 3.40000000
 C	-1.17749041 -0.79422731 3.40000000
 C	1.27656623 -0.62262295 3.40000000
 C	-13.44743007 -1.65222507 3.40000000
 C	13.54650589 0.23537481 3.40000000
 C	-15.90148671 -1.82382943 3.40000000
 C	16.00056253 0.40697917 3.40000000
 C	-18.35542884 -1.99542578 3.40000000
 C	18.45461918 0.57858353 3.40000000
 C	-20.80942822 -2.16702613 3.40000000
 C	20.90850404 0.75017587 3.40000000
 C	-23.26348486 -2.33863049 3.40000000
 C	23.36256069 0.92178023 3.40000000
 C	-25.71736973 -2.51022283 3.40000000
 C	25.81656007 1.09338058 3.40000000
 C	-28.17142637 -2.68182719 3.40000000
 C	28.27050219 1.26497693 3.40000000
 C	30.72455884 1.43658129 3.40000000
 C	33.17861548 1.60818565 3.40000000
 C	35.63250034 1.77977799 3.40000000
 C	-3.63143253 -0.96582366 3.40000000
 C	3.73062288 -0.45101859 3.40000000
 C	38.08655699 1.95138235 3.40000000
 C	40.54055637 2.12298271 3.40000000
 C	42.99449849 2.29457905 3.40000000
 C	-6.08543192 -1.13742401 3.40000000
 C	6.18450774 -0.27942625 3.40000000
 C	-8.53948856 -1.30902837 3.40000000
 C	8.63856438 -0.10782189 3.40000000
 C	0.00000000 0.00000000 3.40000000
 C	-12.26993966 -0.85799776 3.40000000
 C	12.27011144 0.85800978 3.40000000
 C	-14.72399630 -1.02960212 3.40000000
 C	14.72399630 1.02960212 3.40000000
 C	-17.17788116 -1.20119447 3.40000000
 C	17.17805295 1.20120648 3.40000000
 C	-19.63193781 -1.37279882 3.40000000
 C	19.63193781 1.37279882 3.40000000
 C	-22.08599445 -1.54440318 3.40000000
 C	22.08599445 1.54440318 3.40000000
 C	-2.45388486 -0.17159235 3.40000000
 C	-24.54005110 -1.71600754 3.40000000
 C	24.54005110 1.71600754 3.40000000
 C	2.45405664 0.17160436 3.40000000
 C	-26.99393596 -1.88759988 3.40000000
 C	26.99410774 1.88761190 3.40000000
 C	29.44799260 2.05920424 3.40000000
 C	31.90204925 2.23080860 3.40000000
 C	34.35593411 2.40240094 3.40000000
 C	36.80999075 2.57400530 3.40000000
 C	39.26404740 2.74560966 3.40000000
 C	41.71810404 2.91721402 3.40000000
 C	44.17198891 3.08880636 3.40000000
 C	-4.90794151 -0.34319670 3.40000000
 C	4.90794151 0.34319670 3.40000000
 C	-7.36199815 -0.51480106 3.40000000
 C	7.36199815 0.51480106 3.40000000
 C	-9.81605479 -0.68640542 3.40000000
 C	9.81605479 0.68640542 3.40000000
 C	-0.09907582 1.41685027 3.40000000
 C	-12.36901548 0.55885250 3.40000000
 C	12.17097836 2.27485604 3.40000000
 C	-14.82307212 0.38724815 3.40000000
 C	14.62492048 2.44645239 3.40000000
 C	-17.27701425 0.21565180 3.40000000
 C	17.07897712 2.61805674 3.40000000
 C	-19.73101363 0.04405144 3.40000000
 C	19.53303377 2.78966110 3.40000000
 C	-22.18507027 -0.12755291 3.40000000
 C	21.98691863 2.96125345 3.40000000
 C	-2.55301795 1.24525392 3.40000000
 C	-24.63895514 -0.29914526 3.40000000
 C	24.44097527 3.13285780 3.40000000
 C	2.35498082 1.58845462 3.40000000
 C	-27.09301178 -0.47074962 3.40000000
 C	26.89497466 3.30445816 3.40000000
 C	29.34891678 3.47605451 3.40000000
 C	31.80297343 3.64765886 3.40000000
 C	34.25703007 3.81926322 3.40000000
 C	36.71091493 3.99085557 3.40000000
 C	39.16497158 4.16245992 3.40000000
 C	41.61897096 4.33406028 3.40000000
 C	44.07291308 4.50565663 3.40000000
 C	-5.00701733 1.07365356 3.40000000
 C	4.80903747 1.76005898 3.40000000
 C	-7.46107397 0.90204921 3.40000000
 C	7.26292233 1.93165133 3.40000000
 C	-9.91495884 0.73045686 3.40000000
 C	9.71697897 2.10325568 3.40000000
 C	-11.19152507 1.35307981 3.40000000
 C	10.89446938 2.89748299 3.40000000
 C	-1.37547027 2.03948523 3.40000000
 C	1.07841459 2.21107757 3.40000000
 C	-13.64558171 1.18147545 3.40000000
 C	13.34852603 3.06908735 3.40000000
 C	-16.09946658 1.00988311 3.40000000
 C	15.80241089 3.24067969 3.40000000
 C	-18.55352322 0.83827875 3.40000000
 C	18.25646753 3.41228405 3.40000000
 C	-21.00757986 0.66667439 3.40000000
 C	20.71035240 3.58387640 3.40000000
 C	-23.46163651 0.49507003 3.40000000
 C	23.16440904 3.75548075 3.40000000
 C	-25.91552137 0.32347769 3.40000000
 C	25.61846569 3.92708511 3.40000000
 C	28.07252233 4.09868947 3.40000000
 C	30.52640719 4.27028181 3.40000000
 C	32.98046384 4.44188617 3.40000000
 C	35.43434870 4.61347852 3.40000000
 C	-3.82952692 1.86788087 3.40000000
 C	3.53247123 2.38268193 3.40000000
 C	37.88840534 4.78508287 3.40000000
 C	40.34246199 4.95668723 3.40000000
 C	42.79651863 5.12829159 3.40000000
 C	45.25040349 5.29988393 3.40000000
 C	-6.28358356 1.69627651 3.40000000
 C	5.98635610 2.55427428 3.40000000
 C	-8.73764021 1.52467216 3.40000000
 C	8.44041274 2.72587863 3.40000000
 C	-11.29060089 2.76993008 3.40000000
 C	10.79539356 4.31433326 3.40000000
 C	-1.47460336 3.45633149 3.40000000
 C	0.97933877 3.62792784 3.40000000
 C	-13.74465753 2.59832572 3.40000000
 C	13.24939295 4.48593361 3.40000000
 C	-16.19859966 2.42672937 3.40000000
 C	15.70333507 4.65752996 3.40000000
 C	-18.65259904 2.25512902 3.40000000
 C	18.15739171 4.82913432 3.40000000
 C	-21.10665569 2.08352466 3.40000000
 C	20.61144836 5.00073867 3.40000000
 C	-23.56054055 1.91193231 3.40000000
 C	23.06533322 5.17233102 3.40000000
 C	-26.01459719 1.74032796 3.40000000
 C	25.51938986 5.34393538 3.40000000
 C	27.97338925 5.51553573 3.40000000
 C	30.42733137 5.68713208 3.40000000
 C	32.88138801 5.85873644 3.40000000
 C	35.33544466 6.03034079 3.40000000
 C	-3.92860274 3.28473114 3.40000000
 C	3.43339541 3.79953220 3.40000000
 C	37.78932952 6.20193314 3.40000000
 C	40.24338616 6.37353750 3.40000000
 C	42.69738555 6.54513785 3.40000000
 C	45.15132767 6.71673420 3.40000000
 C	-6.38265938 3.11312678 3.40000000
 C	5.88745205 3.97113655 3.40000000
 C	-8.83654425 2.94153443 3.40000000
 C	8.34133692 4.14272890 3.40000000
 C	-0.29713117 4.25040803 3.40000000
 C	-12.56724261 3.39239825 3.40000000
 C	11.97280849 5.10840579 3.40000000
 C	-15.02112747 3.22080591 3.40000000
 C	14.42686513 5.28001015 3.40000000
 C	-17.47518412 3.04920155 3.40000000
 C	16.88074999 5.45160249 3.40000000
 C	-19.92924076 2.87759719 3.40000000
 C	19.33480664 5.62320685 3.40000000
 C	21.78869150 5.79479920 3.40000000
 C	-22.38329741 2.70599283 3.40000000
 C	-2.75118782 4.07880367 3.40000000
 C	2.15675369 4.42200037 3.40000000
 C	-24.83718227 2.53440049 3.40000000
 C	24.24274814 5.96640355 3.40000000
 C	26.69680479 6.13800791 3.40000000
 C	29.15086143 6.30961227 3.40000000
 C	31.60474629 6.48120461 3.40000000
 C	34.05880294 6.65280897 3.40000000
 C	36.51268780 6.82440132 3.40000000
 C	38.96674444 6.99600567 3.40000000
 C	41.42080109 7.16761003 3.40000000
 C	43.87485773 7.33921439 3.40000000
 C	46.32874260 7.51080673 3.40000000
 C	-5.20524446 3.90719931 3.40000000
 C	4.61081033 4.59360473 3.40000000
 C	7.06469520 4.76519708 3.40000000
 C	-7.65930110 3.73559496 3.40000000
 C	-10.11318597 3.56400261 3.40000000
 C	9.51875184 4.93680143 3.40000000
 C	-0.39626425 5.66725429 3.40000000
 C	-12.66631843 4.80924852 3.40000000
 C	11.87373266 6.52525606 3.40000000
 C	-15.12026056 4.63765217 3.40000000
 C	14.32773205 6.69685641 3.40000000
 C	-17.57425994 4.46605182 3.40000000
 C	16.78167417 6.86845276 3.40000000
 C	-20.02831658 4.29444746 3.40000000
 C	19.23573081 7.04005712 3.40000000
 C	-22.48220145 4.12285511 3.40000000
 C	21.68978746 7.21166147 3.40000000
 C	-2.85026364 5.49565394 3.40000000
 C	2.05767787 5.83885064 3.40000000
 C	-24.93625809 3.95125076 3.40000000
 C	24.14367232 7.38325382 3.40000000
 C	26.59772896 7.55485818 3.40000000
 C	29.05172835 7.72645853 3.40000000
 C	31.50567047 7.89805488 3.40000000
 C	33.95972712 8.06965924 3.40000000
 C	36.41378376 8.24126359 3.40000000
 C	38.86766862 8.41285594 3.40000000
 C	41.32172527 8.58446030 3.40000000
 C	43.77572465 8.75606065 3.40000000
 C	46.22966677 8.92765700 3.40000000
 C	-5.30432028 5.32404958 3.40000000
 C	4.51173451 6.01045500 3.40000000
 C	-7.75820515 5.15245723 3.40000000
 C	6.96579116 6.18205935 3.40000000
 C	-10.21226179 4.98085288 3.40000000
 C	9.41967602 6.35365170 3.40000000
 C	-11.48882802 5.60347584 3.40000000
 C	10.59716643 7.14787902 3.40000000
 C	-1.67277323 6.28988125 3.40000000
 C	0.78128342 6.46148561 3.40000000
 C	-13.94271289 5.43188349 3.40000000
 C	13.05122307 7.31948337 3.40000000
 C	-16.39676953 5.26027913 3.40000000
 C	15.50527972 7.49108773 3.40000000
 C	-18.85082617 5.08867477 3.40000000
 C	17.95916458 7.66268008 3.40000000
 C	-21.30488282 4.91707042 3.40000000
 C	20.41322122 7.83428443 3.40000000
 C	-23.75876768 4.74547807 3.40000000
 C	22.86710609 8.00587678 3.40000000
 C	25.32116273 8.17748114 3.40000000
 C	27.77521938 8.34908549 3.40000000
 C	30.22927602 8.52068985 3.40000000
 C	32.68316088 8.69228220 3.40000000
 C	35.13721753 8.86388655 3.40000000
 C	-4.12682987 6.11827690 3.40000000
 C	3.23516828 6.63307796 3.40000000
 C	37.59110239 9.03547890 3.40000000
 C	40.04515903 9.20708326 3.40000000
 C	42.49921568 9.37868761 3.40000000
 C	44.95327232 9.55029197 3.40000000
 C	47.40715718 9.72188432 3.40000000
 C	-6.58088652 5.94667254 3.40000000
 C	5.68922492 6.80468231 3.40000000
 C	-9.03477138 5.77508019 3.40000000
 C	8.14310979 6.97627466 3.40000000
 C	-11.58790384 7.02032609 3.40000000
 C	10.49809061 8.56472927 3.40000000
 C	-1.77184905 7.70673151 3.40000000
 C	0.68215033 7.87833186 3.40000000
 C	-14.04184597 6.84872974 3.40000000
 C	12.95214725 8.73633363 3.40000000
 C	-16.49584535 6.67712939 3.40000000
 C	15.40614664 8.90793398 3.40000000
 C	-18.94990199 6.50552503 3.40000000
 C	17.86008876 9.07953033 3.40000000
 C	-21.40378686 6.33393269 3.40000000
 C	20.31414540 9.25113469 3.40000000
 C	-23.85784350 6.16232833 3.40000000
 C	22.76820205 9.42273905 3.40000000
 C	25.22208691 9.59433139 3.40000000
 C	27.67614355 9.76593575 3.40000000
 C	30.13014294 9.93753610 3.40000000
 C	32.58408506 10.10913245 3.40000000
 C	35.03814170 10.28073681 3.40000000
 C	-4.22590569 7.53512715 3.40000000
 C	3.13609246 8.04992821 3.40000000
 C	37.49219835 10.45234117 3.40000000
 C	39.94608321 10.62393351 3.40000000
 C	42.40013986 10.79553787 3.40000000
 C	44.85413924 10.96713822 3.40000000
 C	47.30808136 11.13873457 3.40000000
 C	-6.67979056 7.36353481 3.40000000
 C	5.59014910 8.22153257 3.40000000
 C	-9.13384720 7.19193045 3.40000000
 C	8.04420575 8.39313693 3.40000000
 C	-0.59435864 8.50095883 3.40000000
 C	-12.86429830 7.64296106 3.40000000
 C	11.67558102 9.35895659 3.40000000
 C	-15.31835494 7.47135671 3.40000000
 C	14.12963766 9.53056095 3.40000000
 C	-17.77241158 7.29975235 3.40000000
 C	16.58369431 9.70216530 3.40000000
 C	-20.22646823 7.12814799 3.40000000
 C	19.03757917 9.87375765 3.40000000
 C	-22.68035309 6.95655564 3.40000000
 C	21.49163581 10.04536201 3.40000000
 C	-3.04841528 8.32935447 3.40000000
 C	23.94552068 10.21695435 3.40000000
 C	1.85969800 8.67256318 3.40000000
 C	26.39957732 10.38855871 3.40000000
 C	28.85363396 10.56016307 3.40000000
 C	31.30769061 10.73176742 3.40000000
 C	33.76157547 10.90335977 3.40000000
 C	36.21563212 11.07496413 3.40000000
 C	38.66951698 11.24655647 3.40000000
 C	41.12357362 11.41816083 3.40000000
 C	43.57763027 11.58976519 3.40000000
 C	46.03168691 11.76136954 3.40000000
 C	48.48557177 11.93296189 3.40000000
 C	-5.50247193 8.15775011 3.40000000
 C	4.31358287 8.84415553 3.40000000
 C	-7.95635679 7.98615777 3.40000000
 C	6.76763951 9.01575989 3.40000000
 C	-10.41041343 7.81455341 3.40000000
 C	9.22152438 9.18735223 3.40000000
 C	-0.69345962 9.91775750 3.40000000
 C	-12.96345654 9.05975573 3.40000000
 C	11.57648003 10.77575526 3.40000000
 C	-15.41745593 8.88815538 3.40000000
 C	14.03053668 10.94735962 3.40000000
 C	-17.87151257 8.71655102 3.40000000
 C	16.48453606 11.11895997 3.40000000
 C	-20.32539743 8.54495868 3.40000000
 C	18.93847819 11.29055632 3.40000000
 C	-22.77945408 8.37335432 3.40000000
 C	21.39253483 11.46216068 3.40000000
 C	-3.14751627 9.74615314 3.40000000
 C	23.84659147 11.63376504 3.40000000
 C	1.76053976 10.08935785 3.40000000
 C	26.30047634 11.80535738 3.40000000
 C	28.75453298 11.97696174 3.40000000
 C	31.20853236 12.14856210 3.40000000
 C	33.66247449 12.32015844 3.40000000
 C	36.11653113 12.49176280 3.40000000
 C	38.57058777 12.66336716 3.40000000
 C	41.02447264 12.83495950 3.40000000
 C	43.47852928 13.00656386 3.40000000
 C	45.93252867 13.17816422 3.40000000
 C	-5.60140113 9.57456080 3.40000000
 C	48.38647079 13.34976056 3.40000000
 C	4.21448188 10.26095420 3.40000000
 C	-8.05545777 9.40295644 3.40000000
 C	6.66853853 10.43255856 3.40000000
 C	-10.50951442 9.23135208 3.40000000
 C	9.12259517 10.60416292 3.40000000
 C	-11.78588371 9.85403864 3.40000000
 C	10.29993896 11.39842980 3.40000000
 C	-1.97000069 10.54043204 3.40000000
 C	0.48405595 10.71203640 3.40000000
 C	-14.23994035 9.68243428 3.40000000
 C	12.75399561 11.57003416 3.40000000
 C	-16.69399700 9.51082992 3.40000000
 C	15.20805225 11.74163852 3.40000000
 C	-19.14805364 9.33922556 3.40000000
 C	17.66210890 11.91324288 3.40000000
 C	-21.60193850 9.16763322 3.40000000
 C	20.11599376 12.08483522 3.40000000
 C	22.57005040 12.25643958 3.40000000
 C	25.02393527 12.42803192 3.40000000
 C	27.47799191 12.59963628 3.40000000
 C	29.93204855 12.77124064 3.40000000
 C	32.38610520 12.94284500 3.40000000
 C	34.83999006 13.11443734 3.40000000
 C	-4.42405734 10.36882768 3.40000000
 C	2.93811259 10.88364076 3.40000000
 C	37.29404670 13.28604170 3.40000000
 C	39.74793157 13.45763404 3.40000000
 C	42.20198821 13.62923840 3.40000000
 C	44.65604486 13.80084276 3.40000000
 C	47.11010150 13.97244712 3.40000000
 C	49.56398636 14.14403946 3.40000000
 C	-6.87794220 10.19723534 3.40000000
 C	5.39199746 11.05523310 3.40000000
 C	-9.33199884 10.02563098 3.40000000
 C	7.84605410 11.22683746 3.40000000
 C	-11.88509228 11.27073012 3.40000000
 C	10.20095944 12.81513731 3.40000000
 C	-2.06915200 11.95712753 3.40000000
 C	0.38490464 12.12873189 3.40000000
 C	-14.33909166 11.09912977 3.40000000
 C	12.65484430 12.98672965 3.40000000
 C	-16.79314830 10.92752541 3.40000000
 C	15.10890094 13.15833401 3.40000000
 C	-19.24703317 10.75593307 3.40000000
 C	17.56290033 13.32993437 3.40000000
 C	-21.70108981 10.58432871 3.40000000
 C	20.01684245 13.50153071 3.40000000
 C	22.47089909 13.67313507 3.40000000
 C	24.92495574 13.84473943 3.40000000
 C	27.37884060 14.01633178 3.40000000
 C	29.83289724 14.18793613 3.40000000
 C	32.28689663 14.35953649 3.40000000
 C	34.74083875 14.53113284 3.40000000
 C	-4.52303687 11.78553519 3.40000000
 C	2.83890402 12.30033225 3.40000000
 C	37.19489539 14.70273719 3.40000000
 C	39.64895204 14.87434155 3.40000000
 C	42.10283690 15.04593390 3.40000000
 C	44.55689355 15.21753825 3.40000000
 C	47.01089293 15.38913861 3.40000000
 C	49.46483505 15.56073496 3.40000000
 C	-6.97709351 11.61393083 3.40000000
 C	5.29284615 12.47192859 3.40000000
 C	-9.43115015 11.44232647 3.40000000
 C	7.74690279 12.64353295 3.40000000
 C	-0.89166159 12.75135484 3.40000000
 C	-13.16160125 11.89335708 3.40000000
 C	11.37827807 13.60935260 3.40000000
 C	-15.61565789 11.72175272 3.40000000
 C	13.83233471 13.78095696 3.40000000
 C	-18.06971454 11.55014836 3.40000000
 C	16.28639135 13.95256132 3.40000000
 C	-20.52359940 11.37855602 3.40000000
 C	18.74044800 14.12416568 3.40000000
 C	21.19433286 14.29575802 3.40000000
 C	23.64838950 14.46736238 3.40000000
 C	-3.34571824 12.57975048 3.40000000
 C	1.56239505 12.92295920 3.40000000
 C	26.10227437 14.63895472 3.40000000
 C	28.55633101 14.81055908 3.40000000
 C	31.01038766 14.98216344 3.40000000
 C	33.46444430 15.15376780 3.40000000
 C	35.91832916 15.32536014 3.40000000
 C	38.37238581 15.49696450 3.40000000
 C	40.82627067 15.66855684 3.40000000
 C	43.28032731 15.84016120 3.40000000
 C	45.73438396 16.01176556 3.40000000
 C	-5.79960310 12.40815814 3.40000000
 C	48.18844060 16.18336992 3.40000000
 C	4.01645170 13.09456356 3.40000000
 C	50.64232546 16.35496226 3.40000000
 C	-8.25365974 12.23655378 3.40000000
 C	6.47033656 13.26615590 3.40000000
 C	-10.70754461 12.06496144 3.40000000
 C	8.92439320 13.43776026 3.40000000
 C	-0.99073741 14.16820511 3.40000000
 C	-13.26067707 13.31020734 3.40000000
 C	11.27937402 15.02621488 3.40000000
 C	-15.71473372 13.13860299 3.40000000
 C	13.73325889 15.19780723 3.40000000
 C	-18.16861858 12.96701064 3.40000000
 C	16.18731553 15.36941159 3.40000000
 C	-20.62267522 12.79540628 3.40000000
 C	18.64131491 15.54101194 3.40000000
 C	21.09525704 15.71260829 3.40000000
 C	-3.44462228 13.99661276 3.40000000
 C	23.54931368 15.88421265 3.40000000
 C	1.46331923 14.33980946 3.40000000
 C	26.00337033 16.05581700 3.40000000
 C	28.45725519 16.22740935 3.40000000
 C	30.91131183 16.39901371 3.40000000
 C	33.36531122 16.57061406 3.40000000
 C	35.81925334 16.74221041 3.40000000
 C	38.27330998 16.91381477 3.40000000
 C	40.72736663 17.08541912 3.40000000
 C	43.18125149 17.25701147 3.40000000
 C	45.63530813 17.42861583 3.40000000
 C	-5.89867892 13.82500840 3.40000000
 C	48.08930752 17.60021618 3.40000000
 C	3.91731861 14.51140982 3.40000000
 C	50.54324964 17.77181253 3.40000000
 C	-8.35273556 13.65340405 3.40000000
 C	6.37126074 14.68300617 3.40000000
 C	-10.80667769 13.48180770 3.40000000
 C	8.82531738 14.85461052 3.40000000
 C	-12.08318666 14.10443465 3.40000000
 C	10.00280779 15.64883783 3.40000000
 C	-2.26730365 14.79082806 3.40000000
 C	0.18675300 14.96243241 3.40000000
 C	-14.53724330 13.93283029 3.40000000
 C	12.45669265 15.82043018 3.40000000
 C	-16.99129995 13.76122594 3.40000000
 C	14.91074930 15.99203453 3.40000000
 C	-19.44518481 13.58963359 3.40000000
 C	17.36480594 16.16363889 3.40000000
 C	19.81886259 16.33524325 3.40000000
 C	22.27274745 16.50683559 3.40000000
 C	24.72680409 16.67843995 3.40000000
 C	27.18068896 16.85003230 3.40000000
 C	29.63474560 17.02163665 3.40000000
 C	32.08880224 17.19324101 3.40000000
 C	34.54285889 17.36484537 3.40000000
 C	-4.72118851 14.61923571 3.40000000
 C	2.64080964 15.13403677 3.40000000
 C	36.99674375 17.53643772 3.40000000
 C	39.45080040 17.70804207 3.40000000
 C	41.90468526 17.87963442 3.40000000
 C	44.35874190 18.05123878 3.40000000
 C	46.81279855 18.22284313 3.40000000
 C	49.26685519 18.39444749 3.40000000
 C	51.72074005 18.56603984 3.40000000
 C	-7.17524515 14.44763135 3.40000000
 C	5.09486628 15.30564113 3.40000000
 C	-9.62913002 14.27603901 3.40000000
 C	7.54875115 15.47723347 3.40000000
 C	-12.18226248 15.52128492 3.40000000
 C	9.90373197 17.06568810 3.40000000
 C	-2.36620769 16.20769033 3.40000000
 C	0.08767717 16.37928268 3.40000000
 C	-14.63631913 15.34968056 3.40000000
 C	12.35778861 17.23729246 3.40000000
 C	-17.09020399 15.17808821 3.40000000
 C	14.81167348 17.40888480 3.40000000
 C	-19.54426063 15.00648386 3.40000000
 C	17.26573012 17.58048916 3.40000000
 C	19.71972950 17.75208951 3.40000000
 C	22.17367163 17.92368586 3.40000000
 C	24.62772827 18.09529022 3.40000000
 C	27.08178492 18.26689458 3.40000000
 C	29.53566978 18.43848692 3.40000000
 C	31.98972642 18.61009128 3.40000000
 C	34.44372581 18.78169163 3.40000000
 C	-4.82026433 16.03608598 3.40000000
 C	2.54173382 16.55088704 3.40000000
 C	36.89766793 18.95328798 3.40000000
 C	39.35172457 19.12489234 3.40000000
 C	41.80578122 19.29649670 3.40000000
 C	44.25966608 19.46808904 3.40000000
 C	46.71372272 19.63969340 3.40000000
 C	49.16772211 19.81129375 3.40000000
 C	51.62166423 19.98289010 3.40000000
 C	-7.27432098 15.86448162 3.40000000
 C	4.99573320 16.72248739 3.40000000
 C	-9.72826310 15.69288527 3.40000000
 C	7.44967533 16.89408374 3.40000000
 C	-1.18896455 17.00175086 3.40000000
 C	-13.45890420 16.14375309 3.40000000
 C	11.08114689 17.85976063 3.40000000
 C	13.53503176 18.03135298 3.40000000
 C	-15.91296085 15.97214874 3.40000000
 C	-18.36684571 15.80055639 3.40000000
 C	15.98908840 18.20295733 3.40000000
 C	18.44314504 18.37456169 3.40000000
 C	20.89720169 18.54616605 3.40000000
 C	-3.64284941 16.83015851 3.40000000
 C	1.26509210 17.17335521 3.40000000
 C	23.35108655 18.71775839 3.40000000
 C	25.80514320 18.88936275 3.40000000
 C	28.25902806 19.06095510 3.40000000
 C	30.71308470 19.23255945 3.40000000
 C	33.16714135 19.40416381 3.40000000
 C	35.62119799 19.57576817 3.40000000
 C	38.07508285 19.74736052 3.40000000
 C	40.52913950 19.91896487 3.40000000
 C	42.98302436 20.09055722 3.40000000
 C	45.43708100 20.26216158 3.40000000
 C	47.89113765 20.43376593 3.40000000
 C	-6.09690605 16.65855415 3.40000000
 C	3.71914874 17.34495957 3.40000000
 C	50.34519429 20.60537029 3.40000000
 C	52.79907915 20.77696264 3.40000000
 C	-8.55079092 16.48696181 3.40000000
 C	6.17320539 17.51656393 3.40000000
 C	-11.00484756 16.31535745 3.40000000
 C	8.62709025 17.68815627 3.40000000
 C	-1.28786859 18.41861313 3.40000000
 C	-13.55798003 17.56060336 3.40000000
 C	10.98207107 19.27661090 3.40000000
 C	-16.01186489 17.38901101 3.40000000
 C	13.43612772 19.44821526 3.40000000
 C	-18.46592153 17.21740666 3.40000000
 C	15.89001258 19.61980760 3.40000000
 C	18.34406922 19.79141196 3.40000000
 C	20.79806861 19.96301231 3.40000000
 C	-3.74192523 18.24700878 3.40000000
 C	1.16601628 18.59020548 3.40000000
 C	23.25201073 20.13460866 3.40000000
 C	25.70606737 20.30621302 3.40000000
 C	28.16012402 20.47781738 3.40000000
 C	30.61400888 20.64940972 3.40000000
 C	33.06806552 20.82101408 3.40000000
 C	35.52206491 20.99261443 3.40000000
 C	37.97600703 21.16421078 3.40000000
 C	40.43006367 21.33581514 3.40000000
 C	42.88412032 21.50741950 3.40000000
 C	45.33800518 21.67901184 3.40000000
 C	47.79206183 21.85061620 3.40000000
 C	-6.19598187 18.07540442 3.40000000
 C	3.62007292 18.76180984 3.40000000
 C	50.24606121 22.02221655 3.40000000
 C	52.70000333 22.19381290 3.40000000
 C	-8.64992400 17.90380807 3.40000000
 C	6.07407230 18.93341019 3.40000000
 C	-11.10392338 17.73220772 3.40000000
 C	8.52801443 19.10500654 3.40000000
 C	-12.38048961 18.35483068 3.40000000
 C	9.70550484 19.89923386 3.40000000
 C	-2.56443482 19.04123609 3.40000000
 C	-0.11054996 19.21282844 3.40000000
 C	-14.83454626 18.18322632 3.40000000
 C	12.15956148 20.07083821 3.40000000
 C	-17.28843112 18.01163397 3.40000000
 C	14.61344634 20.24243056 3.40000000
 C	17.06750299 20.41403492 3.40000000
 C	19.52155963 20.58563927 3.40000000
 C	21.97561628 20.75724363 3.40000000
 C	24.42950114 20.92883598 3.40000000
 C	26.88355778 21.10044033 3.40000000
 C	29.33744265 21.27203268 3.40000000
 C	31.79149929 21.44363704 3.40000000
 C	34.24555593 21.61524140 3.40000000
 C	-5.01849146 18.86963174 3.40000000
 C	2.34350669 19.38443280 3.40000000
 C	36.69961258 21.78684575 3.40000000
 C	39.15349744 21.95843810 3.40000000
 C	41.60755409 22.13004246 3.40000000
 C	44.06143895 22.30163480 3.40000000
 C	46.51549559 22.47323916 3.40000000
 C	48.96955224 22.64484352 3.40000000
 C	51.42360888 22.81644787 3.40000000
 C	53.87749374 22.98804022 3.40000000
 C	-7.47237633 18.69803939 3.40000000
 C	4.79756333 19.55603715 3.40000000
 C	-9.92643297 18.52643503 3.40000000
 C	7.25161997 19.72764151 3.40000000
 C	-12.47956544 19.77168093 3.40000000
 C	9.60642902 21.31608411 3.40000000
 C	-2.66351064 20.45808635 3.40000000
 C	-0.20945400 20.62969071 3.40000000
 C	-14.93345030 19.60008859 3.40000000
 C	12.06048566 21.48768847 3.40000000
 C	-17.38750694 19.42848423 3.40000000
 C	14.51454230 21.65929283 3.40000000
 C	16.96842717 21.83088517 3.40000000
 C	19.42248381 22.00248953 3.40000000
 C	21.87648319 22.17408988 3.40000000
 C	24.33042532 22.34568623 3.40000000
 C	26.78448196 22.51729059 3.40000000
 C	29.23853861 22.68889495 3.40000000
 C	31.69242347 22.86048729 3.40000000
 C	34.14648011 23.03209165 3.40000000
 C	-5.11756729 20.28648199 3.40000000
 C	2.24443087 20.80128305 3.40000000
 C	36.60047950 23.20369200 3.40000000
 C	39.05442162 23.37528835 3.40000000
 C	41.50847826 23.54689271 3.40000000
 C	43.96253491 23.71849707 3.40000000
 C	46.41641977 23.89008941 3.40000000
 C	48.87047641 24.06169377 3.40000000
 C	51.32447580 24.23329412 3.40000000
 C	53.77841792 24.40489047 3.40000000
 C	-7.57150941 20.11488564 3.40000000
 C	4.69848751 20.97288741 3.40000000
 C	-10.02550879 19.94328529 3.40000000
 C	7.15248689 21.14448776 3.40000000
 C	-1.48602023 21.25231367 3.40000000
 C	-13.75613167 20.39430389 3.40000000
 C	10.78391943 22.11031143 3.40000000
 C	-16.21001653 20.22271155 3.40000000
 C	13.23797607 22.28191579 3.40000000
 C	15.69186093 22.45350813 3.40000000
 C	18.14591758 22.62511249 3.40000000
 C	20.59997422 22.79671685 3.40000000
 C	-3.94007687 21.08070931 3.40000000
 C	0.96786463 21.42390601 3.40000000
 C	23.05403087 22.96832120 3.40000000
 C	25.50791573 23.13991355 3.40000000
 C	27.96197237 23.31151791 3.40000000
 C	30.41585724 23.48311025 3.40000000
 C	32.86991388 23.65471461 3.40000000
 C	35.32397052 23.82631897 3.40000000
 C	37.77802717 23.99792333 3.40000000
 C	40.23191203 24.16951567 3.40000000
 C	42.68596867 24.34112003 3.40000000
 C	45.13985354 24.51271237 3.40000000
 C	-6.39396174 20.90911696 3.40000000
 C	47.59391018 24.68431673 3.40000000
 C	3.42192128 21.59551037 3.40000000
 C	50.04796683 24.85592109 3.40000000
 C	52.50202347 25.02752545 3.40000000
 C	54.95590833 25.19911779 3.40000000
 C	-8.84801838 20.73751261 3.40000000
 C	5.87597792 21.76711473 3.40000000
 C	-11.30207503 20.56590825 3.40000000
 C	8.33003456 21.93871908 3.40000000
 C	-1.58512122 22.66911234 3.40000000
 C	-13.85506087 21.81111458 3.40000000
 C	10.68481844 23.52711010 3.40000000
 C	-16.30911752 21.63951022 3.40000000
 C	13.13887509 23.69871446 3.40000000
 C	15.59293173 23.87031882 3.40000000
 C	18.04681659 24.04191117 3.40000000
 C	20.50087324 24.21351552 3.40000000
 C	-4.03917786 22.49750798 3.40000000
 C	22.95487262 24.38511588 3.40000000
 C	0.86893543 22.84071670 3.40000000
 C	25.40881474 24.55671223 3.40000000
 C	27.86287139 24.72831658 3.40000000
 C	30.31692803 24.89992094 3.40000000
 C	32.77081289 25.07151329 3.40000000
 C	35.22486954 25.24311764 3.40000000
 C	37.67886892 25.41471800 3.40000000
 C	40.13281105 25.58631435 3.40000000
 C	42.58686769 25.75791870 3.40000000
 C	45.04092433 25.92952306 3.40000000
 C	-6.49311998 22.32591164 3.40000000
 C	47.49480920 26.10111541 3.40000000
 C	3.32282029 23.01230904 3.40000000
 C	49.94886584 26.27271976 3.40000000
 C	52.40286522 26.44432012 3.40000000
 C	54.85680735 26.61591647 3.40000000
 C	-8.94711937 22.15431128 3.40000000
 C	5.77687694 23.18391340 3.40000000
 C	-11.40117601 21.98270692 3.40000000
 C	8.23087632 23.35551376 3.40000000
 C	-12.67771708 22.60538146 3.40000000
 C	9.40844915 24.14979666 3.40000000
 C	-2.86166229 23.29178688 3.40000000
 C	-0.40760564 23.46339124 3.40000000
 C	-15.13160194 22.43378912 3.40000000
 C	11.86233402 24.32138900 3.40000000
 C	14.31639066 24.49299336 3.40000000
 C	16.77027552 24.66458571 3.40000000
 C	19.22433217 24.83619006 3.40000000
 C	21.67838881 25.00779442 3.40000000
 C	24.13244545 25.17939878 3.40000000
 C	26.58633032 25.35099112 3.40000000
 C	29.04038696 25.52259548 3.40000000
 C	31.49427182 25.69418783 3.40000000
 C	33.94832847 25.86579218 3.40000000
 C	-5.31554715 23.12019454 3.40000000
 C	2.04627922 23.63498358 3.40000000
 C	36.40238511 26.03739654 3.40000000
 C	38.85644176 26.20900090 3.40000000
 C	41.31032662 26.38059324 3.40000000
 C	43.76438326 26.55219760 3.40000000
 C	46.21826813 26.72378995 3.40000000
 C	48.67232477 26.89539430 3.40000000
 C	51.12638141 27.06699866 3.40000000
 C	53.58043806 27.23860302 3.40000000
 C	56.03432292 27.41019536 3.40000000
 C	-7.76960379 22.94859018 3.40000000
 C	4.50033587 23.80658794 3.40000000
 C	-10.22366044 22.77698582 3.40000000
 C	6.95439251 23.97819230 3.40000000
 C	-12.77669661 24.02208897 3.40000000
 C	9.30924058 25.56648815 3.40000000
 C	-2.96081360 24.70848238 3.40000000
 C	-0.50675695 24.88008673 3.40000000
 C	-15.23075325 23.85048461 3.40000000
 C	11.76318271 25.73808450 3.40000000
 C	14.21723935 25.90968885 3.40000000
 C	16.67129599 26.08129321 3.40000000
 C	19.12518086 26.25288556 3.40000000
 C	21.57923750 26.42448991 3.40000000
 C	24.03323688 26.59609027 3.40000000
 C	26.48717901 26.76768662 3.40000000
 C	28.94123565 26.93929097 3.40000000
 C	31.39529230 27.11089533 3.40000000
 C	33.84917716 27.28248768 3.40000000
 C	-5.41475572 24.53688603 3.40000000
 C	1.94729969 25.05169109 3.40000000
 C	36.30323380 27.45409203 3.40000000
 C	38.75723319 27.62569239 3.40000000
 C	41.21117531 27.79728874 3.40000000
 C	43.66523195 27.96889309 3.40000000
 C	46.11928860 28.14049745 3.40000000
 C	48.57317346 28.31208980 3.40000000
 C	51.02723010 28.48369415 3.40000000
 C	53.48122949 28.65529451 3.40000000
 C	55.93517161 28.82689086 3.40000000
 C	-7.86875510 24.36528567 3.40000000
 C	4.40118456 25.22328344 3.40000000
 C	-10.32281175 24.19368132 3.40000000
 C	6.85524120 25.39488779 3.40000000
 C	-1.78332318 25.50270968 3.40000000
 C	-14.05326284 24.64471192 3.40000000
 C	10.48678825 26.36071946 3.40000000
 C	12.94067312 26.53231180 3.40000000
 C	15.39472976 26.70391616 3.40000000
 C	17.84861462 26.87550851 3.40000000
 C	20.30267127 27.04711286 3.40000000
 C	-4.23720805 25.33111734 3.40000000
 C	22.75672791 27.21871722 3.40000000
 C	0.67073346 25.67431404 3.40000000
 C	25.21078456 27.39032158 3.40000000
 C	27.66466942 27.56191392 3.40000000
 C	30.11872606 27.73351828 3.40000000
 C	32.57261093 27.90511063 3.40000000
 C	35.02666757 28.07671498 3.40000000
 C	37.48072421 28.24831934 3.40000000
 C	39.93478086 28.41992370 3.40000000
 C	42.38866572 28.59151604 3.40000000
 C	44.84272236 28.76312040 3.40000000
 C	-6.69126469 25.15951298 3.40000000
 C	3.12461832 25.84590638 3.40000000
 C	47.29660723 28.93471275 3.40000000
 C	49.75066387 29.10631710 3.40000000
 C	52.20472052 29.27792146 3.40000000
 C	54.65877716 29.44952582 3.40000000
 C	57.11266202 29.62111816 3.40000000
 C	-9.14532133 24.98790862 3.40000000
 C	5.57867497 26.01751074 3.40000000
 C	-11.59937798 24.81630426 3.40000000
 C	8.03273161 26.18911510 3.40000000
 C	-1.88239901 26.91955995 3.40000000
 C	-14.15233866 26.06156219 3.40000000
 C	10.38765517 27.77756572 3.40000000
 C	12.84159730 27.94916207 3.40000000
 C	15.29565394 28.12076643 3.40000000
 C	17.74971058 28.29237078 3.40000000
 C	20.20359545 28.46396313 3.40000000
 C	-4.33634113 26.74796360 3.40000000
 C	22.65765209 28.63556749 3.40000000
 C	0.57165764 27.09116431 3.40000000
 C	25.11165147 28.80716784 3.40000000
 C	27.56559360 28.97876419 3.40000000
 C	30.01965024 29.15036855 3.40000000
 C	32.47370688 29.32197290 3.40000000
 C	34.92759175 29.49356525 3.40000000
 C	37.38164839 29.66516961 3.40000000
 C	39.83564778 29.83676996 3.40000000
 C	42.28958990 30.00836631 3.40000000
 C	44.74364654 30.17997067 3.40000000
 C	-6.79034051 26.57636325 3.40000000
 C	47.19770319 30.35157502 3.40000000
 C	3.02571428 27.26276866 3.40000000
 C	49.65158805 30.52316737 3.40000000
 C	52.10564469 30.69477173 3.40000000
 C	54.55964408 30.86637208 3.40000000
 C	57.01358620 31.03796843 3.40000000
 C	-9.24439716 26.40475889 3.40000000
 C	5.47959914 27.43436101 3.40000000
 C	-11.69828202 26.23316654 3.40000000
 C	7.93365579 27.60596537 3.40000000
 C	-12.97484825 26.85578949 3.40000000
 C	9.11114620 28.40019267 3.40000000
 C	-3.15879346 27.54219491 3.40000000
 C	-0.70490859 27.71378725 3.40000000
 C	11.56520284 28.57179703 3.40000000
 C	14.01908771 28.74338938 3.40000000
 C	16.47314435 28.91499373 3.40000000
 C	18.92702921 29.08658608 3.40000000
 C	21.38108586 29.25819044 3.40000000
 C	23.83514250 29.42979479 3.40000000
 C	26.28919915 29.60139915 3.40000000
 C	28.74308401 29.77299150 3.40000000
 C	31.19714065 29.94459585 3.40000000
 C	33.65102552 30.11618820 3.40000000
 C	-5.61285010 27.37059055 3.40000000
 C	1.74914805 27.88539161 3.40000000
 C	36.10508216 30.28779256 3.40000000
 C	38.55913880 30.45939691 3.40000000
 C	41.01319545 30.63100127 3.40000000
 C	43.46708031 30.80259362 3.40000000
 C	45.92113695 30.97419797 3.40000000
 C	48.37502182 31.14579032 3.40000000
 C	50.82907846 31.31739468 3.40000000
 C	53.28313510 31.48899903 3.40000000
 C	55.73719175 31.66060339 3.40000000
 C	58.19107661 31.83219574 3.40000000
 C	-8.06690675 27.19898619 3.40000000
 C	4.20303291 28.05698396 3.40000000
 C	-10.52096339 27.02738184 3.40000000
 C	6.65708956 28.22858832 3.40000000
 C	-13.07392407 28.27263976 3.40000000
 C	9.01207038 29.81704294 3.40000000
 C	-3.25792654 28.95904117 3.40000000
 C	-0.80398442 29.13063752 3.40000000
 C	11.46606976 29.98864329 3.40000000
 C	13.92001188 30.16023964 3.40000000
 C	16.37406853 30.33184400 3.40000000
 C	18.82812517 30.50344836 3.40000000
 C	21.28201004 30.67504070 3.40000000
 C	23.73606668 30.84664506 3.40000000
 C	26.19006606 31.01824541 3.40000000
 C	28.64400819 31.18984176 3.40000000
 C	31.09806483 31.36144612 3.40000000
 C	33.55212147 31.53305048 3.40000000
 C	-5.71192592 28.78744082 3.40000000
 C	1.65007223 29.30224188 3.40000000
 C	36.00600634 31.70464282 3.40000000
 C	38.46006298 31.87624718 3.40000000
 C	40.91406236 32.04784753 3.40000000
 C	43.36800449 32.21944388 3.40000000
 C	45.82206113 32.39104824 3.40000000
 C	48.27611778 32.56265260 3.40000000
 C	50.73000264 32.73424494 3.40000000
 C	53.18405928 32.90584930 3.40000000
 C	55.63805867 33.07744965 3.40000000
 C	58.09200079 33.24904600 3.40000000
 C	-8.16598257 28.61583646 3.40000000
 C	4.10412887 29.47384624 3.40000000
 C	-10.61986743 28.44424412 3.40000000
 C	6.55801373 29.64543858 3.40000000
 C	-2.08045436 29.75311771 3.40000000
 C	10.18948530 30.61111547 3.40000000
 C	12.64354195 30.78271983 3.40000000
 C	15.09742681 30.95431218 3.40000000
 C	17.55148345 31.12591653 3.40000000
 C	20.00536832 31.29750888 3.40000000
 C	-4.53451100 29.58151335 3.40000000
 C	0.37343051 29.92471006 3.40000000
 C	22.45942496 31.46911324 3.40000000
 C	24.91348160 31.64071759 3.40000000
 C	27.36753825 31.81232195 3.40000000
 C	29.82142311 31.98391430 3.40000000
 C	32.27547975 32.15551865 3.40000000
 C	34.72936462 32.32711100 3.40000000
 C	37.18342126 32.49871536 3.40000000
 C	39.63747790 32.67031971 3.40000000
 C	42.09153455 32.84192407 3.40000000
 C	44.54541941 33.01351642 3.40000000
 C	46.99947606 33.18512077 3.40000000
 C	-6.98856764 29.40990899 3.40000000
 C	2.82748715 30.09631441 3.40000000
 C	49.45336092 33.35671312 3.40000000
 C	51.90741756 33.52831748 3.40000000
 C	54.36147421 33.69992183 3.40000000
 C	56.81553085 33.87152619 3.40000000
 C	59.26941571 34.04311854 3.40000000
 C	5.28137201 30.26790676 3.40000000
 C	-9.44262429 29.23830464 3.40000000
 C	-11.89650915 29.06671229 3.40000000
 C	7.73542866 30.43951112 3.40000000
 C	-2.17958744 31.16996397 3.40000000
 C	10.09040948 32.02796574 3.40000000
 C	12.54440886 32.19956609 3.40000000
 C	14.99835099 32.37116244 3.40000000
 C	17.45240763 32.54276680 3.40000000
 C	19.90646427 32.71437116 3.40000000
 C	-4.63358682 30.99836362 3.40000000
 C	0.27435468 31.34156032 3.40000000
 C	22.36034914 32.88596350 3.40000000
 C	24.81440578 33.05756786 3.40000000
 C	27.26840516 33.22916821 3.40000000
 C	29.72234729 33.40076456 3.40000000
 C	32.17640393 33.57236892 3.40000000
 C	34.63046058 33.74397328 3.40000000
 C	37.08434544 33.91556562 3.40000000
 C	39.53840208 34.08716998 3.40000000
 C	41.99240147 34.25877033 3.40000000
 C	44.44634359 34.43036668 3.40000000
 C	46.90040023 34.60197104 3.40000000
 C	-7.08764347 30.82675926 3.40000000
 C	2.72841133 31.51316468 3.40000000
 C	49.35445688 34.77357540 3.40000000
 C	51.80834174 34.94516774 3.40000000
 C	54.26239838 35.11677210 3.40000000
 C	56.71639777 35.28837245 3.40000000
 C	59.17033989 35.45996880 3.40000000
 C	-9.54152833 30.65516692 3.40000000
 C	5.18246797 31.68476904 3.40000000
 C	-11.99558497 30.48356256 3.40000000
 C	7.63635284 31.85636138 3.40000000
 C	8.81384325 32.65058870 3.40000000
 C	-3.45609641 31.79259094 3.40000000
 C	-1.00203977 31.96419529 3.40000000
 C	11.26789989 32.82219306 3.40000000
 C	13.72195653 32.99379741 3.40000000
 C	16.17584140 33.16538976 3.40000000
 C	18.62989804 33.33699412 3.40000000
 C	21.08378290 33.50858646 3.40000000
 C	23.53783955 33.68019082 3.40000000
 C	25.99189619 33.85179518 3.40000000
 C	28.44595284 34.02339953 3.40000000
 C	30.89983770 34.19499188 3.40000000
 C	33.35389434 34.36659624 3.40000000
 C	-5.91015306 31.62098658 3.40000000
 C	1.45184510 32.13578764 3.40000000
 C	35.80777921 34.53818858 3.40000000
 C	38.26183585 34.70979294 3.40000000
 C	40.71589249 34.88139730 3.40000000
 C	43.16994914 35.05300165 3.40000000
 C	45.62383400 35.22459400 3.40000000
 C	48.07789064 35.39619836 3.40000000
 C	50.53177551 35.56779070 3.40000000
 C	52.98583215 35.73939506 3.40000000
 C	55.43988879 35.91099942 3.40000000
 C	57.89394544 36.08260377 3.40000000
 C	-8.36420970 31.44938222 3.40000000
 C	3.90590174 32.30739200 3.40000000
 C	60.34783030 36.25419612 3.40000000
 C	-10.81809456 31.27778987 3.40000000
 C	6.35978660 32.47898434 3.40000000
 C	8.71476742 34.06743895 3.40000000
 C	-3.55517223 33.20944119 3.40000000
 C	-1.10117285 33.38104154 3.40000000
 C	11.16882407 34.23904331 3.40000000
 C	13.62282345 34.41064366 3.40000000
 C	16.07676558 34.58224001 3.40000000
 C	18.53082222 34.75384437 3.40000000
 C	20.98487886 34.92544873 3.40000000
 C	23.43876373 35.09704107 3.40000000
 C	25.89282037 35.26864543 3.40000000
 C	28.34681975 35.44024579 3.40000000
 C	30.80076188 35.61184213 3.40000000
 C	33.25481852 35.78344649 3.40000000
 C	-6.00922888 33.03783683 3.40000000
 C	1.35276927 33.55263789 3.40000000
 C	35.70887516 35.95505085 3.40000000
 C	38.16276003 36.12664319 3.40000000
 C	40.61681667 36.29824755 3.40000000
 C	43.07081606 36.46984791 3.40000000
 C	45.52475818 36.64144426 3.40000000
 C	47.97881482 36.81304861 3.40000000
 C	50.43287147 36.98465297 3.40000000
 C	52.88675633 37.15624532 3.40000000
 C	55.34081297 37.32784967 3.40000000
 C	57.79481236 37.49945003 3.40000000
 C	-8.46311374 32.86624449 3.40000000
 C	3.80682592 33.72424225 3.40000000
 C	60.24875448 37.67104638 3.40000000
 C	-10.91717038 32.69464013 3.40000000
 C	6.26088256 33.89584661 3.40000000
 C	-2.37768182 34.00366851 3.40000000
 C	9.89225784 34.86166627 3.40000000
 C	12.34631448 35.03327063 3.40000000
 C	14.80037112 35.20487499 3.40000000
 C	17.25425599 35.37646733 3.40000000
 C	19.70831263 35.54807169 3.40000000
 C	-4.83173847 33.83206415 3.40000000
 C	22.16219749 35.71966403 3.40000000
 C	0.07637482 34.17527287 3.40000000
 C	24.61625414 35.89126839 3.40000000
 C	27.07031078 36.06287275 3.40000000
 C	29.52436742 36.23447711 3.40000000
 C	31.97825229 36.40606945 3.40000000
 C	34.43230893 36.57767381 3.40000000
 C	36.88619379 36.74926615 3.40000000
 C	39.34025044 36.92087051 3.40000000
 C	41.79430708 37.09247487 3.40000000
 C	44.24836373 37.26407923 3.40000000
 C	46.70224859 37.43567157 3.40000000
 C	-7.28579511 33.66045979 3.40000000
 C	2.53025968 34.34686521 3.40000000
 C	49.15630523 37.60727593 3.40000000
 C	51.61019010 37.77886827 3.40000000
 C	54.06424674 37.95047263 3.40000000
 C	56.51830338 38.12207699 3.40000000
 C	58.97236003 38.29368135 3.40000000
 C	61.42624489 38.46527369 3.40000000
 C	-9.73967997 33.48886745 3.40000000
 C	4.98431633 34.51846957 3.40000000
 C	7.43820119 34.69006191 3.40000000
 C	-2.47678281 35.42046718 3.40000000
 C	9.79315685 36.27846495 3.40000000
 C	12.24721349 36.45006930 3.40000000
 C	14.70121288 36.62166966 3.40000000
 C	17.15515500 36.79326601 3.40000000
 C	19.60921165 36.96487036 3.40000000
 C	-4.93083945 35.24886283 3.40000000
 C	22.06326829 37.13647472 3.40000000
 C	-0.02278342 35.59206754 3.40000000
 C	24.51715315 37.30806707 3.40000000
 C	26.97120980 37.47967142 3.40000000
 C	29.42520918 37.65127178 3.40000000
 C	31.87915130 37.82286813 3.40000000
 C	34.33320795 37.99447248 3.40000000
 C	36.78726459 38.16607684 3.40000000
 C	39.24114945 38.33766919 3.40000000
 C	41.69520610 38.50927354 3.40000000
 C	44.14920548 38.68087390 3.40000000
 C	-7.38472431 35.07727048 3.40000000
 C	46.60314760 38.85247025 3.40000000
 C	2.43115870 35.76366389 3.40000000
 C	49.05720425 39.02407460 3.40000000
 C	51.51126089 39.19567896 3.40000000
 C	53.96514576 39.36727131 3.40000000
 C	56.41920240 39.53887566 3.40000000
 C	58.87320178 39.71047602 3.40000000
 C	61.32714391 39.88207237 3.40000000
 C	-9.83878096 34.90566612 3.40000000
 C	4.88521534 35.93526824 3.40000000
 C	7.33927199 36.10687260 3.40000000
 C	8.51661578 36.90113949 3.40000000
 C	-3.75332388 36.04314172 3.40000000
 C	-1.29926723 36.21474608 3.40000000
 C	10.97067242 37.07274384 3.40000000
 C	13.42472907 37.24434820 3.40000000
 C	15.87878571 37.41595256 3.40000000
 C	18.33267057 37.58754490 3.40000000
 C	20.78672722 37.75914926 3.40000000
 C	23.24061208 37.93074161 3.40000000
 C	25.69466873 38.10234596 3.40000000
 C	28.14872537 38.27395032 3.40000000
 C	30.60278201 38.44555468 3.40000000
 C	33.05666688 38.61714702 3.40000000
 C	-6.20738052 35.87153737 3.40000000
 C	1.15478941 36.38635044 3.40000000
 C	35.51072352 38.78875138 3.40000000
 C	37.96460838 38.96034373 3.40000000
 C	40.41866503 39.13194808 3.40000000
 C	42.87272167 39.30355244 3.40000000
 C	45.32677832 39.47515680 3.40000000
 C	47.78066318 39.64674914 3.40000000
 C	50.23471982 39.81835350 3.40000000
 C	52.68860469 39.98994585 3.40000000
 C	55.14266133 40.16155020 3.40000000
 C	57.59671797 40.33315456 3.40000000
 C	-8.66126538 35.69994502 3.40000000
 C	3.60867427 36.55794278 3.40000000
 C	60.05077462 40.50475892 3.40000000
 C	62.50465948 40.67635127 3.40000000
 C	6.06273092 36.72954714 3.40000000
 C	8.41763625 38.31784699 3.40000000
 C	-3.85247519 37.45983722 3.40000000
 C	-1.39841854 37.63144157 3.40000000
 C	10.87152111 38.48943934 3.40000000
 C	13.32557776 38.66104369 3.40000000
 C	15.77957714 38.83264405 3.40000000
 C	18.23351927 39.00424040 3.40000000
 C	20.68757591 39.17584475 3.40000000
 C	23.14163255 39.34744911 3.40000000
 C	25.59551742 39.51904146 3.40000000
 C	28.04957406 39.69064581 3.40000000
 C	30.50357344 39.86224617 3.40000000
 C	32.95751557 40.03384252 3.40000000
 C	-6.30636005 37.28824487 3.40000000
 C	1.05558084 37.80304193 3.40000000
 C	35.41157221 40.20544688 3.40000000
 C	37.86562885 40.37705123 3.40000000
 C	40.31951372 40.54864358 3.40000000
 C	42.77357036 40.72024794 3.40000000
 C	45.22756975 40.89184829 3.40000000
 C	47.68151187 41.06344464 3.40000000
 C	50.13556851 41.23504900 3.40000000
 C	52.58962516 41.40665335 3.40000000
 C	55.04351002 41.57824570 3.40000000
 C	57.49756666 41.74985006 3.40000000
 C	-8.76041669 37.11664051 3.40000000
 C	3.50952296 37.97463828 3.40000000
 C	59.95156605 41.92145041 3.40000000
 C	62.40550817 42.09304676 3.40000000
 C	5.96357961 38.14624263 3.40000000
 C	-2.67498478 38.25406452 3.40000000
 C	9.59495488 39.11206229 3.40000000
 C	12.04901153 39.28366664 3.40000000
 C	14.50306817 39.45527100 3.40000000
 C	16.95712481 39.62687536 3.40000000
 C	19.41100968 39.79846770 3.40000000
 C	21.86506632 39.97007206 3.40000000
 C	-5.12904142 38.08246017 3.40000000
 C	-0.22092813 38.42566888 3.40000000
 C	24.31895118 40.14166441 3.40000000
 C	26.77300783 40.31326876 3.40000000
 C	29.22706447 40.48487312 3.40000000
 C	31.68112111 40.65647748 3.40000000
 C	34.13500598 40.82806982 3.40000000
 C	36.58906262 40.99967418 3.40000000
 C	39.04294749 41.17126653 3.40000000
 C	41.49700413 41.34287088 3.40000000
 C	43.95106077 41.51447524 3.40000000
 C	-7.58292628 37.91086782 3.40000000
 C	46.40511742 41.68607960 3.40000000
 C	2.23312851 38.59727324 3.40000000
 C	48.85900228 41.85767194 3.40000000
 C	51.31305892 42.02927630 3.40000000
 C	53.76694379 42.20086865 3.40000000
 C	56.22100043 42.37247301 3.40000000
 C	58.67505707 42.54407736 3.40000000
 C	61.12911372 42.71568172 3.40000000
 C	4.68701337 38.76886558 3.40000000
 C	7.14107002 38.94046994 3.40000000
 H	-37.51182414 -27.80279340 3.40000000
 H	-35.05782151 -27.63119283 3.40000000
 H	-32.60376487 -27.45958848 3.40000000
 H	-30.14972623 -27.28798538 3.40000000
 H	-27.69582336 -27.11639177 3.40000000
 H	-25.24176672 -26.94478742 3.40000000
 H	-22.78782784 -26.77319128 3.40000000
 H	-20.33382521 -26.60159071 3.40000000
 H	-17.87976857 -26.42998636 3.40000000
 H	-15.42572993 -26.25838326 3.40000000
 H	-12.97182706 -26.08678965 3.40000000
 H	-10.51777042 -25.91518529 3.40000000
 H	-8.06383154 -25.74358916 3.40000000
 H	-5.60982891 -25.57198859 3.40000000
 H	-3.15577227 -25.40038423 3.40000000
 H	-0.70173363 -25.22878114 3.40000000
 H	1.75216924 -25.05718753 3.40000000
 H	4.20622588 -24.88558317 3.40000000
 H	6.66016476 -24.71398704 3.40000000
 H	9.11416739 -24.54238647 3.40000000
 H	11.56822404 -24.37078211 3.40000000
 H	14.02226267 -24.19917902 3.40000000
 H	16.47616554 -24.02758541 3.40000000
 H	18.93022219 -23.85598105 3.40000000
 H	21.38416107 -23.68438492 3.40000000
 H	23.83816369 -23.51278435 3.40000000
 H	26.29222034 -23.34117999 3.40000000
 H	28.74625897 -23.16957690 3.40000000
 H	31.20016184 -22.99798329 3.40000000
 H	33.18488614 -21.65926985 3.40000000
 H	34.26327699 -19.44824095 3.40000000
 H	35.34163982 -17.23726947 3.40000000
 H	36.42005441 -15.02619190 3.40000000
 H	37.49845176 -12.81514970 3.40000000
 H	38.57680811 -10.60419153 3.40000000
 H	39.65522270 -8.39311395 3.40000000
 H	40.73361355 -6.18208504 3.40000000
 H	41.81197638 -3.97111357 3.40000000
 H	42.89039097 -1.76003600 3.40000000
 H	43.96878832 0.45100621 3.40000000
 H	45.04714467 2.66196438 3.40000000
 H	46.12555926 4.87304195 3.40000000
 H	47.20395011 7.08407086 3.40000000
 H	48.28231294 9.29504233 3.40000000
 H	49.36072753 11.50611990 3.40000000
 H	50.43912487 13.71716211 3.40000000
 H	51.51748123 15.92812028 3.40000000
 H	52.59589582 18.13919785 3.40000000
 H	53.67428667 20.35022676 3.40000000
 H	54.75264950 22.56119823 3.40000000
 H	55.83106409 24.77227581 3.40000000
 H	56.90946143 26.98331801 3.40000000
 H	57.98781779 29.19427618 3.40000000
 H	59.06623238 31.40535375 3.40000000
 H	60.14462322 33.61638266 3.40000000
 H	61.22298606 35.82735413 3.40000000
 H	62.30140065 38.03843171 3.40000000
 H	63.37979799 40.24947391 3.40000000
 H	63.21274206 42.63753289 3.40000000
 H	61.06115259 43.68700709 3.40000000
 H	58.60713520 43.51540548 3.40000000
 H	56.15307855 43.34380112 3.40000000
 H	53.69913967 43.17220499 3.40000000
 H	51.24513705 43.00060442 3.40000000
 H	48.79108040 42.82900006 3.40000000
 H	46.33715628 42.65740497 3.40000000
 H	43.88313889 42.48580336 3.40000000
 H	41.42908225 42.31419900 3.40000000
 H	38.97514337 42.14260287 3.40000000
 H	36.52114074 41.97100230 3.40000000
 H	34.06708410 41.79939794 3.40000000
 H	31.61315998 41.62780285 3.40000000
 H	29.15914259 41.45620124 3.40000000
 H	26.70508595 41.28459688 3.40000000
 H	24.25114707 41.11300075 3.40000000
 H	21.79714444 40.94140018 3.40000000
 H	19.34308780 40.76979582 3.40000000
 H	16.88916368 40.59820073 3.40000000
 H	14.43514629 40.42659912 3.40000000
 H	11.98108965 40.25499476 3.40000000
 H	9.52715077 40.08339863 3.40000000
 H	7.07314814 39.91179806 3.40000000
 H	4.61909150 39.74019370 3.40000000
 H	2.16516738 39.56859861 3.40000000
 H	-0.28885001 39.39699700 3.40000000
 H	-2.74290665 39.22539264 3.40000000
 H	-5.19684554 39.05379651 3.40000000
 H	-7.65084816 38.88219594 3.40000000
 H	-9.63557246 37.54348250 3.40000000
 H	-10.71391947 35.33254348 3.40000000
 H	-11.79232614 33.12148212 3.40000000
 H	-12.87074073 30.91040454 3.40000000
 H	-13.94913159 28.69937564 3.40000000
 H	-15.02749443 26.48840417 3.40000000
 H	-16.10590902 24.27732660 3.40000000
 H	-17.18425603 22.06638758 3.40000000
 H	-18.26266270 19.85532622 3.40000000
 H	-19.34107729 17.64424864 3.40000000
 H	-20.41946815 15.43321973 3.40000000
 H	-21.49783099 13.22224827 3.40000000
 H	-22.57624558 11.01117070 3.40000000
 H	-23.65459259 8.80023168 3.40000000
 H	-24.73299926 6.58917031 3.40000000
 H	-25.81141385 4.37809274 3.40000000
 H	-26.88980470 2.16706383 3.40000000
 H	-27.96816755 -0.04390763 3.40000000
 H	-29.04658214 -2.25498520 3.40000000
 H	-30.12492915 -4.46592423 3.40000000
 H	-31.20333582 -6.67698559 3.40000000
 H	-32.28175041 -8.88806316 3.40000000
 H	-33.36014126 -11.09909207 3.40000000
 H	-34.43850411 -13.31006353 3.40000000
 H	-35.51691870 -15.52114111 3.40000000
 H	-36.59526571 -17.73208013 3.40000000
 H	-37.67367238 -19.94314149 3.40000000
 H	-38.75208697 -22.15421906 3.40000000
 H	-39.83047782 -24.36524797 3.40000000
 H	-39.66342838 -26.75332024 3.40000000
