 C	10.58432871 -21.70108981 3.40000000
 C	-0.47074962 -27.09301178 3.40000000
 C	21.63951022 -16.30911751 3.40000000
 C	-2.68182720 -28.17142637 3.40000000
 C	23.85048461 -15.23075325 3.40000000
 C	-4.89280159 -29.24979063 3.40000000
 C	26.06156218 -14.15233866 3.40000000
 C	-7.10382757 -30.32818006 3.40000000
 C	28.27263976 -13.07392407 3.40000000
 C	-9.31490515 -31.40659465 3.40000000
 C	30.48356256 -11.99558497 3.40000000
 C	8.37335431 -22.77945407 3.40000000
 C	-11.52582795 -32.48493375 3.40000000
 C	32.69464014 -10.91717038 3.40000000
 C	12.79540628 -20.62267522 3.40000000
 C	-13.73690552 -33.56334834 3.40000000
 C	34.90566612 -9.83878095 3.40000000
 C	-15.94798310 -34.64176292 3.40000000
 C	37.11664051 -8.76041669 3.40000000
 C	-18.15895749 -35.72012719 3.40000000
 C	-20.36998348 -36.79851662 3.40000000
 C	-22.58106105 -37.87693120 3.40000000
 C	-24.79198385 -38.95527031 3.40000000
 C	6.16232833 -23.85784350 3.40000000
 C	15.00648386 -19.54426063 3.40000000
 C	3.95125076 -24.93625809 3.40000000
 C	17.21740666 -18.46592153 3.40000000
 C	1.74032795 -26.01459719 3.40000000
 C	19.42848423 -17.38750694 3.40000000
 C	0.32347769 -25.91552137 3.40000000
 C	20.22271154 -16.21001653 3.40000000
 C	9.16763322 -21.60193850 3.40000000
 C	11.37855602 -20.52359940 3.40000000
 C	-1.88759988 -26.99393596 3.40000000
 C	22.43378912 -15.13160194 3.40000000
 C	-4.09852269 -28.07227506 3.40000000
 C	24.64471192 -14.05326284 3.40000000
 C	-6.30960026 -29.15068965 3.40000000
 C	26.85578950 -12.97484825 3.40000000
 C	-8.52067784 -30.22910424 3.40000000
 C	29.06671230 -11.89650915 3.40000000
 C	-10.73175541 -31.30751883 3.40000000
 C	31.27778987 -10.81809456 3.40000000
 C	-12.94267821 -32.38585793 3.40000000
 C	33.48886745 -9.73967997 3.40000000
 C	-15.15375579 -33.46427252 3.40000000
 C	35.69994502 -8.66126538 3.40000000
 C	-17.36467859 -34.54261162 3.40000000
 C	37.91086782 -7.58292628 3.40000000
 C	-19.57575616 -35.62102621 3.40000000
 C	-21.78683374 -36.69944080 3.40000000
 C	6.95655564 -22.68035309 3.40000000
 C	13.58963359 -19.44518481 3.40000000
 C	-23.99791131 -37.77785539 3.40000000
 C	-26.20883411 -38.85619449 3.40000000
 C	4.74547807 -23.75876768 3.40000000
 C	15.80055640 -18.36684571 3.40000000
 C	2.53440049 -24.83718227 3.40000000
 C	18.01163397 -17.28843112 3.40000000
 C	-0.29914526 -24.63895513 3.40000000
 C	19.60008859 -14.93345030 3.40000000
 C	8.54495867 -20.32539743 3.40000000
 C	10.75593306 -19.24703317 3.40000000
 C	-2.51022284 -25.71736972 3.40000000
 C	21.81111457 -13.85506087 3.40000000
 C	-4.72119723 -26.79573399 3.40000000
 C	24.02208897 -12.77669661 3.40000000
 C	-6.93222321 -27.87412341 3.40000000
 C	26.23316654 -11.69828202 3.40000000
 C	-9.14330079 -28.95253800 3.40000000
 C	28.44424412 -10.61986743 3.40000000
 C	-11.35422359 -30.03087710 3.40000000
 C	30.65516692 -9.54152833 3.40000000
 C	-13.56530117 -31.10929169 3.40000000
 C	32.86624449 -8.46311374 3.40000000
 C	-15.77637874 -32.18770628 3.40000000
 C	35.07727048 -7.38472431 3.40000000
 C	-17.98735313 -33.26607055 3.40000000
 C	37.28824487 -6.30636005 3.40000000
 C	-20.19837912 -34.34445997 3.40000000
 C	-22.40945669 -35.42287456 3.40000000
 C	6.33393269 -21.40378686 3.40000000
 C	12.96701064 -18.16861858 3.40000000
 C	-24.62037949 -36.50121366 3.40000000
 C	-26.83145707 -37.57962825 3.40000000
 C	4.12285511 -22.48220144 3.40000000
 C	15.17808821 -17.09020399 3.40000000
 C	1.91193231 -23.56054055 3.40000000
 C	17.38901102 -16.01186489 3.40000000
 C	9.33922556 -19.14805364 3.40000000
 C	-1.71600754 -24.54005110 3.40000000
 C	20.39430389 -13.75613167 3.40000000
 C	-3.92693034 -25.61839020 3.40000000
 C	22.60538147 -12.67771708 3.40000000
 C	-6.13800791 -26.69680479 3.40000000
 C	24.81630427 -11.59937798 3.40000000
 C	-8.34908549 -27.77521938 3.40000000
 C	27.02738184 -10.52096339 3.40000000
 C	29.23830464 -9.44262429 3.40000000
 C	-10.56016306 -28.85363397 3.40000000
 C	7.12814799 -20.22646823 3.40000000
 C	11.55014837 -18.06971454 3.40000000
 C	-12.77108587 -29.93197307 3.40000000
 C	31.44938222 -8.36420970 3.40000000
 C	-14.98216344 -31.01038766 3.40000000
 C	33.66045979 -7.28579511 3.40000000
 C	-17.19308624 -32.08872676 3.40000000
 C	35.87153737 -6.20738052 3.40000000
 C	-19.40416382 -33.16714135 3.40000000
 C	38.08246017 -5.12904142 3.40000000
 C	-21.61524139 -34.24555594 3.40000000
 C	-23.82631897 -35.32397052 3.40000000
 C	-26.03724177 -36.40230963 3.40000000
 C	4.91707041 -21.30488282 3.40000000
 C	13.76122594 -16.99129995 3.40000000
 C	15.97214874 -15.91296085 3.40000000
 C	2.70599284 -22.38329741 3.40000000
 C	0.49507004 -23.46163651 3.40000000
 C	18.18322632 -14.83454626 3.40000000
 C	8.71655102 -17.87151257 3.40000000
 C	-2.33863049 -23.26348486 3.40000000
 C	19.77168094 -12.47956544 3.40000000
 C	-4.54960488 -24.34184913 3.40000000
 C	21.98270692 -11.40117601 3.40000000
 C	-6.76063087 -25.42023855 3.40000000
 C	24.19368131 -10.32281175 3.40000000
 C	-8.97170844 -26.49865314 3.40000000
 C	26.40475889 -9.24439716 3.40000000
 C	-11.18263125 -27.57699224 3.40000000
 C	28.61583646 -8.16598257 3.40000000
 C	6.50552503 -18.94990199 3.40000000
 C	10.92752541 -16.79314830 3.40000000
 C	-13.39370882 -28.65540683 3.40000000
 C	30.82675926 -7.08764347 3.40000000
 C	-15.60478639 -29.73382142 3.40000000
 C	33.03783684 -6.00922888 3.40000000
 C	-17.81576079 -30.81218569 3.40000000
 C	35.24886282 -4.93083945 3.40000000
 C	-20.02678677 -31.89057511 3.40000000
 C	37.45983722 -3.85247519 3.40000000
 C	-22.23786435 -32.96898970 3.40000000
 C	-24.44878715 -34.04732880 3.40000000
 C	-26.65986472 -35.12574339 3.40000000
 C	4.29444746 -20.02831658 3.40000000
 C	13.13860299 -15.71473371 3.40000000
 C	2.08352466 -21.10665568 3.40000000
 C	15.34968056 -14.63631913 3.40000000
 C	-0.12755292 -22.18507027 3.40000000
 C	17.56060336 -13.55798002 3.40000000
 C	-1.54440318 -22.08599445 3.40000000
 C	18.35483067 -12.38048961 3.40000000
 C	7.29975234 -17.77241158 3.40000000
 C	9.51082992 -16.69399699 3.40000000
 C	-3.75532599 -23.16433355 3.40000000
 C	20.56590824 -11.30207502 3.40000000
 C	-5.96640356 -24.24274814 3.40000000
 C	22.77698582 -10.22366043 3.40000000
 C	-8.17748114 -25.32116273 3.40000000
 C	24.98790862 -9.14532133 3.40000000
 C	-10.38855871 -26.39957731 3.40000000
 C	27.19898620 -8.06690674 3.40000000
 C	-12.59948151 -27.47791642 3.40000000
 C	29.40990900 -6.98856764 3.40000000
 C	-14.81055909 -28.55633100 3.40000000
 C	31.62098657 -5.91015305 3.40000000
 C	-17.02148189 -29.63467011 3.40000000
 C	33.83206415 -4.83173846 3.40000000
 C	-19.23255946 -30.71308470 3.40000000
 C	36.04314172 -3.75332387 3.40000000
 C	-21.44363704 -31.79149928 3.40000000
 C	38.25406452 -2.67498477 3.40000000
 C	-23.65471461 -32.86991387 3.40000000
 C	5.08867477 -18.85082617 3.40000000
 C	11.72175272 -15.61565789 3.40000000
 C	-25.86563741 -33.94825297 3.40000000
 C	2.87759719 -19.92924076 3.40000000
 C	13.93283029 -14.53724330 3.40000000
 C	0.66667439 -21.00757986 3.40000000
 C	16.14375310 -13.45890420 3.40000000
 C	-2.16702613 -20.80942822 3.40000000
 C	17.73220772 -11.10392338 3.40000000
 C	6.67712939 -16.49584535 3.40000000
 C	8.88815538 -15.41745593 3.40000000
 C	-4.37800053 -21.88779248 3.40000000
 C	19.94328530 -10.02550879 3.40000000
 C	-6.58902651 -22.96618191 3.40000000
 C	22.15431128 -8.94711937 3.40000000
 C	-8.80010408 -24.04459650 3.40000000
 C	24.36528567 -7.86875510 3.40000000
 C	-11.01102689 -25.12293560 3.40000000
 C	26.57636325 -6.79034051 3.40000000
 C	-13.22210446 -26.20135019 3.40000000
 C	28.78744082 -5.71192592 3.40000000
 C	-15.43318204 -27.27976478 3.40000000
 C	30.99836362 -4.63358682 3.40000000
 C	-17.64415643 -28.35812904 3.40000000
 C	33.20944120 -3.55517223 3.40000000
 C	-19.85518241 -29.43651847 3.40000000
 C	35.42046718 -2.47678281 3.40000000
 C	-22.06625999 -30.51493306 3.40000000
 C	37.63144157 -1.39841854 3.40000000
 C	-24.27718279 -31.59327216 3.40000000
 C	4.46605182 -17.57425994 3.40000000
 C	11.09912977 -14.33909166 3.40000000
 C	-26.48826036 -32.67168675 3.40000000
 C	2.25512902 -18.65259904 3.40000000
 C	13.31020734 -13.26067707 3.40000000
 C	0.04405144 -19.73101363 3.40000000
 C	15.52128492 -12.18226248 3.40000000
 C	7.47135670 -15.31835494 3.40000000
 C	-3.58372163 -20.71027691 3.40000000
 C	18.52643503 -9.92643297 3.40000000
 C	-5.79479920 -21.78869149 3.40000000
 C	20.73751260 -8.84801838 3.40000000
 C	-8.00587678 -22.86710608 3.40000000
 C	22.94859018 -7.76960379 3.40000000
 C	-10.21695435 -23.94552067 3.40000000
 C	25.15951298 -6.69126469 3.40000000
 C	-12.42787715 -25.02385977 3.40000000
 C	27.37059055 -5.61285010 3.40000000
 C	5.26027913 -16.39676952 3.40000000
 C	-14.63895473 -26.10227436 3.40000000
 C	29.58151336 -4.53451100 3.40000000
 C	9.68243427 -14.23994035 3.40000000
 C	-16.84987753 -27.18061346 3.40000000
 C	31.79259093 -3.45609641 3.40000000
 C	-19.06095511 -28.25902805 3.40000000
 C	34.00366851 -2.37768182 3.40000000
 C	-21.27203268 -29.33744264 3.40000000
 C	36.21474608 -1.29926723 3.40000000
 C	-23.48311025 -30.41585723 3.40000000
 C	38.42566888 -0.22092813 3.40000000
 C	-25.69403306 -31.49419633 3.40000000
 C	3.04920155 -17.47518411 3.40000000
 C	11.89335708 -13.16160125 3.40000000
 C	0.83827875 -18.55352321 3.40000000
 C	14.10443465 -12.08318666 3.40000000
 C	-1.37279883 -19.63193780 3.40000000
 C	16.31535745 -11.00484755 3.40000000
 C	6.84872974 -14.04184596 3.40000000
 C	-4.20640018 -19.43379309 3.40000000
 C	17.90380807 -8.64992399 3.40000000
 C	-6.41742616 -20.51218252 3.40000000
 C	20.11488564 -7.57150940 3.40000000
 C	-8.62850374 -21.59059711 3.40000000
 C	22.32591163 -6.49311998 3.40000000
 C	-10.83942654 -22.66893621 3.40000000
 C	24.53688602 -5.41475571 3.40000000
 C	-13.05050411 -23.74735080 3.40000000
 C	26.74796360 -4.33634112 3.40000000
 C	-15.26158169 -24.82576539 3.40000000
 C	4.63765217 -15.12026055 3.40000000
 C	28.95904117 -3.25792653 3.40000000
 C	9.05975573 -12.96345653 3.40000000
 C	-17.47255608 -25.90412965 3.40000000
 C	31.16996397 -2.17958743 3.40000000
 C	-19.68358206 -26.98251908 3.40000000
 C	33.38104155 -1.10117284 3.40000000
 C	-21.89465964 -28.06093367 3.40000000
 C	35.59206753 -0.02278342 3.40000000
 C	-24.10558244 -29.13927277 3.40000000
 C	37.80304192 1.05558085 3.40000000
 C	-26.31666001 -30.21768736 3.40000000
 C	2.42672937 -16.19859965 3.40000000
 C	11.27073012 -11.88509227 3.40000000
 C	0.21565179 -17.27701424 3.40000000
 C	13.48180769 -10.80667768 3.40000000
 C	-1.99542578 -18.35542883 3.40000000
 C	15.69288527 -9.72826309 3.40000000
 C	-3.41211727 -18.25622026 3.40000000
 C	16.48696181 -8.55079091 3.40000000
 C	5.43188348 -13.94271288 3.40000000
 C	7.64296106 -12.86429829 3.40000000
 C	-5.62319484 -19.33463485 3.40000000
 C	18.69803939 -7.47237632 3.40000000
 C	-7.83427242 -20.41304944 3.40000000
 C	20.90911696 -6.39396173 3.40000000
 C	-10.04534999 -21.49146403 3.40000000
 C	23.12019454 -5.31554715 3.40000000
 C	-12.25627280 -22.56980313 3.40000000
 C	25.33111734 -4.23720804 3.40000000
 C	-14.46735037 -23.64821772 3.40000000
 C	27.54219491 -3.15879346 3.40000000
 C	-16.67827317 -24.72655682 3.40000000
 C	29.75311771 -2.08045435 3.40000000
 C	-18.88935075 -25.80497141 3.40000000
 C	31.96419529 -1.00203976 3.40000000
 C	-21.10042832 -26.88338600 3.40000000
 C	34.17527286 0.07637482 3.40000000
 C	-23.31150590 -27.96180059 3.40000000
 C	36.38635044 1.15478941 3.40000000
 C	-25.52242870 -29.04013969 3.40000000
 C	38.59727324 2.23312851 3.40000000
 C	3.22080591 -15.02112747 3.40000000
 C	9.85403863 -11.78588370 3.40000000
 C	1.00988311 -16.09946657 3.40000000
 C	12.06496144 -10.70754460 3.40000000
 C	-1.20119447 -17.17788116 3.40000000
 C	14.27603901 -9.62913001 3.40000000
 C	-4.03480383 -16.97985097 3.40000000
 C	15.86448162 -7.27432097 3.40000000
 C	4.80924852 -12.66631843 3.40000000
 C	7.02032609 -11.58790384 3.40000000
 C	-6.24582981 -18.05824040 3.40000000
 C	18.07540442 -6.19598187 3.40000000
 C	-8.45690738 -19.13665499 3.40000000
 C	20.28648200 -5.11756728 3.40000000
 C	-10.66783019 -20.21499409 3.40000000
 C	22.49750798 -4.03917785 3.40000000
 C	-12.87890776 -21.29340868 3.40000000
 C	24.70848237 -2.96081359 3.40000000
 C	-15.08998534 -22.37182327 3.40000000
 C	26.91955995 -1.88239900 3.40000000
 C	-17.30095973 -23.45018753 3.40000000
 C	29.13063752 -0.80398441 3.40000000
 C	-19.51198571 -24.52857696 3.40000000
 C	31.34156032 0.27435469 3.40000000
 C	-21.72306329 -25.60699155 3.40000000
 C	33.55263790 1.35276928 3.40000000
 C	-23.93398609 -26.68533065 3.40000000
 C	35.76366388 2.43115870 3.40000000
 C	-26.14506366 -27.76374524 3.40000000
 C	37.97463827 3.50952297 3.40000000
 C	2.59832572 -13.74465753 3.40000000
 C	9.23135208 -10.50951441 3.40000000
 C	0.38724814 -14.82307212 3.40000000
 C	11.44232647 -9.43115015 3.40000000
 C	-1.82382943 -15.90148671 3.40000000
 C	13.65340404 -8.35273556 3.40000000
 C	5.60347583 -11.48882802 3.40000000
 C	-5.45160250 -16.88074999 3.40000000
 C	16.65855416 -6.09690605 3.40000000
 C	-7.66268007 -17.95916458 3.40000000
 C	18.86963173 -5.01849146 3.40000000
 C	-9.87375765 -19.03757917 3.40000000
 C	21.08070931 -3.94007687 3.40000000
 C	-12.08468045 -20.11591827 3.40000000
 C	23.29178688 -2.86166228 3.40000000
 C	-14.29575802 -21.19433286 3.40000000
 C	25.50270968 -1.78332318 3.40000000
 C	-16.50668083 -22.27267196 3.40000000
 C	27.71378726 -0.70490859 3.40000000
 C	3.39239826 -12.56724261 3.40000000
 C	7.81455340 -10.41041343 3.40000000
 C	-18.71775840 -23.35108655 3.40000000
 C	29.92471006 0.37343051 3.40000000
 C	-20.92883598 -24.42950114 3.40000000
 C	32.13578764 1.45184510 3.40000000
 C	-23.13991355 -25.50791573 3.40000000
 C	34.34686521 2.53025969 3.40000000
 C	-25.35083635 -26.58625483 3.40000000
 C	36.55794278 3.60867427 3.40000000
 C	38.76886559 4.68701338 3.40000000
 C	1.18147545 -13.64558171 3.40000000
 C	10.02563098 -9.33199884 3.40000000
 C	-1.02960212 -14.72399630 3.40000000
 C	12.23655378 -8.25365974 3.40000000
 C	-3.24052492 -15.80233540 3.40000000
 C	14.44763136 -7.17524515 3.40000000
 C	4.98085288 -10.21226179 3.40000000
 C	-6.07422545 -15.60418376 3.40000000
 C	16.03608598 -4.82026433 3.40000000
 C	-8.28530303 -16.68259834 3.40000000
 C	18.24700878 -3.74192523 3.40000000
 C	-10.49622583 -17.76093745 3.40000000
 C	20.45808635 -2.66351064 3.40000000
 C	-12.70730340 -18.83935204 3.40000000
 C	22.66911234 -1.58512121 3.40000000
 C	-14.91838098 -19.91776662 3.40000000
 C	24.88008673 -0.50675695 3.40000000
 C	2.76993007 -11.29060089 3.40000000
 C	-17.12935537 -20.99613089 3.40000000
 C	27.09116430 0.57165764 3.40000000
 C	7.19193045 -9.13384720 3.40000000
 C	-19.34038135 -22.07452031 3.40000000
 C	29.30224188 1.65007223 3.40000000
 C	-21.55145893 -23.15293490 3.40000000
 C	31.51316468 2.72841133 3.40000000
 C	-23.76238173 -24.23127401 3.40000000
 C	33.72424226 3.80682592 3.40000000
 C	-25.97345931 -25.30968859 3.40000000
 C	35.93526824 4.88521535 3.40000000
 C	38.14624263 5.96357961 3.40000000
 C	0.55885250 -12.36901548 3.40000000
 C	9.40295643 -8.05545777 3.40000000
 C	-1.65222508 -13.44743007 3.40000000
 C	11.61393083 -6.97709351 3.40000000
 C	-3.86319947 -14.52579433 3.40000000
 C	13.82500840 -5.89867892 3.40000000
 C	-5.27999814 -14.42669335 3.40000000
 C	14.61923571 -4.72118851 3.40000000
 C	3.56400261 -10.11318597 3.40000000
 C	5.77508019 -9.03477138 3.40000000
 C	-7.49107571 -15.50510794 3.40000000
 C	16.83015852 -3.64284941 3.40000000
 C	-9.70215329 -16.58352253 3.40000000
 C	19.04123609 -2.56443482 3.40000000
 C	-11.91307609 -17.66186163 3.40000000
 C	21.25231367 -1.48602023 3.40000000
 C	-14.12415367 -18.74027622 3.40000000
 C	23.46339124 -0.40760564 3.40000000
 C	-16.33507647 -19.81861532 3.40000000
 C	25.67431404 0.67073346 3.40000000
 C	-18.54615404 -20.89702991 3.40000000
 C	27.88539162 1.74914805 3.40000000
 C	-20.75723162 -21.97544450 3.40000000
 C	30.09631442 2.82748715 3.40000000
 C	-22.96830919 -23.05385909 3.40000000
 C	32.30739199 3.90590174 3.40000000
 C	-25.17923199 -24.13219819 3.40000000
 C	34.51846957 4.98431633 3.40000000
 C	36.72954714 6.06273092 3.40000000
 C	1.35307981 -11.19152507 3.40000000
 C	7.98615776 -7.95635679 3.40000000
 C	38.94046995 7.14107002 3.40000000
 C	-0.85799776 -12.26993966 3.40000000
 C	10.19723534 -6.87794220 3.40000000
 C	-3.06892057 -13.34827876 3.40000000
 C	12.40815814 -5.79960310 3.40000000
 C	-5.90262109 -13.15012711 3.40000000
 C	13.99661276 -3.44462228 3.40000000
 C	2.94153443 -8.83654425 3.40000000
 C	5.15245723 -7.75820514 3.40000000
 C	-8.11369867 -14.22854170 3.40000000
 C	16.20769033 -2.36620769 3.40000000
 C	-10.32462147 -15.30688080 3.40000000
 C	18.41861314 -1.28786859 3.40000000
 C	-12.53569905 -16.38529539 3.40000000
 C	20.62969071 -0.20945400 3.40000000
 C	-14.74677662 -17.46370998 3.40000000
 C	22.84071670 0.86893543 3.40000000
 C	-16.95775101 -18.54207425 3.40000000
 C	25.05169109 1.94729969 3.40000000
 C	-19.16877700 -19.62046367 3.40000000
 C	27.26276866 3.02571428 3.40000000
 C	-21.37985457 -20.69887826 3.40000000
 C	29.47384624 4.10412887 3.40000000
 C	-23.59077737 -21.77721736 3.40000000
 C	31.68476904 5.18246797 3.40000000
 C	-25.80185495 -22.85563195 3.40000000
 C	33.89584661 6.26088256 3.40000000
 C	36.10687260 7.33927199 3.40000000
 C	0.73045686 -9.91495883 3.40000000
 C	7.36353481 -6.67979056 3.40000000
 C	38.31784699 8.41763625 3.40000000
 C	-1.48062072 -10.99337342 3.40000000
 C	9.57456079 -5.60140113 3.40000000
 C	-3.69159511 -12.07173769 3.40000000
 C	11.78553519 -4.52303686 3.40000000
 C	3.73559496 -7.65930111 3.40000000
 C	-7.31948337 -13.05122308 3.40000000
 C	14.79082806 -2.26730365 3.40000000
 C	17.00175086 -1.18896455 3.40000000
 C	-9.53056094 -14.12963767 3.40000000
 C	-11.74148374 -15.20797677 3.40000000
 C	19.21282844 -0.11054996 3.40000000
 C	-13.95256132 -16.28639136 3.40000000
 C	21.42390601 0.96786463 3.40000000
 C	-16.16348412 -17.36473046 3.40000000
 C	23.63498359 2.04627922 3.40000000
 C	1.52467216 -8.73764021 3.40000000
 C	5.94667253 -6.58088652 3.40000000
 C	-18.37456170 -18.44314505 3.40000000
 C	25.84590639 3.12461832 3.40000000
 C	-20.58563927 -19.52155964 3.40000000
 C	28.05698396 4.20303291 3.40000000
 C	30.26790677 5.28137201 3.40000000
 C	-22.79671685 -20.59997422 3.40000000
 C	-25.00763965 -21.67831333 3.40000000
 C	32.47898434 6.35978660 3.40000000
 C	34.69006191 7.43820119 3.40000000
 C	36.90113949 8.51661578 3.40000000
 C	39.11206229 9.59495488 3.40000000
 C	-0.68640542 -9.81605480 3.40000000
 C	8.15775011 -5.50247193 3.40000000
 C	-2.89732822 -10.89439390 3.40000000
 C	10.36882768 -4.42405734 3.40000000
 C	-5.10840579 -11.97280849 3.40000000
 C	12.57975049 -3.34571824 3.40000000
 C	3.11312678 -6.38265938 3.40000000
 C	-7.94210632 -11.77465684 3.40000000
 C	14.16820511 -0.99073741 3.40000000
 C	-10.15302912 -12.85299594 3.40000000
 C	16.37928268 0.08767717 3.40000000
 C	-12.36410670 -13.93141053 3.40000000
 C	18.59020548 1.16601628 3.40000000
 C	-14.57518427 -15.00982512 3.40000000
 C	20.80128306 2.24443086 3.40000000
 C	-16.78615867 -16.08818938 3.40000000
 C	23.01230904 3.32282029 3.40000000
 C	0.90204920 -7.46107397 3.40000000
 C	5.32404958 -5.30432028 3.40000000
 C	-18.99718465 -17.16657881 3.40000000
 C	25.22328343 4.40118456 3.40000000
 C	-21.20826222 -18.24499340 3.40000000
 C	27.43436101 5.47959914 3.40000000
 C	-23.41918503 -19.32333250 3.40000000
 C	29.64543858 6.55801373 3.40000000
 C	-25.63026260 -20.40174709 3.40000000
 C	31.85636139 7.63635283 3.40000000
 C	34.06743896 8.71476742 3.40000000
 C	36.27846494 9.79315685 3.40000000
 C	38.48943934 10.87152111 3.40000000
 C	-1.30902837 -8.53948856 3.40000000
 C	7.53512716 -4.22590569 3.40000000
 C	-3.52000276 -9.61785283 3.40000000
 C	9.74615314 -3.14751627 3.40000000
 C	-5.73102875 -10.69624225 3.40000000
 C	11.95712753 -2.06915200 3.40000000
 C	-7.14787901 -10.59716643 3.40000000
 C	12.75135484 -0.89166159 3.40000000
 C	1.69627651 -6.28358356 3.40000000
 C	3.90719931 -5.20524446 3.40000000
 C	-9.35895659 -11.67558101 3.40000000
 C	14.96243241 0.18675300 3.40000000
 C	-11.56987939 -12.75392012 3.40000000
 C	17.17335522 1.26509210 3.40000000
 C	-13.78095697 -13.83233470 3.40000000
 C	19.38443279 2.34350669 3.40000000
 C	-15.99187977 -14.91067381 3.40000000
 C	21.59551037 3.42192128 3.40000000
 C	-18.20295734 -15.98908839 3.40000000
 C	23.80658794 4.50033587 3.40000000
 C	-20.41403492 -17.06750298 3.40000000
 C	26.01751074 5.57867497 3.40000000
 C	-22.62511249 -18.14591757 3.40000000
 C	28.22858832 6.65708956 3.40000000
 C	-24.83603529 -19.22425667 3.40000000
 C	30.43951112 7.73542866 3.40000000
 C	32.65058869 8.81384325 3.40000000
 C	34.86166627 9.89225784 3.40000000
 C	-0.51480106 -7.36199815 3.40000000
 C	6.11827689 -4.12682987 3.40000000
 C	37.07274384 10.97067243 3.40000000
 C	39.28366665 12.04901153 3.40000000
 C	-2.72572386 -8.44033725 3.40000000
 C	8.32935446 -3.04841528 3.40000000
 C	-4.93680144 -9.51875184 3.40000000
 C	10.54043204 -1.97000069 3.40000000
 C	-7.77050196 -9.32060020 3.40000000
 C	12.12873189 0.38490464 3.40000000
 C	1.07365356 -5.00701733 3.40000000
 C	3.28473114 -3.92860274 3.40000000
 C	-9.98142477 -10.39893930 3.40000000
 C	14.33980946 1.46331923 3.40000000
 C	-12.19250234 -11.47735389 3.40000000
 C	16.55088704 2.54173382 3.40000000
 C	-14.40357992 -12.55576848 3.40000000
 C	18.76180984 3.62007292 3.40000000
 C	-16.61455431 -13.63413274 3.40000000
 C	20.97288742 4.69848751 3.40000000
 C	-18.82558029 -14.71252217 3.40000000
 C	23.18391340 5.77687693 3.40000000
 C	-21.03665787 -15.79093676 3.40000000
 C	25.39488779 6.85524120 3.40000000
 C	-23.24758067 -16.86927586 3.40000000
 C	27.60596537 7.93365579 3.40000000
 C	-25.45865824 -17.94769045 3.40000000
 C	29.81704294 9.01207038 3.40000000
 C	32.02796574 10.09040948 3.40000000
 C	34.23904332 11.16882407 3.40000000
 C	-1.13742401 -6.08543192 3.40000000
 C	5.49565394 -2.85026364 3.40000000
 C	36.45006930 12.24721349 3.40000000
 C	38.66104370 13.32557776 3.40000000
 C	-3.34839841 -7.16379618 3.40000000
 C	7.70673151 -1.77184905 3.40000000
 C	-5.55942439 -8.24218561 3.40000000
 C	9.91775750 -0.69345963 3.40000000
 C	1.86788087 -3.82952691 3.40000000
 C	-9.18735223 -9.22152437 3.40000000
 C	12.92295920 1.56239506 3.40000000
 C	-11.39827503 -10.29986347 3.40000000
 C	15.13403677 2.64080964 3.40000000
 C	-13.60935261 -11.37827806 3.40000000
 C	17.34495957 3.71914875 3.40000000
 C	-15.82027541 -12.45661716 3.40000000
 C	19.55603715 4.79756333 3.40000000
 C	-18.03135298 -13.53503175 3.40000000
 C	21.76711472 5.87597792 3.40000000
 C	-0.34319670 -4.90794150 3.40000000
 C	4.07880367 -2.75118781 3.40000000
 C	-20.24243056 -14.61344634 3.40000000
 C	23.97819230 6.95439251 3.40000000
 C	-22.45350813 -15.69186093 3.40000000
 C	26.18911510 8.03273161 3.40000000
 C	-24.66443094 -16.77020003 3.40000000
 C	28.40019268 9.11114620 3.40000000
 C	30.61111548 10.18948530 3.40000000
 C	32.82219305 11.26789989 3.40000000
 C	35.03327063 12.34631448 3.40000000
 C	37.24434820 13.42472907 3.40000000
 C	39.45527100 14.50306817 3.40000000
 C	-2.55411951 -5.98628060 3.40000000
 C	6.28988125 -1.67277322 3.40000000
 C	-4.76519708 -7.06469519 3.40000000
 C	8.50095882 -0.59435864 3.40000000
 C	-6.97627466 -8.14310978 3.40000000
 C	10.71203640 0.48405595 3.40000000
 C	1.24525391 -2.55301794 3.40000000
 C	-9.80982442 -7.94493991 3.40000000
 C	12.30033224 2.83890403 3.40000000
 C	-12.02090199 -9.02335450 3.40000000
 C	14.51140981 3.91731862 3.40000000
 C	-14.23197957 -10.10176909 3.40000000
 C	16.72248739 4.99573321 3.40000000
 C	-16.44295396 -11.18013335 3.40000000
 C	18.93341019 6.07407231 3.40000000
 C	-18.65397994 -12.25852278 3.40000000
 C	21.14448777 7.15248690 3.40000000
 C	-20.86505752 -13.33693737 3.40000000
 C	-0.96582366 -3.63143253 3.40000000
 C	23.35551375 8.23087632 3.40000000
 C	3.45633149 -1.47460335 3.40000000
 C	-23.07598032 -14.41527647 3.40000000
 C	25.56648814 9.30924059 3.40000000
 C	-25.28705789 -15.49369106 3.40000000
 C	27.77756572 10.38765518 3.40000000
 C	29.98864329 11.46606977 3.40000000
 C	32.19956609 12.54440887 3.40000000
 C	34.41064367 13.62282346 3.40000000
 C	36.62166965 14.70121288 3.40000000
 C	38.83264405 15.77957715 3.40000000
 C	-3.17679806 -4.70979679 3.40000000
 C	5.66725429 -0.39626425 3.40000000
 C	-5.38782404 -5.78818622 3.40000000
 C	7.87833186 0.68215034 3.40000000
 C	-7.59890161 -6.86660081 3.40000000
 C	10.08935785 1.76053977 3.40000000
 C	-9.01574787 -6.76746773 3.40000000
 C	10.88364075 2.93811260 3.40000000
 C	-0.17159235 -2.45388486 3.40000000
 C	2.03948523 -1.37547027 3.40000000
 C	-11.22667067 -7.84580683 3.40000000
 C	13.09456356 4.01645170 3.40000000
 C	-13.43774825 -8.92422142 3.40000000
 C	15.30564113 5.09486629 3.40000000
 C	-15.64867105 -10.00256052 3.40000000
 C	17.51656393 6.17320539 3.40000000
 C	-17.85974863 -11.08097511 3.40000000
 C	19.72764151 7.25161998 3.40000000
 C	-20.07082620 -12.15938970 3.40000000
 C	21.93871908 8.33003457 3.40000000
 C	-22.28190377 -13.23780429 3.40000000
 C	24.14979666 9.40844915 3.40000000
 C	-24.49282658 -14.31614339 3.40000000
 C	26.36071946 10.48678826 3.40000000
 C	28.57179703 11.56520285 3.40000000
 C	30.78271984 12.64354195 3.40000000
 C	32.99379741 13.72195654 3.40000000
 C	-2.38251515 -3.53222396 3.40000000
 C	4.25040803 -0.29713117 3.40000000
 C	35.20487499 14.80037112 3.40000000
 C	37.41595256 15.87878571 3.40000000
 C	39.62687536 16.95712481 3.40000000
 C	-4.59359272 -4.61063855 3.40000000
 C	6.46148561 0.78128342 3.40000000
 C	-6.80467030 -5.68905314 3.40000000
 C	8.67256318 1.85969801 3.40000000
 C	-9.63822807 -5.49099779 3.40000000
 C	10.26095420 4.21448189 3.40000000
 C	-0.79422731 -1.17749041 3.40000000
 C	1.41685026 -0.09907582 3.40000000
 C	-11.84930564 -6.56941238 3.40000000
 C	12.47192859 5.29284615 3.40000000
 C	-14.06038322 -7.64782697 3.40000000
 C	14.68300616 6.37126074 3.40000000
 C	-16.27135761 -8.72619123 3.40000000
 C	16.89408374 7.44967533 3.40000000
 C	-18.48238359 -9.80458066 3.40000000
 C	19.10500654 8.52801443 3.40000000
 C	-20.69346117 -10.88299525 3.40000000
 C	21.31608412 9.60642902 3.40000000
 C	-22.90438397 -11.96133435 3.40000000
 C	23.52711010 10.68481845 3.40000000
 C	-25.11546154 -13.03974894 3.40000000
 C	25.73808449 11.76318271 3.40000000
 C	27.94916207 12.84159730 3.40000000
 C	30.16023964 13.92001189 3.40000000
 C	32.37116244 14.99835099 3.40000000
 C	-3.00520171 -2.25585467 3.40000000
 C	3.62792784 0.97933877 3.40000000
 C	34.58224002 16.07676558 3.40000000
 C	36.79326600 17.15515500 3.40000000
 C	39.00424040 18.23351927 3.40000000
 C	-5.21622769 -3.33424410 3.40000000
 C	5.83885064 2.05767787 3.40000000
 C	-7.42730526 -4.41265869 3.40000000
 C	8.04992821 3.13609246 3.40000000
 C	0.00000000 0.00000000 3.40000000
 C	-11.05507833 -5.39192197 3.40000000
 C	11.05523310 5.39199746 3.40000000
 C	-13.26615590 -6.47033656 3.40000000
 C	13.26615590 6.47033656 3.40000000
 C	-15.47707870 -7.54867566 3.40000000
 C	15.47723348 7.54875115 3.40000000
 C	-17.68815628 -8.62709025 3.40000000
 C	17.68815628 8.62709025 3.40000000
 C	-19.89923385 -9.70550484 3.40000000
 C	19.89923385 9.70550484 3.40000000
 C	-2.21092280 -1.07833910 3.40000000
 C	-22.11031143 -10.78391943 3.40000000
 C	22.11031143 10.78391943 3.40000000
 C	2.21107757 1.07841459 3.40000000
 C	-24.32123423 -11.86225853 3.40000000
 C	24.32138900 11.86233402 3.40000000
 C	26.53231181 12.94067312 3.40000000
 C	28.74338938 14.01908771 3.40000000
 C	30.95431218 15.09742681 3.40000000
 C	33.16538976 16.17584140 3.40000000
 C	35.37646733 17.25425599 3.40000000
 C	37.58754491 18.33267057 3.40000000
 C	39.79846771 19.41100968 3.40000000
 C	-4.42200038 -2.15675369 3.40000000
 C	4.42200038 2.15675369 3.40000000
 C	-6.63307795 -3.23516828 3.40000000
 C	6.63307795 3.23516828 3.40000000
 C	-8.84415553 -4.31358287 3.40000000
 C	8.84415553 4.31358287 3.40000000
 C	-0.62262295 1.27656623 3.40000000
 C	-11.67770128 -4.11535573 3.40000000
 C	10.43255856 6.66853853 3.40000000
 C	-13.88877886 -5.19377032 3.40000000
 C	12.64353295 7.74690279 3.40000000
 C	-16.09975325 -6.27213459 3.40000000
 C	14.85461052 8.82531738 3.40000000
 C	-18.31077923 -7.35052401 3.40000000
 C	17.06568810 9.90373197 3.40000000
 C	-20.52185681 -8.42893860 3.40000000
 C	19.27661090 10.98207107 3.40000000
 C	-2.83359735 0.19820197 3.40000000
 C	-22.73277961 -9.50727770 3.40000000
 C	21.48768847 12.06048566 3.40000000
 C	1.58845462 2.35498082 3.40000000
 C	-24.94385719 -10.58569229 3.40000000
 C	23.69871446 13.13887509 3.40000000
 C	25.90968885 14.21723935 3.40000000
 C	28.12076643 15.29565394 3.40000000
 C	30.33184400 16.37406853 3.40000000
 C	32.54276680 17.45240763 3.40000000
 C	34.75384438 18.53082222 3.40000000
 C	36.96487036 19.60921165 3.40000000
 C	39.17584475 20.68757591 3.40000000
 C	-5.04462333 -0.88018746 3.40000000
 C	3.79953219 3.43339541 3.40000000
 C	-7.25570091 -1.95860204 3.40000000
 C	6.01045500 4.51173451 3.40000000
 C	-9.46662371 -3.03694115 3.40000000
 C	8.22153257 5.59014910 3.40000000
 C	-10.88347397 -2.93786533 3.40000000
 C	9.01575988 6.76763951 3.40000000
 C	-2.03931844 1.37571754 3.40000000
 C	0.17160436 2.45405664 3.40000000
 C	-13.09455154 -4.01627992 3.40000000
 C	11.22683746 7.84605410 3.40000000
 C	-15.30547435 -5.09461902 3.40000000
 C	13.43776026 8.92439320 3.40000000
 C	-17.51655192 -6.17303361 3.40000000
 C	15.64883784 10.00280779 3.40000000
 C	-19.72762950 -7.25144820 3.40000000
 C	17.85976064 11.08114689 3.40000000
 C	-21.93870707 -8.32986278 3.40000000
 C	20.07083821 12.15956148 3.40000000
 C	-24.14962987 -9.40820189 3.40000000
 C	22.28191579 13.23797607 3.40000000
 C	24.49299336 14.31639066 3.40000000
 C	26.70391616 15.39472976 3.40000000
 C	28.91499374 16.47314435 3.40000000
 C	31.12591654 17.55148345 3.40000000
 C	-4.25039602 0.29730295 3.40000000
 C	2.38268193 3.53247123 3.40000000
 C	33.33699411 18.62989804 3.40000000
 C	35.54807169 19.70831263 3.40000000
 C	37.75914926 20.78672722 3.40000000
 C	39.97007207 21.86506632 3.40000000
 C	-6.46147359 -0.78111164 3.40000000
 C	4.59360473 4.61081033 3.40000000
 C	-8.67255117 -1.85952623 3.40000000
 C	6.80468231 5.68922492 3.40000000
 C	-11.50609692 -1.66129909 3.40000000
 C	8.39313693 8.04420575 3.40000000
 C	-2.66199299 2.65225861 3.40000000
 C	-0.45101860 3.73062288 3.40000000
 C	-13.71717450 -2.73971368 3.40000000
 C	10.60416291 9.12259517 3.40000000
 C	-15.92814889 -3.81807795 3.40000000
 C	12.81513731 10.20095944 3.40000000
 C	-18.13917488 -4.89646737 3.40000000
 C	15.02621488 11.27937402 3.40000000
 C	-20.35025245 -5.97488196 3.40000000
 C	17.23729246 12.35778861 3.40000000
 C	-22.56117525 -7.05322106 3.40000000
 C	19.44821526 13.43612772 3.40000000
 C	-24.77225283 -8.13163565 3.40000000
 C	21.65929283 14.51454230 3.40000000
 C	23.87031882 15.59293173 3.40000000
 C	26.08129321 16.67129599 3.40000000
 C	28.29237078 17.74971058 3.40000000
 C	30.50344836 18.82812517 3.40000000
 C	-4.87301897 1.57386919 3.40000000
 C	1.76005898 4.80903747 3.40000000
 C	32.71437116 19.90646427 3.40000000
 C	34.92544874 20.98487886 3.40000000
 C	37.13647472 22.06326829 3.40000000
 C	39.34744911 23.14163255 3.40000000
 C	-7.08409655 0.49545460 3.40000000
 C	3.97113655 5.88745205 3.40000000
 C	-9.29501935 -0.58288450 3.40000000
 C	6.18205936 6.96579116 3.40000000
 C	-1.86772610 3.82960240 3.40000000
 C	-12.92295920 -1.56239506 3.40000000
 C	9.18735223 9.22152437 3.40000000
 C	-15.13388200 -2.64073416 3.40000000
 C	11.39842981 10.29993896 3.40000000
 C	-17.34495957 -3.71914875 3.40000000
 C	13.60935261 11.37827806 3.40000000
 C	-19.55603715 -4.79756333 3.40000000
 C	15.82043018 12.45669265 3.40000000
 C	18.03135298 13.53503175 3.40000000
 C	-21.76711472 -5.87597792 3.40000000
 C	-4.07880367 2.75118781 3.40000000
 C	0.34319670 4.90794150 3.40000000
 C	-23.97803753 -6.95431703 3.40000000
 C	20.24243056 14.61344634 3.40000000
 C	22.45350813 15.69186093 3.40000000
 C	24.66458571 16.77027552 3.40000000
 C	26.87550851 17.84861462 3.40000000
 C	29.08658608 18.92702921 3.40000000
 C	31.29750889 20.00536831 3.40000000
 C	33.50858646 21.08378290 3.40000000
 C	35.71966404 22.16219749 3.40000000
 C	37.93074161 23.24061208 3.40000000
 C	40.14166441 24.31895118 3.40000000
 C	-6.28988125 1.67277322 3.40000000
 C	2.55427428 5.98635609 3.40000000
 C	4.76519708 7.06469519 3.40000000
 C	-8.50095882 0.59435864 3.40000000
 C	-10.71188162 -0.48398047 3.40000000
 C	6.97627466 8.14310978 3.40000000
 C	-2.49040064 5.10614347 3.40000000
 C	-13.54558215 -0.28582882 3.40000000
 C	8.56472928 10.49809061 3.40000000
 C	-15.75655655 -1.36419308 3.40000000
 C	10.77575526 11.57648003 3.40000000
 C	-17.96758253 -2.44258251 3.40000000
 C	12.98672965 12.65484430 3.40000000
 C	-20.17866010 -3.52099710 3.40000000
 C	15.19780723 13.73325889 3.40000000
 C	-22.38958291 -4.59933620 3.40000000
 C	17.40888480 14.81167347 3.40000000
 C	-4.70142663 4.02775405 3.40000000
 C	-0.27942625 6.18450774 3.40000000
 C	-24.60066048 -5.67775079 3.40000000
 C	19.61980760 15.89001258 3.40000000
 C	21.83088518 16.96842717 3.40000000
 C	24.04191116 18.04681659 3.40000000
 C	26.25288556 19.12518086 3.40000000
 C	28.46396313 20.20359544 3.40000000
 C	30.67504070 21.28201003 3.40000000
 C	32.88596351 22.36034914 3.40000000
 C	35.09704108 23.43876372 3.40000000
 C	37.30806707 24.51715315 3.40000000
 C	39.51904146 25.59551741 3.40000000
 C	-6.91250420 2.94933946 3.40000000
 C	1.93165132 7.26292233 3.40000000
 C	-9.12342700 1.87100036 3.40000000
 C	4.14272890 8.34133692 3.40000000
 C	-11.33450458 0.79258577 3.40000000
 C	6.35365170 9.41967602 3.40000000
 C	-12.75135484 0.89166160 3.40000000
 C	7.14787901 10.59716643 3.40000000
 C	-3.90719932 5.20524446 3.40000000
 C	-1.69612174 6.28365905 3.40000000
 C	-14.96227765 -0.18667751 3.40000000
 C	9.35895658 11.67558102 3.40000000
 C	-17.17335522 -1.26509209 3.40000000
 C	11.57003416 12.75399561 3.40000000
 C	-19.38443280 -2.34350668 3.40000000
 C	13.78095696 13.83233471 3.40000000
 C	-21.59551037 -3.42192127 3.40000000
 C	15.99203454 14.91074930 3.40000000
 C	-23.80643317 -4.50026037 3.40000000
 C	18.20295734 15.98908840 3.40000000
 C	20.41403491 17.06750299 3.40000000
 C	22.62511249 18.14591758 3.40000000
 C	24.83619006 19.22433217 3.40000000
 C	27.04711286 20.30267127 3.40000000
 C	29.25819044 21.38108586 3.40000000
 C	-6.11827689 4.12682988 3.40000000
 C	0.51480106 7.36199815 3.40000000
 C	31.46911324 22.45942496 3.40000000
 C	33.68019082 23.53783955 3.40000000
 C	35.89126839 24.61625414 3.40000000
 C	38.10234596 25.69466873 3.40000000
 C	40.31326877 26.77300783 3.40000000
 C	-8.32935447 3.04841529 3.40000000
 C	2.72587863 8.44041274 3.40000000
 C	-10.54027727 1.97007618 3.40000000
 C	4.93680144 9.51875185 3.40000000
 C	-13.37397779 2.16822782 3.40000000
 C	6.52525606 11.87373266 3.40000000
 C	-4.52982227 6.48181069 3.40000000
 C	-2.31879628 7.56020012 3.40000000
 C	-15.58495219 1.08986356 3.40000000
 C	8.73633363 12.95214725 3.40000000
 C	-17.79597817 0.01147413 3.40000000
 C	10.94735962 14.03053668 3.40000000
 C	-20.00705575 -1.06694046 3.40000000
 C	13.15833401 15.10890094 3.40000000
 C	-22.21797855 -2.14527956 3.40000000
 C	15.36941159 16.18731553 3.40000000
 C	-24.42905612 -3.22369415 3.40000000
 C	17.58048916 17.26573012 3.40000000
 C	19.79141196 18.34406922 3.40000000
 C	22.00248954 19.42248381 3.40000000
 C	24.21351552 20.50087323 3.40000000
 C	26.42448991 21.57923750 3.40000000
 C	28.63556749 22.65765209 3.40000000
 C	-6.74089984 5.40339610 3.40000000
 C	-0.10782189 8.63856438 3.40000000
 C	30.84664506 23.73606668 3.40000000
 C	33.05756787 24.81440578 3.40000000
 C	35.26864544 25.89282037 3.40000000
 C	37.47967142 26.97120979 3.40000000
 C	39.69064582 28.04957406 3.40000000
 C	-8.95182265 4.32505700 3.40000000
 C	2.10325568 9.71697897 3.40000000
 C	-11.16290022 3.24664241 3.40000000
 C	4.31433326 10.79539356 3.40000000
 C	-3.73559496 7.65930111 3.40000000
 C	-14.79067329 2.26737914 3.40000000
 C	7.31948337 13.05122308 3.40000000
 C	-17.00175086 1.18896455 3.40000000
 C	9.53056094 14.12963767 3.40000000
 C	-19.21282844 0.11054996 3.40000000
 C	11.74163852 15.20805225 3.40000000
 C	-21.42390601 -0.96786463 3.40000000
 C	13.95256132 16.28639136 3.40000000
 C	-23.63482881 -2.04620373 3.40000000
 C	16.16363889 17.36480594 3.40000000
 C	-5.94667253 6.58088652 3.40000000
 C	18.37456170 18.44314505 3.40000000
 C	-1.52451739 8.73771570 3.40000000
 C	20.58563927 19.52155964 3.40000000
 C	22.79671685 20.59997422 3.40000000
 C	25.00779442 21.67838881 3.40000000
 C	27.21871722 22.75672791 3.40000000
 C	29.42979480 23.83514250 3.40000000
 C	31.64071760 24.91348160 3.40000000
 C	33.85179517 25.99189619 3.40000000
 C	36.06287275 27.07031078 3.40000000
 C	38.27395032 28.14872537 3.40000000
 C	40.48487312 29.22706447 3.40000000
 C	-8.15775011 5.50247193 3.40000000
 C	0.68640542 9.81605480 3.40000000
 C	-10.36867291 4.42413283 3.40000000
 C	2.89748299 10.89446939 3.40000000
 C	-12.57975049 3.34571824 3.40000000
 C	5.10840579 11.97280849 3.40000000
 C	-4.35822192 8.93581008 3.40000000
 C	-15.41335184 3.54386295 3.40000000
 C	6.69685641 14.32773205 3.40000000
 C	-17.62437782 2.46547352 3.40000000
 C	8.90793398 15.40614664 3.40000000
 C	-19.83545540 1.38705893 3.40000000
 C	11.11895997 16.48453607 3.40000000
 C	-22.04637820 0.30871983 3.40000000
 C	13.32993436 17.56290033 3.40000000
 C	-24.25745577 -0.76969476 3.40000000
 C	15.54101194 18.64131492 3.40000000
 C	-6.56929949 7.85739549 3.40000000
 C	17.75208951 19.71972951 3.40000000
 C	-2.14719593 10.01419951 3.40000000
 C	19.96301231 20.79806861 3.40000000
 C	22.17408989 21.87648320 3.40000000
 C	24.38511587 22.95487262 3.40000000
 C	26.59609026 24.03323689 3.40000000
 C	28.80716784 25.11165148 3.40000000
 C	31.01824541 26.19006607 3.40000000
 C	33.22916822 27.26840517 3.40000000
 C	35.44024579 28.34681976 3.40000000
 C	37.65127177 29.42520918 3.40000000
 C	-8.78022230 6.77905639 3.40000000
 C	39.86224617 30.50357345 3.40000000
 C	0.06377846 11.09256377 3.40000000
 C	-10.99129987 5.70064180 3.40000000
 C	2.27485603 12.17097836 3.40000000
 C	-13.20237744 4.62222721 3.40000000
 C	4.48593361 13.24939295 3.40000000
 C	-14.61906893 4.72143578 3.40000000
 C	5.28001015 14.42686513 3.40000000
 C	-5.77506818 9.03494316 3.40000000
 C	-3.56399060 10.11335775 3.40000000
 C	-16.83014650 3.64302119 3.40000000
 C	7.49108773 15.50527972 3.40000000
 C	-19.04122408 2.56460660 3.40000000
 C	9.70216530 16.58369431 3.40000000
 C	-21.25230165 1.48619201 3.40000000
 C	11.91324288 17.66210890 3.40000000
 C	-23.46322446 0.40785291 3.40000000
 C	14.12416568 18.74044800 3.40000000
 C	16.33524325 19.81886259 3.40000000
 C	18.54616605 20.89720169 3.40000000
 C	20.75724363 21.97561628 3.40000000
 C	22.96832120 23.05403087 3.40000000
 C	25.17939878 24.13244546 3.40000000
 C	27.39032158 25.21078456 3.40000000
 C	-7.98614575 7.95652857 3.40000000
 C	-1.35291303 11.19177234 3.40000000
 C	29.60139915 26.28919915 3.40000000
 C	31.81232196 27.36753825 3.40000000
 C	34.02339953 28.44595284 3.40000000
 C	36.23447711 29.52436742 3.40000000
 C	38.44555468 30.60278201 3.40000000
 C	40.65647748 31.68112112 3.40000000
 C	-10.19706855 6.87818947 3.40000000
 C	0.85800977 12.27011144 3.40000000
 C	-12.40814613 5.79977488 3.40000000
 C	3.06908735 13.34852603 3.40000000
 C	-15.24175549 5.99780507 3.40000000
 C	4.65752996 15.70333507 3.40000000
 C	-6.39770314 10.31133761 3.40000000
 C	-4.18662557 11.38975220 3.40000000
 C	-17.45278147 4.91941564 3.40000000
 C	6.86845276 16.78167417 3.40000000
 C	-19.66385905 3.84100105 3.40000000
 C	9.07953033 17.86008876 3.40000000
 C	-21.87478185 2.76266195 3.40000000
 C	11.29055632 18.93847819 3.40000000
 C	-24.08585942 1.68424736 3.40000000
 C	13.50153071 20.01684245 3.40000000
 C	15.71260829 21.09525704 3.40000000
 C	17.92368586 22.17367163 3.40000000
 C	20.13460866 23.25201073 3.40000000
 C	22.34568624 24.33042532 3.40000000
 C	24.55671222 25.40881475 3.40000000
 C	26.76768661 26.48717901 3.40000000
 C	-8.60862594 9.23299851 3.40000000
 C	-1.97559958 12.46814163 3.40000000
 C	28.97876419 27.56559360 3.40000000
 C	31.18984176 28.64400819 3.40000000
 C	33.40076457 29.72234729 3.40000000
 C	35.61184214 30.80076188 3.40000000
 C	37.82286812 31.87915131 3.40000000
 C	40.03384252 32.95751557 3.40000000
 C	-10.81970352 8.15458392 3.40000000
 C	0.23537481 13.54650589 3.40000000
 C	-13.03078109 7.07616933 3.40000000
 C	2.44645238 14.62492048 3.40000000
 C	-5.60347583 11.48882802 3.40000000
 C	-16.65855416 6.09690605 3.40000000
 C	5.45160250 16.88074999 3.40000000
 C	-18.86963173 5.01849146 3.40000000
 C	7.66268007 17.95916458 3.40000000
 C	-21.08070931 3.94007687 3.40000000
 C	9.87375765 19.03757917 3.40000000
 C	-23.29163211 2.86173777 3.40000000
 C	12.08483522 20.11599376 3.40000000
 C	14.29575802 21.19433286 3.40000000
 C	16.50683560 22.27274745 3.40000000
 C	-7.81455340 10.41041343 3.40000000
 C	-3.39239826 12.56724261 3.40000000
 C	18.71775840 23.35108655 3.40000000
 C	20.92883598 24.42950114 3.40000000
 C	23.13991355 25.50791573 3.40000000
 C	25.35099112 26.58633032 3.40000000
 C	27.56191393 27.66466942 3.40000000
 C	29.77299150 28.74308401 3.40000000
 C	31.98391430 29.82142311 3.40000000
 C	34.19499188 30.89983770 3.40000000
 C	36.40606945 31.97825229 3.40000000
 C	-10.02547621 9.33207433 3.40000000
 C	38.61714703 33.05666688 3.40000000
 C	-1.18132068 13.64565720 3.40000000
 C	40.82806983 34.13500598 3.40000000
 C	-12.23655378 8.25365974 3.40000000
 C	1.02960212 14.72399630 3.40000000
 C	-14.44747658 7.17532064 3.40000000
 C	3.24067970 15.80241089 3.40000000
 C	-6.22609878 12.76539426 3.40000000
 C	-17.28117711 7.37347229 3.40000000
 C	4.82913432 18.15739171 3.40000000
 C	-19.49225469 6.29505770 3.40000000
 C	7.04005712 19.23573081 3.40000000
 C	-21.70317749 5.21671860 3.40000000
 C	9.25113469 20.31414540 3.40000000
 C	-23.91425506 4.13830401 3.40000000
 C	11.46216068 21.39253483 3.40000000
 C	13.67313507 22.47089909 3.40000000
 C	-8.43702159 11.68705515 3.40000000
 C	15.88421264 23.54931368 3.40000000
 C	-4.01502121 13.84380884 3.40000000
 C	18.09529022 24.62772827 3.40000000
 C	20.30621302 25.70606737 3.40000000
 C	22.51729060 26.78448196 3.40000000
 C	24.72831658 27.86287139 3.40000000
 C	26.93929097 28.94123565 3.40000000
 C	29.15036855 30.01965024 3.40000000
 C	31.36144612 31.09806483 3.40000000
 C	33.57236892 32.17640393 3.40000000
 C	35.78344650 33.25481852 3.40000000
 C	-10.64809916 10.60864057 3.40000000
 C	37.99447248 34.33320795 3.40000000
 C	-1.80399523 14.92219827 3.40000000
 C	40.20544688 35.41157221 3.40000000
 C	-12.85917674 9.53022598 3.40000000
 C	0.40697917 16.00056254 3.40000000
 C	-15.07015113 8.45186171 3.40000000
 C	2.61805674 17.07897712 3.40000000
 C	-16.48694980 8.55096269 3.40000000
 C	3.41228405 18.25646753 3.40000000
 C	-7.64294905 12.86447007 3.40000000
 C	-5.43187147 13.94288466 3.40000000
 C	-18.69802737 7.47254810 3.40000000
 C	5.62320686 19.33480663 3.40000000
 C	-20.90910495 6.39413352 3.40000000
 C	7.83428443 20.41322122 3.40000000
 C	-23.12002775 5.31579441 3.40000000
 C	10.04536201 21.49163581 3.40000000
 C	12.25643958 22.57005040 3.40000000
 C	14.46736238 23.64838950 3.40000000
 C	16.67843996 24.72680409 3.40000000
 C	18.88936276 25.80514319 3.40000000
 C	21.10044033 26.88355778 3.40000000
 C	23.31151791 27.96197237 3.40000000
 C	25.52259548 29.04038696 3.40000000
 C	-9.85387185 11.78613097 3.40000000
 C	-3.22079390 15.02129925 3.40000000
 C	27.73351828 30.11872606 3.40000000
 C	29.94459586 31.19714065 3.40000000
 C	32.15551866 32.27547975 3.40000000
 C	34.36659624 33.35389434 3.40000000
 C	36.57767381 34.43230893 3.40000000
 C	38.78875139 35.51072352 3.40000000
 C	40.99967419 36.58906262 3.40000000
 C	-12.06494942 10.70771638 3.40000000
 C	-1.00971632 16.09971384 3.40000000
 C	-14.27587223 9.62937728 3.40000000
 C	1.20120648 17.17805294 3.40000000
 C	-17.10957275 9.82752893 3.40000000
 C	2.78966110 19.53303377 3.40000000
 C	-8.26541723 14.14111180 3.40000000
 C	-6.05449443 15.21945090 3.40000000
 C	-19.32065033 8.74911434 3.40000000
 C	5.00073867 20.61144836 3.40000000
 C	-21.53157313 7.67077524 3.40000000
 C	7.21166148 21.68978746 3.40000000
 C	-23.74265071 6.59236065 3.40000000
 C	9.42273905 22.76820205 3.40000000
 C	11.63376503 23.84659147 3.40000000
 C	13.84473943 24.92495574 3.40000000
 C	16.05581700 26.00337033 3.40000000
 C	18.26689458 27.08178491 3.40000000
 C	20.47781738 28.16012402 3.40000000
 C	22.68889495 29.23853860 3.40000000
 C	24.89992094 30.31692803 3.40000000
 C	-10.47649480 13.06269721 3.40000000
 C	-3.84341685 16.29786549 3.40000000
 C	27.11089533 31.39529229 3.40000000
 C	29.32197291 32.47370688 3.40000000
 C	31.53305048 33.55212147 3.40000000
 C	33.74397328 34.63046057 3.40000000
 C	35.95505086 35.70887516 3.40000000
 C	38.16607684 36.78726459 3.40000000
 C	40.37705123 37.86562885 3.40000000
 C	-12.68757238 11.98428262 3.40000000
 C	-1.63239087 17.37625491 3.40000000
 C	-14.89854677 10.90591835 3.40000000
 C	0.57858353 18.45461918 3.40000000
 C	-7.47135670 15.31835494 3.40000000
 C	-18.52643503 9.92643297 3.40000000
 C	3.58387640 20.71035239 3.40000000
 C	5.79479920 21.78869149 3.40000000
 C	-20.73751260 8.84801838 3.40000000
 C	-22.94843541 7.76967928 3.40000000
 C	8.00587678 22.86710608 3.40000000
 C	10.21695435 23.94552067 3.40000000
 C	12.42803193 25.02393526 3.40000000
 C	-9.68227950 14.24001583 3.40000000
 C	-5.26027913 16.39676952 3.40000000
 C	14.63895473 26.10227436 3.40000000
 C	16.85003230 27.18068895 3.40000000
 C	19.06095511 28.25902805 3.40000000
 C	21.27203268 29.33744264 3.40000000
 C	23.48311025 30.41585723 3.40000000
 C	25.69418783 31.49427182 3.40000000
 C	27.90511063 32.57261092 3.40000000
 C	30.11618821 33.65102551 3.40000000
 C	32.32711101 34.72936461 3.40000000
 C	34.53818858 35.80777920 3.40000000
 C	36.74926616 36.88619379 3.40000000
 C	-11.89335708 13.16160125 3.40000000
 C	-3.04920155 17.47518411 3.40000000
 C	38.96034373 37.96460838 3.40000000
 C	41.17126653 39.04294748 3.40000000
 C	-14.10427988 12.08326214 3.40000000
 C	-0.83812398 18.55359870 3.40000000
 C	-16.31535745 11.00484755 3.40000000
 C	1.37279883 19.63193780 3.40000000
 C	-8.09382488 16.59499666 3.40000000
 C	-19.14905798 11.20299920 3.40000000
 C	2.96125345 21.98691863 3.40000000
 C	-21.35998078 10.12466010 3.40000000
 C	5.17233102 23.06533322 3.40000000
 C	-23.57105836 9.04624551 3.40000000
 C	7.38325382 24.14367232 3.40000000
 C	9.59433140 25.22208691 3.40000000
 C	11.80535738 26.30047633 3.40000000
 C	-10.30490246 15.51658207 3.40000000
 C	-5.88290208 17.67333576 3.40000000
 C	14.01633177 27.37884060 3.40000000
 C	16.22740935 28.45725519 3.40000000
 C	18.43848692 29.53566978 3.40000000
 C	20.64940973 30.61400888 3.40000000
 C	22.86048730 31.69242347 3.40000000
 C	25.07151328 32.77081289 3.40000000
 C	27.28248768 33.84917716 3.40000000
 C	29.49356525 34.92759175 3.40000000
 C	31.70464283 36.00600633 3.40000000
 C	33.91556563 37.08434544 3.40000000
 C	36.12664320 38.16276002 3.40000000
 C	-12.51598003 14.43816748 3.40000000
 C	-3.67182451 18.75175035 3.40000000
 C	38.33766919 39.24114945 3.40000000
 C	40.54864358 40.31951371 3.40000000
 C	-14.72695442 13.35980322 3.40000000
 C	-1.46079852 19.83013977 3.40000000
 C	-16.93798041 12.28141379 3.40000000
 C	0.75017587 20.90850404 3.40000000
 C	-18.35483067 12.38048962 3.40000000
 C	1.54440318 22.08599446 3.40000000
 C	-9.51067515 16.69407249 3.40000000
 C	-7.29975235 17.77241159 3.40000000
 C	-20.56590825 11.30207503 3.40000000
 C	3.75548075 23.16440904 3.40000000
 C	-22.77683105 10.22373593 3.40000000
 C	5.96640356 24.24274815 3.40000000
 C	8.17748113 25.32116273 3.40000000
 C	10.38855871 26.39957732 3.40000000
 C	12.59963628 27.47799191 3.40000000
 C	14.81055908 28.55633101 3.40000000
 C	17.02163666 29.63474560 3.40000000
 C	19.23255946 30.71308470 3.40000000
 C	21.44363703 31.79149929 3.40000000
 C	23.65471461 32.86991388 3.40000000
 C	-11.72175272 15.61565790 3.40000000
 C	-5.08867477 18.85082618 3.40000000
 C	25.86579218 33.94832847 3.40000000
 C	28.07671498 35.02666757 3.40000000
 C	30.28779256 36.10508216 3.40000000
 C	32.49871536 37.18342126 3.40000000
 C	34.70979294 38.26183585 3.40000000
 C	36.92087051 39.34025044 3.40000000
 C	39.13194809 40.41866503 3.40000000
 C	41.34287089 41.49700413 3.40000000
 C	-13.93267553 14.53731879 3.40000000
 C	-2.87759720 19.92924076 3.40000000
 C	-16.14375310 13.45890421 3.40000000
 C	-0.66651962 21.00765535 3.40000000
 C	-18.97745362 13.65705584 3.40000000
 C	0.92178023 23.36256068 3.40000000
 C	-10.13329810 17.97063871 3.40000000
 C	-7.92222052 19.04905330 3.40000000
 C	-21.18837643 12.57871674 3.40000000
 C	3.13285780 24.44097527 3.40000000
 C	-23.39945400 11.50030215 3.40000000
 C	5.34393538 25.51938986 3.40000000
 C	7.55485818 26.59772896 3.40000000
 C	9.76593576 27.67614355 3.40000000
 C	11.97696174 28.75453298 3.40000000
 C	14.18793613 29.83289724 3.40000000
 C	16.39901371 30.91131183 3.40000000
 C	18.61009128 31.98972642 3.40000000
 C	20.82101408 33.06806552 3.40000000
 C	23.03209166 34.14648011 3.40000000
 C	-12.34437567 16.89222412 3.40000000
 C	-5.71129772 20.12739240 3.40000000
 C	25.24311764 35.22486953 3.40000000
 C	27.45409204 36.30323380 3.40000000
 C	29.66516961 37.38164839 3.40000000
 C	31.87624718 38.46006298 3.40000000
 C	34.08716999 39.53840208 3.40000000
 C	36.29824756 40.61681667 3.40000000
 C	38.50927354 41.69520609 3.40000000
 C	40.72024794 42.77357036 3.40000000
 C	-14.55535007 15.81385986 3.40000000
 C	-3.50022015 21.20580699 3.40000000
 C	-16.76637605 14.73547043 3.40000000
 C	-1.28919416 22.28419642 3.40000000
 C	-9.33907079 19.14812913 3.40000000
 C	-20.39430389 13.75613167 3.40000000
 C	1.71600754 24.54005110 3.40000000
 C	-22.60522669 12.67779257 3.40000000
 C	3.92708511 25.61846569 3.40000000
 C	6.13800791 26.69680479 3.40000000
 C	8.34908549 27.77521938 3.40000000
 C	10.56016306 28.85363397 3.40000000
 C	-11.55014837 18.06971454 3.40000000
 C	-7.12814799 20.22646823 3.40000000
 C	12.77124064 29.93204855 3.40000000
 C	14.98216344 31.01038766 3.40000000
 C	17.19324101 32.08880225 3.40000000
 C	19.40416382 33.16714135 3.40000000
 C	21.61524139 34.24555594 3.40000000
 C	23.82631897 35.32397052 3.40000000
 C	26.03739654 36.40238511 3.40000000
 C	28.24831934 37.48072421 3.40000000
 C	30.45939692 38.55913880 3.40000000
 C	32.67031972 39.63747791 3.40000000
 C	-13.76107117 16.99137544 3.40000000
 C	34.88139729 40.71589249 3.40000000
 C	-4.91707041 21.30488282 3.40000000
 C	37.09247487 41.79430708 3.40000000
 C	39.30355244 42.87272167 3.40000000
 C	41.51447525 43.95106077 3.40000000
 C	-15.97214874 15.91296085 3.40000000
 C	-2.70599284 22.38329741 3.40000000
 C	-18.18322632 14.83454626 3.40000000
 C	-0.49491526 23.46171200 3.40000000
 C	-9.96169775 20.42463810 3.40000000
 C	-21.01677608 15.03271613 3.40000000
 C	1.09338058 25.81656007 3.40000000
 C	-23.22785365 13.95430154 3.40000000
 C	3.30445815 26.89497466 3.40000000
 C	5.51553573 27.97338925 3.40000000
 C	7.72645853 29.05172835 3.40000000
 C	9.93753611 30.13014294 3.40000000
 C	-12.17277532 19.34622351 3.40000000
 C	12.14856209 31.20853237 3.40000000
 C	-7.75062017 21.50305269 3.40000000
 C	14.35953648 32.28689663 3.40000000
 C	16.57061406 33.36531122 3.40000000
 C	18.78169163 34.44372581 3.40000000
 C	20.99261443 35.52206491 3.40000000
 C	23.20369201 36.60047950 3.40000000
 C	25.41471799 37.67886893 3.40000000
 C	27.62569238 38.75723319 3.40000000
 C	29.83676996 39.83564778 3.40000000
 C	32.04784753 40.91406237 3.40000000
 C	-14.38374972 18.26785925 3.40000000
 C	34.25877034 41.99240147 3.40000000
 C	-5.53969737 22.58139179 3.40000000
 C	36.46984791 43.07081606 3.40000000
 C	38.68087389 44.14920548 3.40000000
 C	40.89184829 45.22756975 3.40000000
 C	-16.59477570 17.18946982 3.40000000
 C	-3.32861980 23.65980638 3.40000000
 C	-18.80585327 16.11105523 3.40000000
 C	-1.11759381 24.73819581 3.40000000
 C	-20.22269953 16.21018831 3.40000000
 C	-0.32331091 25.91576864 3.40000000
 C	-11.37854401 20.52377118 3.40000000
 C	-9.16746643 21.60218577 3.40000000
 C	-22.43362234 15.13184921 3.40000000
 C	1.88761190 26.99410774 3.40000000
 C	4.09868947 28.07252233 3.40000000
 C	6.30961227 29.15086143 3.40000000
 C	8.52068985 30.22927602 3.40000000
 C	10.73176742 31.30769061 3.40000000
 C	12.94284500 32.38610520 3.40000000
 C	15.15376780 33.46444430 3.40000000
 C	17.36484537 34.54285889 3.40000000
 C	19.57576818 35.62119799 3.40000000
 C	21.78684575 36.69961258 3.40000000
 C	-13.58946681 19.44543208 3.40000000
 C	-6.95654363 22.68052487 3.40000000
 C	23.99792332 37.77802717 3.40000000
 C	26.20900090 38.85644176 3.40000000
 C	28.41992370 39.93478086 3.40000000
 C	30.63100128 41.01319545 3.40000000
 C	32.84192408 42.09153455 3.40000000
 C	35.05300165 43.16994914 3.40000000
 C	37.26407923 44.24836373 3.40000000
 C	39.47515680 45.32677831 3.40000000
 C	41.68607960 46.40511742 3.40000000
 C	-15.80054438 18.36701749 3.40000000
 C	-4.74546606 23.75893946 3.40000000
 C	-18.01162196 17.28860290 3.40000000
 C	-2.53438848 24.83735405 3.40000000
 C	-20.84517973 17.48665825 3.40000000
 C	-0.94599746 27.19213793 3.40000000
 C	-12.00117897 21.80016563 3.40000000
 C	-9.79010140 22.87858022 3.40000000
 C	-23.05625730 16.40824366 3.40000000
 C	1.26497693 28.27050219 3.40000000
 C	3.47605450 29.34891678 3.40000000
 C	5.68713208 30.42733137 3.40000000
 C	7.89805488 31.50567047 3.40000000
 C	10.10913246 32.58408506 3.40000000
 C	12.32015844 33.66247449 3.40000000
 C	14.53113283 34.74083875 3.40000000
 C	16.74221041 35.81925334 3.40000000
 C	18.95328798 36.89766793 3.40000000
 C	21.16421078 37.97600703 3.40000000
 C	-14.21215337 20.72180137 3.40000000
 C	-7.57902382 23.95699481 3.40000000
 C	23.37528836 39.05442162 3.40000000
 C	25.58631434 40.13281105 3.40000000
 C	27.79728874 41.21117531 3.40000000
 C	30.00836631 42.28958990 3.40000000
 C	32.21944388 43.36800449 3.40000000
 C	34.43036669 44.44634359 3.40000000
 C	36.64144426 45.52475818 3.40000000
 C	38.85247024 46.60314761 3.40000000
 C	41.06344464 47.68151187 3.40000000
 C	-16.42317935 19.64341194 3.40000000
 C	-5.36810102 25.03533391 3.40000000
 C	-18.63425692 18.56499736 3.40000000
 C	-3.15702345 26.11374850 3.40000000
 C	-11.20695166 22.97765604 3.40000000
 C	-22.26202999 17.58573407 3.40000000
 C	-0.15171856 28.36965350 3.40000000
 C	2.05920424 29.44799260 3.40000000
 C	4.27028182 30.52640719 3.40000000
 C	6.48120462 31.60474629 3.40000000
 C	8.69228219 32.68316088 3.40000000
 C	-13.41787446 21.89931694 3.40000000
 C	10.90335977 33.76157547 3.40000000
 C	-8.99587409 24.05607063 3.40000000
 C	13.11443734 34.83999006 3.40000000
 C	15.32536014 35.91832916 3.40000000
 C	17.53643772 36.99674375 3.40000000
 C	19.74736052 38.07508285 3.40000000
 C	21.95843810 39.15349744 3.40000000
 C	24.16951567 40.23191203 3.40000000
 C	26.38059325 41.31032662 3.40000000
 C	28.59151605 42.38866572 3.40000000
 C	30.80259362 43.46708031 3.40000000
 C	-15.62895204 20.82090235 3.40000000
 C	-6.78495128 25.13440973 3.40000000
 C	33.01351642 44.54541941 3.40000000
 C	35.22459400 45.62383400 3.40000000
 C	37.43567157 46.70224859 3.40000000
 C	39.64674915 47.78066318 3.40000000
 C	41.85767195 48.85900228 3.40000000
 C	-17.84002961 19.74248776 3.40000000
 C	-4.57387371 26.21282432 3.40000000
 C	-20.05110719 18.66407317 3.40000000
 C	-2.36279613 27.29123891 3.40000000
 C	-11.82957461 24.25422228 3.40000000
 C	-22.88465294 18.86230031 3.40000000
 C	-0.77439311 29.64619457 3.40000000
 C	1.43658129 30.72455884 3.40000000
 C	3.64765886 31.80297342 3.40000000
 C	5.85873644 32.88138801 3.40000000
 C	8.06965924 33.95972712 3.40000000
 C	-14.04054901 23.17585801 3.40000000
 C	10.28073681 35.03814170 3.40000000
 C	-9.61849704 25.33263687 3.40000000
 C	12.49176280 36.11653113 3.40000000
 C	14.70273719 37.19489539 3.40000000
 C	16.91381477 38.27330998 3.40000000
 C	19.12489234 39.35172457 3.40000000
 C	21.33581514 40.43006367 3.40000000
 C	23.54689272 41.50847826 3.40000000
 C	25.75791870 42.58686769 3.40000000
 C	27.96889309 43.66523195 3.40000000
 C	30.17997067 44.74364654 3.40000000
 C	-16.25157499 22.09746859 3.40000000
 C	32.39104824 45.82206113 3.40000000
 C	-7.40741947 26.41105145 3.40000000
 C	34.60197104 46.90040023 3.40000000
 C	36.81304862 47.97881482 3.40000000
 C	39.02407460 49.05720425 3.40000000
 C	41.23504900 50.13556851 3.40000000
 C	-18.46265257 21.01905400 3.40000000
 C	-5.19649666 27.48939056 3.40000000
 C	-20.67357537 19.94071490 3.40000000
 C	-2.98541909 28.56780515 3.40000000
 C	-22.09042563 20.03979071 3.40000000
 C	-2.19119178 29.74529555 3.40000000
 C	-13.24627010 24.35337358 3.40000000
 C	-11.03534730 25.43171268 3.40000000
 C	0.01988580 30.82371014 3.40000000
 C	2.23080860 31.90204924 3.40000000
 C	4.44188617 32.98046383 3.40000000
 C	6.65280898 34.05880293 3.40000000
 C	8.86388655 35.13721752 3.40000000
 C	11.07496413 36.21563211 3.40000000
 C	13.28604170 37.29404670 3.40000000
 C	15.49696450 38.37238580 3.40000000
 C	17.70804208 39.45080039 3.40000000
 C	19.91896488 40.52913949 3.40000000
 C	-15.45734768 23.27495899 3.40000000
 C	-8.82426973 26.51012727 3.40000000
 C	22.13004245 41.60755408 3.40000000
 C	24.34112003 42.68596867 3.40000000
 C	26.55219760 43.76438326 3.40000000
 C	28.76312041 44.84272236 3.40000000
 C	30.97419798 45.92113695 3.40000000
 C	33.18512078 46.99947605 3.40000000
 C	35.39619836 48.07789064 3.40000000
 C	37.60727593 49.15630523 3.40000000
 C	39.81835351 50.23471982 3.40000000
 C	42.02927631 51.31305892 3.40000000
 C	-17.66842525 22.19654440 3.40000000
 C	-6.61334693 27.58846637 3.40000000
 C	-19.87950283 21.11812982 3.40000000
 C	-4.40226935 28.66688096 3.40000000
 C	-22.71304858 21.31635695 3.40000000
 C	-2.81381473 31.02186179 3.40000000
 C	-13.86894465 25.62991466 3.40000000
 C	-11.65797026 26.70827892 3.40000000
 C	-0.60278875 32.10025121 3.40000000
 C	1.60818565 33.17861548 3.40000000
 C	3.81926322 34.25703007 3.40000000
 C	6.03034080 35.33544466 3.40000000
 C	8.24126360 36.41378376 3.40000000
 C	10.45234117 37.49219835 3.40000000
 C	12.66336716 38.57058777 3.40000000
 C	14.87434155 39.64895204 3.40000000
 C	17.08541912 40.72736663 3.40000000
 C	19.29649670 41.80578121 3.40000000
 C	-16.07997063 24.55152523 3.40000000
 C	-9.44689268 27.78669351 3.40000000
 C	21.50741950 42.88412032 3.40000000
 C	23.71849707 43.96253490 3.40000000
 C	25.92952306 45.04092433 3.40000000
 C	28.14049745 46.11928860 3.40000000
 C	30.35157503 47.19770318 3.40000000
 C	32.56265260 48.27611777 3.40000000
 C	34.77357540 49.35445687 3.40000000
 C	36.98465298 50.43287146 3.40000000
 C	39.19567896 51.51126089 3.40000000
 C	41.40665335 52.58962515 3.40000000
 C	-18.29104821 23.47311064 3.40000000
 C	-7.23581511 28.86510810 3.40000000
 C	-20.50197101 22.39477154 3.40000000
 C	-5.02489231 29.94344720 3.40000000
 C	-13.07467776 26.80725844 3.40000000
 C	-2.01959943 32.19918041 3.40000000
 C	0.19147814 33.27759500 3.40000000
 C	2.40240095 34.35593410 3.40000000
 C	4.61347852 35.43434869 3.40000000
 C	6.82440132 36.51268779 3.40000000
 C	-15.28575533 25.72884386 3.40000000
 C	-10.86375496 27.88559755 3.40000000
 C	9.03547890 37.59110238 3.40000000
 C	11.24655647 38.66951697 3.40000000
 C	13.45763405 39.74793156 3.40000000
 C	15.66855685 40.82627066 3.40000000
 C	17.87963442 41.90468525 3.40000000
 C	20.09055723 42.98302435 3.40000000
 C	22.30163480 44.06143894 3.40000000
 C	24.51271238 45.13985353 3.40000000
 C	26.72378995 46.21826812 3.40000000
 C	28.93471275 47.29660722 3.40000000
 C	31.14579033 48.37502181 3.40000000
 C	-17.49683291 24.65042927 3.40000000
 C	-8.65267738 28.96401213 3.40000000
 C	33.35671313 49.45336091 3.40000000
 C	35.56779070 50.53177550 3.40000000
 C	37.77886828 51.61019009 3.40000000
 C	39.98994585 52.68860468 3.40000000
 C	42.20086865 53.76694378 3.40000000
 C	-6.44175458 30.04235124 3.40000000
 C	-19.70791048 23.57201468 3.40000000
 C	-21.91883328 22.49367558 3.40000000
 C	-4.23067700 31.12076582 3.40000000
 C	-13.69735230 28.08379952 3.40000000
 C	-2.64222238 33.47574665 3.40000000
 C	-0.43119640 34.55413608 3.40000000
 C	1.77977799 35.63250034 3.40000000
 C	3.99085557 36.71091493 3.40000000
 C	6.20193314 37.78932952 3.40000000
 C	-15.90837829 27.00541009 3.40000000
 C	-11.48637791 29.16216378 3.40000000
 C	8.41285594 38.86766862 3.40000000
 C	10.62393352 39.94608321 3.40000000
 C	12.83495950 41.02447263 3.40000000
 C	15.04593390 42.10283690 3.40000000
 C	17.25701147 43.18125149 3.40000000
 C	19.46808904 44.25966608 3.40000000
 C	21.67901185 45.33800518 3.40000000
 C	23.89008942 46.41641977 3.40000000
 C	26.10111540 47.49480919 3.40000000
 C	28.31208980 48.57317346 3.40000000
 C	30.52316737 49.65158805 3.40000000
 C	-18.11945586 25.92699550 3.40000000
 C	-9.27530034 30.24057837 3.40000000
 C	32.73424495 50.73000263 3.40000000
 C	34.94516775 51.80834174 3.40000000
 C	37.15624532 52.88675632 3.40000000
 C	39.36727131 53.96514575 3.40000000
 C	41.57824570 55.04351002 3.40000000
 C	-20.33037866 24.84865640 3.40000000
 C	-7.06422276 31.31899296 3.40000000
 C	-22.54145624 23.77024181 3.40000000
 C	-4.85329996 32.39733206 3.40000000
 C	-4.05907265 33.57482248 3.40000000
 C	-15.11415098 28.18290051 3.40000000
 C	-12.90307340 29.26131510 3.40000000
 C	-1.84799508 34.65323707 3.40000000
 C	0.36308250 35.73165165 3.40000000
 C	2.57400530 36.80999076 3.40000000
 C	4.78508288 37.88840534 3.40000000
 C	6.99600568 38.96674445 3.40000000
 C	9.20708325 40.04515903 3.40000000
 C	11.41816083 41.12357362 3.40000000
 C	13.62923840 42.20198821 3.40000000
 C	15.84016120 43.28032731 3.40000000
 C	18.05123878 44.35874190 3.40000000
 C	-17.32522855 27.10448592 3.40000000
 C	-10.69215060 30.33965420 3.40000000
 C	20.26216158 45.43708100 3.40000000
 C	22.47323915 46.51549559 3.40000000
 C	24.68431673 47.59391018 3.40000000
 C	26.89539430 48.67232477 3.40000000
 C	29.10631711 49.75066387 3.40000000
 C	31.31739468 50.82907846 3.40000000
 C	33.52831748 51.90741756 3.40000000
 C	35.73939506 52.98583215 3.40000000
 C	37.95047263 54.06424674 3.40000000
 C	40.16155021 55.14266133 3.40000000
 C	-19.53630613 26.02607133 3.40000000
 C	-8.48107303 31.41806879 3.40000000
 C	42.37247301 56.22100043 3.40000000
 C	-21.74722893 24.94773223 3.40000000
 C	-6.27015023 32.49640789 3.40000000
 C	-4.68169560 34.85138870 3.40000000
 C	-15.73677393 29.45946673 3.40000000
 C	-13.52574795 30.53785616 3.40000000
 C	-2.47061803 35.92980329 3.40000000
 C	-0.25959204 37.00819272 3.40000000
 C	1.95138235 38.08655698 3.40000000
 C	4.16245993 39.16497157 3.40000000
 C	6.37353750 40.24338616 3.40000000
 C	8.58446030 41.32172526 3.40000000
 C	10.79553788 42.40013985 3.40000000
 C	13.00656386 43.47852928 3.40000000
 C	15.21753825 44.55689354 3.40000000
 C	17.42861583 45.63530813 3.40000000
 C	-17.94785150 28.38105214 3.40000000
 C	-11.31477355 31.61622042 3.40000000
 C	19.63969340 46.71372272 3.40000000
 C	21.85061620 47.79206182 3.40000000
 C	24.06169378 48.87047641 3.40000000
 C	26.27271976 49.94886583 3.40000000
 C	28.48369416 51.02723010 3.40000000
 C	30.69477173 52.10564469 3.40000000
 C	32.90584931 53.18405928 3.40000000
 C	35.11677211 54.26239838 3.40000000
 C	37.32784968 55.34081297 3.40000000
 C	39.53887567 56.41920239 3.40000000
 C	-20.15877431 27.30271304 3.40000000
 C	-9.10369598 32.69463501 3.40000000
 C	41.74985006 57.49756666 3.40000000
 C	-22.36985188 26.22429845 3.40000000
 C	-6.89261840 33.77304960 3.40000000
 C	-14.94254662 30.63695715 3.40000000
 C	-3.88746829 36.02887912 3.40000000
 C	-1.67639072 37.10729371 3.40000000
 C	0.53468686 38.18570830 3.40000000
 C	2.74560966 39.26404740 3.40000000
 C	4.95668723 40.34246199 3.40000000
 C	-17.15362420 29.55854256 3.40000000
 C	7.16761004 41.42080109 3.40000000
 C	-12.73146905 31.71537174 3.40000000
 C	9.37868761 42.49921568 3.40000000
 C	11.58976518 43.57763027 3.40000000
 C	13.80084276 44.65604486 3.40000000
 C	16.01176556 45.73438396 3.40000000
 C	18.22284314 46.81279855 3.40000000
 C	20.43376594 47.89113765 3.40000000
 C	22.64484351 48.96955224 3.40000000
 C	24.85592109 50.04796682 3.40000000
 C	27.06699866 51.12638141 3.40000000
 C	29.27792146 52.20472052 3.40000000
 C	-19.36470177 28.48012797 3.40000000
 C	-10.52054624 32.79371084 3.40000000
 C	31.48899904 53.28313510 3.40000000
 C	33.69992184 54.36147421 3.40000000
 C	35.91099942 55.43988879 3.40000000
 C	38.12207699 56.51830338 3.40000000
 C	40.33315456 57.59671797 3.40000000
 C	42.54407737 58.67505707 3.40000000
 C	-21.57562457 27.40178887 3.40000000
 C	-8.30946867 33.87212543 3.40000000
 C	-6.09854587 34.95046453 3.40000000
 C	-15.56517358 31.91346612 3.40000000
 C	-4.51009525 37.30538809 3.40000000
 C	-2.29901768 38.38380268 3.40000000
 C	-0.08799169 39.46219211 3.40000000
 C	2.12298270 40.54055637 3.40000000
 C	4.33406028 41.61897096 3.40000000
 C	-17.77625115 30.83505153 3.40000000
 C	6.54513785 42.69738555 3.40000000
 C	-13.35414760 32.99185555 3.40000000
 C	8.75606065 43.77572465 3.40000000
 C	10.96713823 44.85413924 3.40000000
 C	13.17816421 45.93252867 3.40000000
 C	15.38913860 47.01089293 3.40000000
 C	17.60021618 48.08930752 3.40000000
 C	19.81129375 49.16772211 3.40000000
 C	22.02221655 50.24606121 3.40000000
 C	24.23329413 51.32447580 3.40000000
 C	26.44432011 52.40286523 3.40000000
 C	-19.98717396 29.75671243 3.40000000
 C	28.65529451 53.48122949 3.40000000
 C	-11.14317320 34.07021981 3.40000000
 C	30.86637208 54.55964408 3.40000000
 C	33.07744966 55.63805867 3.40000000
 C	35.28837246 56.71639777 3.40000000
 C	37.49945003 57.79481236 3.40000000
 C	39.71047602 58.87320178 3.40000000
 C	41.92145041 59.95156605 3.40000000
 C	-22.19825153 28.67829784 3.40000000
 C	-8.93209563 35.14863440 3.40000000
 C	-6.72101805 36.22704899 3.40000000
 C	-5.92694151 37.40452117 3.40000000
 C	-16.98201984 32.01259920 3.40000000
 C	-14.77094226 33.09101379 3.40000000
 C	-3.71586393 38.48293576 3.40000000
 C	-1.50478636 39.56135035 3.40000000
 C	0.70629121 40.63976494 3.40000000
 C	2.91721402 41.71810404 3.40000000
 C	5.12829159 42.79651863 3.40000000
 C	7.33921439 43.87485773 3.40000000
 C	9.55029197 44.95327232 3.40000000
 C	11.76136954 46.03168691 3.40000000
 C	13.97244712 47.11010150 3.40000000
 C	16.18336992 48.18844060 3.40000000
 C	-19.19309741 30.93418461 3.40000000
 C	-12.55986469 34.16942838 3.40000000
 C	18.39444749 49.26685519 3.40000000
 C	20.60537030 50.34519429 3.40000000
 C	22.81644787 51.42360888 3.40000000
 C	25.02752545 52.50202347 3.40000000
 C	27.23860302 53.58043806 3.40000000
 C	29.44952582 54.65877716 3.40000000
 C	31.66060340 55.73719175 3.40000000
 C	33.87152620 56.81553085 3.40000000
 C	36.08260377 57.89394544 3.40000000
 C	38.29368135 58.97236003 3.40000000
 C	-21.40402021 29.85584551 3.40000000
 C	-10.34894189 35.24776748 3.40000000
 C	40.50475892 60.05077461 3.40000000
 C	42.71568172 61.12911372 3.40000000
 C	-8.13786431 36.32618207 3.40000000
 C	-6.54942170 38.68099111 3.40000000
 C	-17.60465480 33.28899366 3.40000000
 C	-15.39357723 34.36740824 3.40000000
 C	-4.33849890 39.75933021 3.40000000
 C	-2.12742133 40.83774480 3.40000000
 C	0.08360466 41.91613423 3.40000000
 C	2.29457905 42.99449849 3.40000000
 C	4.50565663 44.07291308 3.40000000
 C	6.71673420 45.15132767 3.40000000
 C	8.92765700 46.22966677 3.40000000
 C	11.13873458 47.30808136 3.40000000
 C	13.34976056 48.38647079 3.40000000
 C	15.56073495 49.46483505 3.40000000
 C	-19.81557761 32.21065455 3.40000000
 C	-13.18255124 35.44579767 3.40000000
 C	17.77181253 50.54324964 3.40000000
 C	19.98289010 51.62166423 3.40000000
 C	22.19381290 52.70000333 3.40000000
 C	24.40489048 53.77841792 3.40000000
 C	26.61591646 54.85680735 3.40000000
 C	28.82689086 55.93517161 3.40000000
 C	31.03796843 57.01358620 3.40000000
 C	33.24904601 58.09200079 3.40000000
 C	35.45996881 59.17033989 3.40000000
 C	37.67104638 60.24875448 3.40000000
 C	-22.02665518 31.13223997 3.40000000
 C	-10.97157685 36.52416194 3.40000000
 C	39.88207237 61.32714391 3.40000000
 C	42.09304676 62.40550817 3.40000000
 C	-8.76049928 37.60257652 3.40000000
 C	-16.81042749 34.46648406 3.40000000
 C	-5.75534916 39.85840603 3.40000000
 C	-3.54427159 40.93682062 3.40000000
 C	-1.33319401 42.01523521 3.40000000
 C	0.87788356 43.09364980 3.40000000
 C	3.08880636 44.17198890 3.40000000
 C	5.29988394 45.25040349 3.40000000
 C	-19.02150507 33.38806947 3.40000000
 C	-14.59934992 35.54489865 3.40000000
 C	7.51080674 46.32874259 3.40000000
 C	9.72188431 47.40715718 3.40000000
 C	11.93296189 48.48557177 3.40000000
 C	14.14403946 49.56398636 3.40000000
 C	16.35496227 50.64232546 3.40000000
 C	18.56603984 51.72074005 3.40000000
 C	20.77696264 52.79907915 3.40000000
 C	22.98804022 53.87749374 3.40000000
 C	25.19911779 54.95590833 3.40000000
 C	-21.23242787 32.30973037 3.40000000
 C	27.41019537 56.03432292 3.40000000
 C	-12.38827234 36.62331324 3.40000000
 C	29.62111817 57.11266202 3.40000000
 C	31.83219574 58.19107661 3.40000000
 C	34.04311855 59.26941571 3.40000000
 C	36.25419612 60.34783030 3.40000000
 C	38.46527369 61.42624489 3.40000000
 C	40.67635127 62.50465948 3.40000000
 C	-10.17734954 37.70165234 3.40000000
 C	-7.96627196 38.78006693 3.40000000
 H	-24.36524797 -39.83047781 3.40000000
 H	-22.15421906 -38.75208697 3.40000000
 H	-19.94314149 -37.67367238 3.40000000
 H	-17.73208014 -36.59526570 3.40000000
 H	-15.52114111 -35.51691869 3.40000000
 H	-13.31006354 -34.43850410 3.40000000
 H	-11.09909207 -33.36014125 3.40000000
 H	-8.88806316 -32.28175041 3.40000000
 H	-6.67698559 -31.20333582 3.40000000
 H	-4.46592424 -30.12492914 3.40000000
 H	-2.25498521 -29.04658213 3.40000000
 H	-0.04390764 -27.96816754 3.40000000
 H	2.16706383 -26.88980469 3.40000000
 H	4.37809274 -25.81141385 3.40000000
 H	6.58917032 -24.73299926 3.40000000
 H	8.80023167 -23.65459258 3.40000000
 H	11.01117069 -22.57624557 3.40000000
 H	13.22224827 -21.49783098 3.40000000
 H	15.43321973 -20.41946813 3.40000000
 H	17.64424864 -19.34107729 3.40000000
 H	19.85532622 -18.26266270 3.40000000
 H	22.06638757 -17.18425603 3.40000000
 H	24.27732659 -16.10590901 3.40000000
 H	26.48840417 -15.02749442 3.40000000
 H	28.69937564 -13.94913157 3.40000000
 H	30.91040455 -12.87074073 3.40000000
 H	33.12148212 -11.79232614 3.40000000
 H	35.33254347 -10.71391947 3.40000000
 H	37.54348250 -9.63557245 3.40000000
 H	38.88219594 -7.65084816 3.40000000
 H	39.05379652 -5.19684553 3.40000000
 H	39.22539263 -2.74290665 3.40000000
 H	39.39699699 -0.28885001 3.40000000
 H	39.56859861 2.16516738 3.40000000
 H	39.74019371 4.61909150 3.40000000
 H	39.91179806 7.07314814 3.40000000
 H	40.08339864 9.52715077 3.40000000
 H	40.25499476 11.98108965 3.40000000
 H	40.42659911 14.43514629 3.40000000
 H	40.59820073 16.88916368 3.40000000
 H	40.76979583 19.34308780 3.40000000
 H	40.94140019 21.79714444 3.40000000
 H	41.11300076 24.25114707 3.40000000
 H	41.28459688 26.70508595 3.40000000
 H	41.45620124 29.15914259 3.40000000
 H	41.62780285 31.61315998 3.40000000
 H	41.79939795 34.06708410 3.40000000
 H	41.97100231 36.52114074 3.40000000
 H	42.14260288 38.97514337 3.40000000
 H	42.31419900 41.42908225 3.40000000
 H	42.48580336 43.88313889 3.40000000
 H	42.65740497 46.33715628 3.40000000
 H	42.82900007 48.79108040 3.40000000
 H	43.00060443 51.24513704 3.40000000
 H	43.17220500 53.69913967 3.40000000
 H	43.34380112 56.15307855 3.40000000
 H	43.51540548 58.60713519 3.40000000
 H	43.68700710 61.06115258 3.40000000
 H	42.63753289 63.21274206 3.40000000
 H	40.24947392 63.37979799 3.40000000
 H	38.03843171 62.30140065 3.40000000
 H	35.82735413 61.22298606 3.40000000
 H	33.61638267 60.14462321 3.40000000
 H	31.40535376 59.06623237 3.40000000
 H	29.19427618 57.98781778 3.40000000
 H	26.98331801 56.90946143 3.40000000
 H	24.77227581 55.83106409 3.40000000
 H	22.56119823 54.75264950 3.40000000
 H	20.35022676 53.67428665 3.40000000
 H	18.13919785 52.59589581 3.40000000
 H	15.92812028 51.51748122 3.40000000
 H	13.71716211 50.43912487 3.40000000
 H	11.50611990 49.36072753 3.40000000
 H	9.29504233 48.28231294 3.40000000
 H	7.08407086 47.20395010 3.40000000
 H	4.87304195 46.12555925 3.40000000
 H	2.66196438 45.04714466 3.40000000
 H	0.45100621 43.96878831 3.40000000
 H	-1.76003600 42.89039097 3.40000000
 H	-3.97111357 41.81197638 3.40000000
 H	-6.18208504 40.73361354 3.40000000
 H	-8.39311395 39.65522269 3.40000000
 H	-10.60419153 38.57680811 3.40000000
 H	-12.81514969 37.49845175 3.40000000
 H	-15.02619190 36.42005441 3.40000000
 H	-17.23726948 35.34163983 3.40000000
 H	-19.44824094 34.26327698 3.40000000
 H	-21.65926985 33.18488614 3.40000000
 H	-22.99798330 31.20016184 3.40000000
 H	-23.16957690 28.74625898 3.40000000
 H	-23.34117999 26.29222033 3.40000000
 H	-23.51278435 23.83816369 3.40000000
 H	-23.68438493 21.38416106 3.40000000
 H	-23.85598106 18.93022218 3.40000000
 H	-24.02758542 16.47616554 3.40000000
 H	-24.19917902 14.02226268 3.40000000
 H	-24.37078211 11.56822403 3.40000000
 H	-24.54238647 9.11416739 3.40000000
 H	-24.71398705 6.66016476 3.40000000
 H	-24.88558318 4.20622588 3.40000000
 H	-25.05718754 1.75216924 3.40000000
 H	-25.22878114 -0.70173362 3.40000000
 H	-25.40038423 -3.15577227 3.40000000
 H	-25.57198859 -5.60982891 3.40000000
 H	-25.74358917 -8.06383154 3.40000000
 H	-25.91518530 -10.51777042 3.40000000
 H	-26.08678966 -12.97182706 3.40000000
 H	-26.25838326 -15.42572992 3.40000000
 H	-26.42998635 -17.87976857 3.40000000
 H	-26.60159071 -20.33382521 3.40000000
 H	-26.77319130 -22.78782784 3.40000000
 H	-26.94478743 -25.24176672 3.40000000
 H	-27.11639178 -27.69582336 3.40000000
 H	-27.28798539 -30.14972622 3.40000000
 H	-27.45958848 -32.60376487 3.40000000
 H	-27.63119283 -35.05782151 3.40000000
 H	-27.80279342 -37.51182414 3.40000000
 H	-26.75332025 -39.66342837 3.40000000
