 C	-41.88321896 -29.32694564 3.40000000
 C	-39.43253099 -29.11253822 3.40000000
 C	-36.98201457 -28.89814582 3.40000000
 C	-34.53132660 -28.68373840 3.40000000
 C	-32.08063863 -28.46933099 3.40000000
 C	-29.62995066 -28.25492357 3.40000000
 C	-27.17943423 -28.04053116 3.40000000
 C	-24.72874626 -27.82612375 3.40000000
 C	-39.55631917 -27.69763286 3.40000000
 C	-22.27822984 -27.61173134 3.40000000
 C	-37.10563120 -27.48322545 3.40000000
 C	-19.82754187 -27.39732393 3.40000000
 C	-34.65511478 -27.26883304 3.40000000
 C	-17.37685390 -27.18291651 3.40000000
 C	-40.84355725 -27.09738389 3.40000000
 C	-32.20442681 -27.05442563 3.40000000
 C	-14.92616593 -26.96850910 3.40000000
 C	-38.39286928 -26.88297648 3.40000000
 C	-29.75379602 -26.84002321 3.40000000
 C	-12.47564950 -26.75411669 3.40000000
 C	-35.94235285 -26.66858407 3.40000000
 C	-27.30322241 -26.62562580 3.40000000
 C	-10.02496153 -26.53970927 3.40000000
 C	-33.49166488 -26.45417666 3.40000000
 C	-24.85253444 -26.41121839 3.40000000
 C	-7.57444511 -26.32531687 3.40000000
 C	-31.04097691 -26.23976924 3.40000000
 C	-22.40184647 -26.19681097 3.40000000
 C	-5.12375714 -26.11090945 3.40000000
 C	-28.59028894 -26.02536183 3.40000000
 C	-19.95133005 -25.98241857 3.40000000
 C	-2.67306917 -25.89650204 3.40000000
 C	-26.13977252 -25.81096942 3.40000000
 C	-17.50064208 -25.76801115 3.40000000
 C	-0.22238120 -25.68209462 3.40000000
 C	-23.68908455 -25.59656200 3.40000000
 C	-15.05001129 -25.55360874 3.40000000
 C	-38.51665746 -25.46807112 3.40000000
 C	2.22813523 -25.46770221 3.40000000
 C	-21.23856812 -25.38216960 3.40000000
 C	-12.59943768 -25.33921133 3.40000000
 C	-36.06596949 -25.25366370 3.40000000
 C	4.67882320 -25.25329480 3.40000000
 C	-18.78788015 -25.16776218 3.40000000
 C	-10.14874971 -25.12480391 3.40000000
 C	-33.61545306 -25.03927130 3.40000000
 C	7.12933963 -25.03890239 3.40000000
 C	-16.33719218 -24.95335477 3.40000000
 C	-7.69806174 -24.91039650 3.40000000
 C	-39.80396830 -24.86797822 3.40000000
 C	-31.16476509 -24.82486388 3.40000000
 C	9.58002760 -24.82449498 3.40000000
 C	-13.88650421 -24.73894735 3.40000000
 C	-5.24754531 -24.69600409 3.40000000
 C	-37.35328033 -24.65357080 3.40000000
 C	-28.71413430 -24.61046147 3.40000000
 C	12.03071557 -24.61008756 3.40000000
 C	-11.43598778 -24.52455495 3.40000000
 C	-2.79685734 -24.48159668 3.40000000
 C	-34.90276391 -24.43917839 3.40000000
 C	-26.26356069 -24.39606406 3.40000000
 C	14.48140354 -24.39568015 3.40000000
 C	-8.98529981 -24.31014753 3.40000000
 C	-0.34622656 -24.26719426 3.40000000
 C	-32.45207594 -24.22477098 3.40000000
 C	-23.81287272 -24.18165664 3.40000000
 C	16.93191996 -24.18128774 3.40000000
 C	-6.53478339 -24.09575512 3.40000000
 C	2.10434705 -24.05279685 3.40000000
 C	-30.00138797 -24.01036356 3.40000000
 C	-21.36218475 -23.96724923 3.40000000
 C	19.38260793 -23.96688032 3.40000000
 C	-4.08409542 -23.88134771 3.40000000
 C	4.55503502 -23.83838944 3.40000000
 C	-27.55070000 -23.79595615 3.40000000
 C	-18.91166833 -23.75285682 3.40000000
 C	21.83312436 -23.75248792 3.40000000
 C	-1.63340745 -23.66694029 3.40000000
 C	7.00572299 -23.62398202 3.40000000
 C	-25.10018357 -23.58156374 3.40000000
 C	-16.46098036 -23.53844941 3.40000000
 C	24.28381233 -23.53808050 3.40000000
 C	0.81728052 -23.45253288 3.40000000
 C	9.45623942 -23.40958962 3.40000000
 C	-22.64949560 -23.36715633 3.40000000
 C	-14.01034957 -23.32404699 3.40000000
 C	26.73450030 -23.32367309 3.40000000
 C	-37.47706851 -23.23866544 3.40000000
 C	3.26779695 -23.23814047 3.40000000
 C	11.90692739 -23.19518220 3.40000000
 C	-20.19897918 -23.15276392 3.40000000
 C	-11.55977596 -23.10964958 3.40000000
 C	29.18518827 -23.10926567 3.40000000
 C	-35.02638054 -23.02425803 3.40000000
 C	5.71848492 -23.02373306 3.40000000
 C	14.35755817 -22.98077979 3.40000000
 C	-17.74829121 -22.93835650 3.40000000
 C	-9.10908799 -22.89524217 3.40000000
 C	31.63570469 -22.89487327 3.40000000
 C	-32.57586412 -22.80986562 3.40000000
 C	8.16900134 -22.80934065 3.40000000
 C	16.80813178 -22.76638238 3.40000000
 C	-15.29760324 -22.72394909 3.40000000
 C	-6.65840002 -22.68083475 3.40000000
 C	-38.76430659 -22.63841646 3.40000000
 C	-30.12517615 -22.59545820 3.40000000
 C	10.61968931 -22.59493323 3.40000000
 C	19.25881975 -22.55197496 3.40000000
 C	-12.84691527 -22.50954167 3.40000000
 C	-4.20788360 -22.46644235 3.40000000
 C	-36.31361862 -22.42400905 3.40000000
 C	-27.67454536 -22.38105579 3.40000000
 C	13.07037728 -22.38052582 3.40000000
 C	21.70950772 -22.33756755 3.40000000
 C	-10.39639884 -22.29514927 3.40000000
 C	-1.75719563 -22.25203493 3.40000000
 C	-33.86310219 -22.20961664 3.40000000
 C	-25.22397175 -22.16665838 3.40000000
 C	15.52106525 -22.16611840 3.40000000
 C	24.16002415 -22.12317514 3.40000000
 C	-7.94571087 -22.08074185 3.40000000
 C	0.69343516 -22.03763252 3.40000000
 C	-31.41241422 -21.99520922 3.40000000
 C	-22.77328378 -21.95225097 3.40000000
 C	17.97158168 -21.95172600 3.40000000
 C	26.61071212 -21.90876773 3.40000000
 C	-5.49519445 -21.86634944 3.40000000
 C	3.14400877 -21.82323511 3.40000000
 C	-28.96172625 -21.78080181 3.40000000
 C	-20.32259581 -21.73784355 3.40000000
 C	20.42226965 -21.73731858 3.40000000
 C	29.06134291 -21.69436531 3.40000000
 C	-3.04450648 -21.65194203 3.40000000
 C	5.59469674 -21.60882769 3.40000000
 C	-26.51103828 -21.56639439 3.40000000
 C	-17.87207939 -21.52345114 3.40000000
 C	22.87278607 -21.52292617 3.40000000
 C	31.51191651 -21.47996790 3.40000000
 C	-0.59381851 -21.43753461 3.40000000
 C	8.04538471 -21.39442028 3.40000000
 C	-24.06052186 -21.35200199 3.40000000
 C	-15.42139142 -21.30904373 3.40000000
 C	25.32347404 -21.30851876 3.40000000
 C	33.96260448 -21.26556049 3.40000000
 C	1.85686946 -21.22312720 3.40000000
 C	10.49590113 -21.18002787 3.40000000
 C	-21.60983389 -21.13759457 3.40000000
 C	-12.97076063 -21.09464132 3.40000000
 C	27.77416201 -21.09411134 3.40000000
 C	-36.43740680 -21.00910370 3.40000000
 C	4.30738589 -21.00873479 3.40000000
 C	12.94658910 -20.96562046 3.40000000
 C	-19.15931746 -20.92320217 3.40000000
 C	-10.52018702 -20.88024391 3.40000000
 C	30.22484998 -20.87970393 3.40000000
 C	-33.98671883 -20.79469628 3.40000000
 C	6.75807386 -20.79432738 3.40000000
 C	15.39721989 -20.75121804 3.40000000
 C	-16.70862949 -20.70879475 3.40000000
 C	-8.06949905 -20.66583649 3.40000000
 C	32.67536641 -20.66531152 3.40000000
 C	-31.53620240 -20.58030387 3.40000000
 C	9.20859028 -20.57993497 3.40000000
 C	17.84779350 -20.53682063 3.40000000
 C	-14.25794152 -20.49438733 3.40000000
 C	-5.61881108 -20.45142908 3.40000000
 C	-37.72464487 -20.40885472 3.40000000
 C	-29.08551443 -20.36589646 3.40000000
 C	11.65927825 -20.36552755 3.40000000
 C	20.29848147 -20.32241322 3.40000000
 C	-11.80725355 -20.27997992 3.40000000
 C	-3.16829466 -20.23703667 3.40000000
 C	-35.27395690 -20.19444730 3.40000000
 C	-26.63488364 -20.15149405 3.40000000
 C	14.10996622 -20.15112014 3.40000000
 C	22.74916944 -20.10800580 3.40000000
 C	-9.35673713 -20.06558751 3.40000000
 C	-0.71760669 -20.02262925 3.40000000
 C	-32.82344048 -19.98005490 3.40000000
 C	-24.18431004 -19.93709664 3.40000000
 C	16.56065419 -19.93671272 3.40000000
 C	25.19968586 -19.89361340 3.40000000
 C	-6.90604916 -19.85118010 3.40000000
 C	1.73302410 -19.80822684 3.40000000
 C	-30.37275251 -19.76564748 3.40000000
 C	-21.73362207 -19.72268922 3.40000000
 C	19.01117062 -19.72232032 3.40000000
 C	27.65037383 -19.67920598 3.40000000
 C	-4.45553273 -19.63678769 3.40000000
 C	4.18359771 -19.59382943 3.40000000
 C	-27.92206454 -19.55124006 3.40000000
 C	-19.28293410 -19.50828181 3.40000000
 C	21.46185859 -19.50791290 3.40000000
 C	30.10100462 -19.46480357 3.40000000
 C	-2.00484476 -19.42238027 3.40000000
 C	6.63428568 -19.37942202 3.40000000
 C	-25.47137657 -19.33683265 3.40000000
 C	-16.83241767 -19.29388940 3.40000000
 C	23.91237502 -19.29352050 3.40000000
 C	32.55157823 -19.25040616 3.40000000
 C	0.44584321 -19.20797286 3.40000000
 C	9.08497365 -19.16501460 3.40000000
 C	-23.02086014 -19.12244024 3.40000000
 C	-14.38172970 -19.07948198 3.40000000
 C	26.36306299 -19.07911308 3.40000000
 C	35.00226620 -19.03599874 3.40000000
 C	2.89653118 -18.99356544 3.40000000
 C	11.53549008 -18.95062219 3.40000000
 C	-20.57017217 -18.90803283 3.40000000
 C	-11.93109891 -18.86507957 3.40000000
 C	28.81375096 -18.86470566 3.40000000
 C	-35.39776934 -18.77959396 3.40000000
 C	5.34704760 -18.77917304 3.40000000
 C	13.98617805 -18.73621478 3.40000000
 C	-18.11965575 -18.69364042 3.40000000
 C	-9.48052530 -18.65068216 3.40000000
 C	31.26443893 -18.65029825 3.40000000
 C	-32.94708137 -18.56518655 3.40000000
 C	7.79773557 -18.56476562 3.40000000
 C	16.43680883 -18.52181237 3.40000000
 C	-15.66896778 -18.47923301 3.40000000
 C	-7.02983733 -18.43627475 3.40000000
 C	33.71495535 -18.43590584 3.40000000
 C	-30.49656494 -18.35079414 3.40000000
 C	10.24825200 -18.35037322 3.40000000
 C	18.88738244 -18.30741496 3.40000000
 C	-13.21827980 -18.26482559 3.40000000
 C	-4.57914936 -18.22186733 3.40000000
 C	-36.68498315 -18.17929297 3.40000000
 C	-28.04587697 -18.13638673 3.40000000
 C	12.69893997 -18.13596580 3.40000000
 C	21.33807041 -18.09300754 3.40000000
 C	-10.76759183 -18.05041817 3.40000000
 C	-2.12863294 -18.00747492 3.40000000
 C	-34.23429518 -17.96488556 3.40000000
 C	-25.59524618 -17.92198431 3.40000000
 C	15.14962794 -17.92155838 3.40000000
 C	23.78875838 -17.87860013 3.40000000
 C	-8.31707541 -17.83602577 3.40000000
 C	0.32205503 -17.79306751 3.40000000
 C	-31.78377876 -17.75049315 3.40000000
 C	-23.14467258 -17.70758690 3.40000000
 C	17.60031591 -17.70715097 3.40000000
 C	26.23927481 -17.66420772 3.40000000
 C	-5.86638744 -17.62161835 3.40000000
 C	2.77268582 -17.57866510 3.40000000
 C	-29.33309079 -17.53608574 3.40000000
 C	-20.69398461 -17.49317949 3.40000000
 C	20.05083234 -17.49275856 3.40000000
 C	28.68996278 -17.44980030 3.40000000
 C	-3.41587101 -17.40722595 3.40000000
 C	5.22325943 -17.36426769 3.40000000
 C	-26.88240282 -17.32167832 3.40000000
 C	-18.24329664 -17.27877207 3.40000000
 C	22.50152031 -17.27835115 3.40000000
 C	31.14059356 -17.23539789 3.40000000
 C	-0.96518304 -17.19281853 3.40000000
 C	7.67394740 -17.14986027 3.40000000
 C	-24.43171485 -17.10727090 3.40000000
 C	-15.79278021 -17.06437967 3.40000000
 C	24.95203673 -17.06395874 3.40000000
 C	33.59116717 -17.02100048 3.40000000
 C	1.48550493 -16.97841112 3.40000000
 C	10.12463537 -16.93545286 3.40000000
 C	-21.98119842 -16.89287850 3.40000000
 C	-13.34209224 -16.84997225 3.40000000
 C	27.40272470 -16.84955133 3.40000000
 C	36.04185514 -16.80659307 3.40000000
 C	3.93619290 -16.76400370 3.40000000
 C	12.57515179 -16.72106045 3.40000000
 C	-19.53051045 -16.67847108 3.40000000
 C	-10.89146145 -16.63556984 3.40000000
 C	29.85341267 -16.63514391 3.40000000
 C	-34.35815614 -16.55013626 3.40000000
 C	6.38670932 -16.54961129 3.40000000
 C	15.02583976 -16.50665303 3.40000000
 C	-17.07999403 -16.46407868 3.40000000
 C	-8.44088785 -16.42117243 3.40000000
 C	32.30410064 -16.42073649 3.40000000
 C	-31.90746817 -16.33572885 3.40000000
 C	8.83739729 -16.33520388 3.40000000
 C	17.47647055 -16.29225062 3.40000000
 C	-14.62930606 -16.24967126 3.40000000
 C	-5.99019988 -16.20676501 3.40000000
 C	34.75461707 -16.20634409 3.40000000
 C	-29.45695174 -16.12133644 3.40000000
 C	11.28791372 -16.12081147 3.40000000
 C	19.92704416 -16.07785321 3.40000000
 C	-12.17861809 -16.03526385 3.40000000
 C	-3.53951191 -15.99235760 3.40000000
 C	-35.64539421 -15.94988729 3.40000000
 C	-27.00626377 -15.90692903 3.40000000
 C	13.73860169 -15.90640406 3.40000000
 C	22.37773213 -15.86344580 3.40000000
 C	-9.72793012 -15.82085643 3.40000000
 C	-1.08899548 -15.77796519 3.40000000
 C	-33.19470624 -15.73547988 3.40000000
 C	-24.55563298 -15.69252661 3.40000000
 C	16.18928966 -15.69199664 3.40000000
 C	24.82842010 -15.64903838 3.40000000
 C	-7.27741369 -15.60646402 3.40000000
 C	1.36169249 -15.56355778 3.40000000
 C	-30.74418982 -15.52108747 3.40000000
 C	-22.10505938 -15.47812920 3.40000000
 C	18.63997763 -15.47758922 3.40000000
 C	27.27893652 -15.43464597 3.40000000
 C	-4.82672572 -15.39205661 3.40000000
 C	3.81232328 -15.34915536 3.40000000
 C	-28.29350185 -15.30668006 3.40000000
 C	-19.65437141 -15.26372179 3.40000000
 C	21.09049405 -15.26319682 3.40000000
 C	29.72962449 -15.22023856 3.40000000
 C	-2.37620930 -15.17766420 3.40000000
 C	6.26289688 -15.13475795 3.40000000
 C	-25.84281388 -15.09227264 3.40000000
 C	-17.20368344 -15.04931437 3.40000000
 C	23.54118202 -15.04878940 3.40000000
 C	32.18025528 -15.00583615 3.40000000
 C	0.07447867 -14.96325679 3.40000000
 C	8.71358485 -14.92035054 3.40000000
 C	-23.39212591 -14.87786523 3.40000000
 C	-14.75316701 -14.83492197 3.40000000
 C	25.99169845 -14.83439700 3.40000000
 C	34.63082889 -14.79143874 3.40000000
 C	2.52516664 -14.74884937 3.40000000
 C	11.16427282 -14.70594312 3.40000000
 C	-20.94160948 -14.66347282 3.40000000
 C	-12.30247904 -14.62051455 3.40000000
 C	28.44238642 -14.61998958 3.40000000
 C	37.08151686 -14.57703132 3.40000000
 C	4.97585461 -14.53444196 3.40000000
 C	13.61478925 -14.49155072 3.40000000
 C	-18.49092151 -14.44906540 3.40000000
 C	-9.85184825 -14.40611214 3.40000000
 C	30.89307439 -14.40558217 3.40000000
 C	-33.31849442 -14.32057452 3.40000000
 C	7.42637104 -14.32004955 3.40000000
 C	16.06547722 -14.27714330 3.40000000
 C	-16.04040509 -14.23467300 3.40000000
 C	-7.40127465 -14.19171473 3.40000000
 C	33.34376236 -14.19117475 3.40000000
 C	-30.86780645 -14.10616710 3.40000000
 C	9.87705901 -14.10564213 3.40000000
 C	18.51610801 -14.06274089 3.40000000
 C	-13.58971712 -14.02026558 3.40000000
 C	-4.95058668 -13.97730731 3.40000000
 C	35.79427878 -13.97678234 3.40000000
 C	-28.41729003 -13.89177470 3.40000000
 C	12.32757543 -13.89124973 3.40000000
 C	20.96668162 -13.84834348 3.40000000
 C	-11.13902915 -13.80585817 3.40000000
 C	-2.49989871 -13.76289990 3.40000000
 C	-34.60573250 -13.72032555 3.40000000
 C	-25.96660206 -13.67736728 3.40000000
 C	14.77826340 -13.67684231 3.40000000
 C	23.41736959 -13.63393606 3.40000000
 C	-8.68834118 -13.59145075 3.40000000
 C	-0.04938228 -13.54850749 3.40000000
 C	-32.15504453 -13.50591813 3.40000000
 C	-23.51597127 -13.46296487 3.40000000
 C	17.22895137 -13.46243490 3.40000000
 C	25.86805756 -13.41952865 3.40000000
 C	-6.23782475 -13.37705834 3.40000000
 C	2.40130569 -13.33410008 3.40000000
 C	-29.70452810 -13.29152573 3.40000000
 C	-21.06539766 -13.24856746 3.40000000
 C	19.67963934 -13.24802748 3.40000000
 C	28.31857398 -13.20513624 3.40000000
 C	-3.78713678 -13.16265093 3.40000000
 C	4.85193648 -13.11969766 3.40000000
 C	-27.25384013 -13.07711831 3.40000000
 C	-18.61470969 -13.03416004 3.40000000
 C	22.13015577 -13.03363507 3.40000000
 C	30.76926195 -12.99072883 3.40000000
 C	-1.33662036 -12.94825852 3.40000000
 C	7.30251008 -12.90530025 3.40000000
 C	-24.80315216 -12.86271090 3.40000000
 C	-16.16402172 -12.81975263 3.40000000
 C	24.58084374 -12.81922766 3.40000000
 C	33.21989274 -12.77632641 3.40000000
 C	1.11406761 -12.73385111 3.40000000
 C	9.75319805 -12.69089284 3.40000000
 C	-22.35246419 -12.64830348 3.40000000
 C	-13.71350530 -12.60536022 3.40000000
 C	27.03136016 -12.60483525 3.40000000
 C	35.67046635 -12.56192900 3.40000000
 C	3.56475559 -12.51944369 3.40000000
 C	12.20388602 -12.47648542 3.40000000
 C	-19.90194776 -12.43391108 3.40000000
 C	-11.26281733 -12.39095281 3.40000000
 C	29.48204814 -12.39042784 3.40000000
 C	38.12115432 -12.34752159 3.40000000
 C	6.01544356 -12.30503628 3.40000000
 C	14.65440245 -12.26209302 3.40000000
 C	-17.45125979 -12.21950366 3.40000000
 C	-8.81218654 -12.17655039 3.40000000
 C	31.93273611 -12.17602042 3.40000000
 C	-32.27883270 -12.09101277 3.40000000
 C	8.46595998 -12.09064387 3.40000000
 C	17.10509042 -12.04768560 3.40000000
 C	-15.00074337 -12.00511125 3.40000000
 C	-6.36161293 -11.96215298 3.40000000
 C	34.38342408 -11.96161301 3.40000000
 C	-29.82814473 -11.87660536 3.40000000
 C	10.91664795 -11.87623645 3.40000000
 C	19.55572121 -11.83328319 3.40000000
 C	-12.55005540 -11.79070384 3.40000000
 C	-3.91092496 -11.74774557 3.40000000
 C	36.83394050 -11.74722060 3.40000000
 C	-27.37762831 -11.66221295 3.40000000
 C	13.36716438 -11.66184405 3.40000000
 C	22.00629482 -11.61888578 3.40000000
 C	-10.09936743 -11.57629642 3.40000000
 C	-1.46023699 -11.53333815 3.40000000
 C	-33.56614355 -11.49091987 3.40000000
 C	-24.92694034 -11.44780554 3.40000000
 C	15.81785235 -11.44743663 3.40000000
 C	24.45698279 -11.40447836 3.40000000
 C	-7.64867946 -11.36188901 3.40000000
 C	0.99027944 -11.31894575 3.40000000
 C	-31.11545558 -11.27651246 3.40000000
 C	-22.47630955 -11.23340312 3.40000000
 C	18.26854032 -11.23302922 3.40000000
 C	26.90767076 -11.19007095 3.40000000
 C	-5.19816303 -11.14749660 3.40000000
 C	3.44096741 -11.10453833 3.40000000
 C	-28.66493916 -11.06212005 3.40000000
 C	-20.02573594 -11.01900571 3.40000000
 C	20.71922829 -11.01862180 3.40000000
 C	29.35818718 -10.97567854 3.40000000
 C	-2.74747506 -10.93308918 3.40000000
 C	5.89159819 -10.89013592 3.40000000
 C	-26.21425119 -10.84771263 3.40000000
 C	-17.57504797 -10.80459830 3.40000000
 C	23.16974471 -10.80422940 3.40000000
 C	31.80887515 -10.76127113 3.40000000
 C	-0.29695864 -10.71869678 3.40000000
 C	8.34217180 -10.67573851 3.40000000
 C	-23.76356322 -10.63330522 3.40000000
 C	-15.12436000 -10.59019088 3.40000000
 C	25.62043268 -10.58982198 3.40000000
 C	34.25950594 -10.54686871 3.40000000
 C	2.15372933 -10.50428936 3.40000000
 C	10.79285977 -10.46133109 3.40000000
 C	-21.31287525 -10.41889780 3.40000000
 C	-12.67384358 -10.37579848 3.40000000
 C	28.07094911 -10.37542957 3.40000000
 C	36.71007955 -10.33247130 3.40000000
 C	4.60441730 -10.28988195 3.40000000
 C	13.24354774 -10.24692368 3.40000000
 C	-18.86235882 -10.20450540 3.40000000
 C	-10.22315561 -10.16139106 3.40000000
 C	30.52163708 -10.16102216 3.40000000
 C	39.16076752 -10.11806389 3.40000000
 C	7.05510527 -10.07547453 3.40000000
 C	15.69406417 -10.03253127 3.40000000
 C	-16.41167085 -9.99009798 3.40000000
 C	-7.77252482 -9.94698865 3.40000000
 C	32.97232505 -9.94661474 3.40000000
 C	-31.23924376 -9.86160710 3.40000000
 C	9.50562170 -9.86108213 3.40000000
 C	18.14475214 -9.81812386 3.40000000
 C	-13.96115443 -9.77570557 3.40000000
 C	-5.32195121 -9.73259124 3.40000000
 C	35.42301302 -9.73220733 3.40000000
 C	-28.78855579 -9.64719968 3.40000000
 C	11.95630967 -9.64667471 3.40000000
 C	20.59538293 -9.60372144 3.40000000
 C	-11.51046646 -9.56129816 3.40000000
 C	-2.87126324 -9.51818382 3.40000000
 C	37.87352944 -9.51781492 3.40000000
 C	-26.33803937 -9.43280727 3.40000000
 C	14.40682609 -9.43228230 3.40000000
 C	23.04595653 -9.38932403 3.40000000
 C	-9.05977849 -9.34689074 3.40000000
 C	-0.42057527 -9.30377641 3.40000000
 C	-32.52648184 -9.26135812 3.40000000
 C	-23.88735140 -9.21839986 3.40000000
 C	16.85751406 -9.21787489 3.40000000
 C	25.49664450 -9.17491662 3.40000000
 C	-6.60909052 -9.13248333 3.40000000
 C	2.02994115 -9.08938400 3.40000000
 C	-30.07579387 -9.04695070 3.40000000
 C	-21.43672061 -9.00399745 3.40000000
 C	19.30820203 -9.00346747 3.40000000
 C	27.94733247 -8.96050920 3.40000000
 C	-4.15857409 -8.91809092 3.40000000
 C	4.48062912 -8.87497659 3.40000000
 C	-27.62527744 -8.83255830 3.40000000
 C	-18.98614700 -8.78960004 3.40000000
 C	21.75889000 -8.78906006 3.40000000
 C	30.39784890 -8.74611680 3.40000000
 C	-1.70788612 -8.70368351 3.40000000
 C	6.93125991 -8.66057417 3.40000000
 C	-25.17458947 -8.61815088 3.40000000
 C	-16.53545903 -8.57519262 3.40000000
 C	24.20940643 -8.57466765 3.40000000
 C	32.84853687 -8.53170938 3.40000000
 C	0.74263030 -8.48929110 3.40000000
 C	9.38183352 -8.44617676 3.40000000
 C	-22.72390150 -8.40374346 3.40000000
 C	-14.08477106 -8.36078521 3.40000000
 C	26.66009440 -8.36026024 3.40000000
 C	35.29916766 -8.31730697 3.40000000
 C	3.19331827 -8.27488368 3.40000000
 C	11.83252149 -8.23176935 3.40000000
 C	-20.27321353 -8.18933605 3.40000000
 C	-11.63425464 -8.14639280 3.40000000
 C	29.11061082 -8.14586783 3.40000000
 C	37.74974126 -8.10290956 3.40000000
 C	5.64400624 -8.06047627 3.40000000
 C	14.28320946 -8.01736193 3.40000000
 C	-17.82269711 -7.97494364 3.40000000
 C	-9.18356667 -7.93198538 3.40000000
 C	31.56129879 -7.93146041 3.40000000
 C	40.20042923 -7.88850214 3.40000000
 C	8.09469421 -7.84606885 3.40000000
 C	16.73372588 -7.80296953 3.40000000
 C	-15.37200914 -7.76053623 3.40000000
 C	-6.73293588 -7.71758297 3.40000000
 C	34.01198676 -7.71705300 3.40000000
 C	-30.19958205 -7.63204535 3.40000000
 C	10.54521064 -7.63167645 3.40000000
 C	19.18441385 -7.58856211 3.40000000
 C	-12.92149271 -7.54614382 3.40000000
 C	-4.28236227 -7.50318556 3.40000000
 C	36.46267473 -7.50264558 3.40000000
 C	-27.74889408 -7.41763794 3.40000000
 C	12.99589861 -7.41726903 3.40000000
 C	21.63504464 -7.37415970 3.40000000
 C	-10.47080474 -7.33173640 3.40000000
 C	-1.83167430 -7.28877815 3.40000000
 C	38.91319116 -7.28825318 3.40000000
 C	-25.29837765 -7.20324553 3.40000000
 C	15.44641503 -7.20287663 3.40000000
 C	24.08561825 -7.15976229 3.40000000
 C	-8.02011677 -7.11732899 3.40000000
 C	0.61901367 -7.07437073 3.40000000
 C	-31.48682012 -7.03179637 3.40000000
 C	-22.84768968 -6.98883811 3.40000000
 C	17.89710300 -6.98846921 3.40000000
 C	26.53630622 -6.94535487 3.40000000
 C	-5.56942880 -6.90292157 3.40000000
 C	3.06953009 -6.85997832 3.40000000
 C	-29.03613215 -6.81738896 3.40000000
 C	-20.39705889 -6.77443570 3.40000000
 C	20.34779097 -6.77406179 3.40000000
 C	28.98699419 -6.73094746 3.40000000
 C	-3.11891238 -6.68852917 3.40000000
 C	5.52021806 -6.64557091 3.40000000
 C	-26.58561573 -6.60299655 3.40000000
 C	-17.94648529 -6.56003829 3.40000000
 C	22.79847895 -6.55965438 3.40000000
 C	31.43751061 -6.51655505 3.40000000
 C	-0.66822441 -6.47412175 3.40000000
 C	7.97084885 -6.43116850 3.40000000
 C	-24.13492776 -6.38858914 3.40000000
 C	-15.49579731 -6.34563088 3.40000000
 C	25.24899537 -6.34526197 3.40000000
 C	33.88819858 -6.30214764 3.40000000
 C	1.78229202 -6.25972935 3.40000000
 C	10.42142246 -6.21677109 3.40000000
 C	-21.68423979 -6.17418172 3.40000000
 C	-13.04510934 -6.13122346 3.40000000
 C	27.69968334 -6.13085456 3.40000000
 C	36.33882937 -6.08774522 3.40000000
 C	4.23297999 -6.04532193 3.40000000
 C	12.87211043 -6.00236367 3.40000000
 C	-19.23355182 -5.95977430 3.40000000
 C	-10.59459292 -5.91683105 3.40000000
 C	30.15019977 -5.91646215 3.40000000
 C	38.78940298 -5.87334781 3.40000000
 C	6.68366796 -5.83091451 3.40000000
 C	15.32279840 -5.78795626 3.40000000
 C	-16.78303539 -5.74538190 3.40000000
 C	-8.14390495 -5.70242364 3.40000000
 C	32.60088774 -5.70205473 3.40000000
 C	41.24009095 -5.65894040 3.40000000
 C	9.13435593 -5.61650710 3.40000000
 C	17.77331483 -5.57356385 3.40000000
 C	-14.33234742 -5.53097448 3.40000000
 C	-5.69327416 -5.48802123 3.40000000
 C	35.05157571 -5.48764732 3.40000000
 C	-29.15994459 -5.40253562 3.40000000
 C	11.58487236 -5.40211469 3.40000000
 C	20.22400280 -5.35915643 3.40000000
 C	-11.88183099 -5.31658208 3.40000000
 C	-3.24270055 -5.27362382 3.40000000
 C	37.50226368 -5.27323990 3.40000000
 C	-26.70925662 -5.18812820 3.40000000
 C	14.03556033 -5.18770728 3.40000000
 C	22.67463358 -5.14475402 3.40000000
 C	-9.43114302 -5.10217466 3.40000000
 C	-0.79201258 -5.05921640 3.40000000
 C	39.95278010 -5.05884750 3.40000000
 C	-24.25874019 -4.97373580 3.40000000
 C	16.48607675 -4.97331487 3.40000000
 C	25.12520719 -4.93035661 3.40000000
 C	-6.98045505 -4.88776725 3.40000000
 C	1.65867539 -4.84480899 3.40000000
 C	-30.44715840 -4.80223463 3.40000000
 C	-21.80805222 -4.75932838 3.40000000
 C	18.93676472 -4.75890746 3.40000000
 C	27.57589516 -4.71594920 3.40000000
 C	-4.52976708 -4.67335983 3.40000000
 C	4.10919181 -4.63041658 3.40000000
 C	-27.99647043 -4.58782721 3.40000000
 C	-19.35742143 -4.54492597 3.40000000
 C	21.38745269 -4.54450004 3.40000000
 C	30.02658313 -4.50154178 3.40000000
 C	-2.07925066 -4.45896742 3.40000000
 C	6.55987978 -4.41600916 3.40000000
 C	-25.54595401 -4.37343481 3.40000000
 C	-16.90684783 -4.33052856 3.40000000
 C	23.83814066 -4.33009262 3.40000000
 C	32.47709956 -4.28714937 3.40000000
 C	0.37143731 -4.24456001 3.40000000
 C	9.01051057 -4.20160675 3.40000000
 C	-23.09526604 -4.15902739 3.40000000
 C	-14.45615986 -4.11612114 3.40000000
 C	26.28865709 -4.11570022 3.40000000
 C	34.92778753 -4.07274196 3.40000000
 C	2.82195374 -4.03016760 3.40000000
 C	11.46108418 -3.98720934 3.40000000
 C	-20.64457807 -3.94461998 3.40000000
 C	-12.00547189 -3.90171373 3.40000000
 C	28.73934506 -3.90129280 3.40000000
 C	37.37841832 -3.85833955 3.40000000
 C	5.27264171 -3.81576019 3.40000000
 C	13.91177215 -3.77280193 3.40000000
 C	-18.19389010 -3.73021256 3.40000000
 C	-9.55495546 -3.68732132 3.40000000
 C	31.18986148 -3.68690040 3.40000000
 C	39.82899192 -3.64394214 3.40000000
 C	7.72332968 -3.60135277 3.40000000
 C	16.36246012 -3.55839451 3.40000000
 C	-15.74337367 -3.51582015 3.40000000
 C	-7.10426749 -3.47291391 3.40000000
 C	33.64054945 -3.47249298 3.40000000
 C	42.27967989 -3.42953472 3.40000000
 C	10.17401765 -3.38694535 3.40000000
 C	18.81297654 -3.34400210 3.40000000
 C	-13.29268570 -3.30141274 3.40000000
 C	-4.65363670 -3.25851149 3.40000000
 C	36.09123742 -3.25808557 3.40000000
 C	-28.12033139 -3.17307792 3.40000000
 C	12.62453407 -3.17255295 3.40000000
 C	21.26366451 -3.12959469 3.40000000
 C	-10.84216928 -3.08702033 3.40000000
 C	-2.20306310 -3.04411408 3.40000000
 C	38.54192539 -3.04367815 3.40000000
 C	-25.66964342 -2.95867050 3.40000000
 C	15.07522204 -2.95814553 3.40000000
 C	23.71429530 -2.91519228 3.40000000
 C	-8.39148131 -2.87261292 3.40000000
 C	0.24762487 -2.82970667 3.40000000
 C	40.99244182 -2.82928574 3.40000000
 C	-23.21912699 -2.74427810 3.40000000
 C	17.52573847 -2.74375313 3.40000000
 C	26.16486891 -2.70079487 3.40000000
 C	-5.94079334 -2.65820550 3.40000000
 C	2.69831284 -2.61529925 3.40000000
 C	-29.40756946 -2.57282895 3.40000000
 C	-20.76843902 -2.52987068 3.40000000
 C	19.97642644 -2.52934571 3.40000000
 C	28.61555688 -2.48638745 3.40000000
 C	-3.49010537 -2.44379809 3.40000000
 C	5.14882927 -2.40090685 3.40000000
 C	-26.95688149 -2.35842153 3.40000000
 C	-18.31780823 -2.31546827 3.40000000
 C	22.42711441 -2.31493830 3.40000000
 C	31.06624485 -2.27198004 3.40000000
 C	-1.03958894 -2.22940568 3.40000000
 C	7.59951724 -2.18649943 3.40000000
 C	-24.50636507 -2.14402913 3.40000000
 C	-15.86723463 -2.10107086 3.40000000
 C	24.87780238 -2.10053088 3.40000000
 C	33.51676127 -2.05758763 3.40000000
 C	1.41109903 -2.01499826 3.40000000
 C	10.05014803 -1.97209702 3.40000000
 C	-22.05567710 -1.92962171 3.40000000
 C	-13.41654666 -1.88666344 3.40000000
 C	27.32831880 -1.88613847 3.40000000
 C	35.96744924 -1.84318021 3.40000000
 C	3.86161545 -1.80060586 3.40000000
 C	12.50072163 -1.75769961 3.40000000
 C	-19.60498913 -1.71521430 3.40000000
 C	-10.96585869 -1.67225603 3.40000000
 C	29.77900677 -1.67173106 3.40000000
 C	38.41808003 -1.62877780 3.40000000
 C	6.31230342 -1.58619844 3.40000000
 C	14.95140960 -1.54329219 3.40000000
 C	-17.15430116 -1.50080688 3.40000000
 C	-8.51534226 -1.45786362 3.40000000
 C	32.22952320 -1.45733865 3.40000000
 C	40.86865364 -1.41438039 3.40000000
 C	8.76299139 -1.37179103 3.40000000
 C	17.40209757 -1.32888478 3.40000000
 C	-14.70378473 -1.28641447 3.40000000
 C	-6.06465429 -1.24345621 3.40000000
 C	34.68021117 -1.24293124 3.40000000
 C	43.31934161 -1.19997298 3.40000000
 C	11.21367936 -1.15738361 3.40000000
 C	19.85261400 -1.11449237 3.40000000
 C	-12.25309676 -1.07200706 3.40000000
 C	-3.61402350 -1.02905379 3.40000000
 C	37.13089914 -1.02852382 3.40000000
 C	-27.08066967 -0.94351617 3.40000000
 C	13.66419579 -0.94299120 3.40000000
 C	22.30330197 -0.90008496 3.40000000
 C	-9.80258034 -0.85761465 3.40000000
 C	-1.16344990 -0.81465638 3.40000000
 C	39.58158711 -0.81411641 3.40000000
 C	-24.62998170 -0.72910876 3.40000000
 C	16.11488376 -0.72858379 3.40000000
 C	24.75393276 -0.68568254 3.40000000
 C	-7.35189237 -0.64320724 3.40000000
 C	1.28723807 -0.60024897 3.40000000
 C	42.03210353 -0.59972400 3.40000000
 C	-22.17946528 -0.51471635 3.40000000
 C	18.56540018 -0.51419138 3.40000000
 C	27.20450637 -0.47128513 3.40000000
 C	-4.90120440 -0.42879982 3.40000000
 C	3.73792604 -0.38584155 3.40000000
 C	-28.36790775 -0.34326721 3.40000000
 C	-19.72877731 -0.30030894 3.40000000
 C	21.01608815 -0.29978397 3.40000000
 C	29.65519434 -0.25687772 3.40000000
 C	-2.45051643 -0.21439241 3.40000000
 C	6.18844247 -0.17144915 3.40000000
 C	-25.91721978 -0.12885979 3.40000000
 C	-17.27814652 -0.08590652 3.40000000
 C	23.46677612 -0.08537655 3.40000000
 C	32.10588231 -0.04247030 3.40000000
 C	0.00000000 0.00000000 3.40000000
 C	8.63913044 0.04295827 3.40000000
 C	-23.46670335 0.08553262 3.40000000
 C	-14.82757291 0.12849089 3.40000000
 C	25.91746409 0.12903086 3.40000000
 C	34.55639873 0.17192210 3.40000000
 C	2.45068797 0.21440742 3.40000000
 C	11.08976123 0.25736068 3.40000000
 C	-21.01601538 0.29994003 3.40000000
 C	-12.37688494 0.34289830 3.40000000
 C	28.36798052 0.34342327 3.40000000
 C	37.00708670 0.38632952 3.40000000
 C	4.90120440 0.42879982 3.40000000
 C	13.54033484 0.47175809 3.40000000
 C	-18.56532741 0.51434745 3.40000000
 C	-9.92619697 0.55730572 3.40000000
 C	30.81866849 0.55783069 3.40000000
 C	39.45771749 0.60073193 3.40000000
 C	7.35189237 0.64320724 3.40000000
 C	15.99102281 0.68616551 3.40000000
 C	-16.11463944 0.72875486 3.40000000
 C	-7.47568054 0.77169812 3.40000000
 C	33.26918492 0.77222309 3.40000000
 C	41.90829110 0.81512934 3.40000000
 C	9.80258034 0.85761465 3.40000000
 C	18.44171078 0.90057292 3.40000000
 C	-13.66412301 0.94314727 3.40000000
 C	-5.02499257 0.98610554 3.40000000
 C	35.71987289 0.98663051 3.40000000
 C	44.35897907 1.02953676 3.40000000
 C	12.25326831 1.07202207 3.40000000
 C	20.89222720 1.11496533 3.40000000
 C	-11.21343504 1.15755469 3.40000000
 C	-2.57436179 1.20050795 3.40000000
 C	38.17056086 1.20103792 3.40000000
 C	-26.04100795 1.28604557 3.40000000
 C	14.70378473 1.28641447 3.40000000
 C	23.34291517 1.32937274 3.40000000
 C	-8.76291862 1.37194709 3.40000000
 C	-0.12378818 1.41490536 3.40000000
 C	40.62124883 1.41544534 3.40000000
 C	-23.59031998 1.50045299 3.40000000
 C	17.15447270 1.50082189 3.40000000
 C	25.79354596 1.54377516 3.40000000
 C	-6.31223065 1.58635451 3.40000000
 C	2.32689979 1.62931278 3.40000000
 C	43.07176525 1.62983775 3.40000000
 C	-21.13980356 1.71484539 3.40000000
 C	19.60498913 1.71521430 3.40000000
 C	28.24411957 1.75817257 3.40000000
 C	-3.86154268 1.80076192 3.40000000
 C	4.77758776 1.84372019 3.40000000
 C	-27.32831880 1.88613847 3.40000000
 C	-18.68911559 1.92925281 3.40000000
 C	22.05567710 1.92962171 3.40000000
 C	30.69480754 1.97257998 3.40000000
 C	-1.41085471 2.01516934 3.40000000
 C	7.22810419 2.05811260 3.40000000
 C	-24.87763083 2.10054589 3.40000000
 C	-16.23848480 2.14365522 3.40000000
 C	24.50636507 2.14402913 3.40000000
 C	33.14549551 2.18698740 3.40000000
 C	1.03966172 2.22956174 3.40000000
 C	9.67879216 2.27252001 3.40000000
 C	-22.42711441 2.31493830 3.40000000
 C	-13.78791119 2.35805263 3.40000000
 C	26.95705304 2.35843654 3.40000000
 C	35.59601193 2.40137980 3.40000000
 C	3.49034969 2.44396916 3.40000000
 C	12.12942295 2.48692243 3.40000000
 C	-19.97642644 2.52934571 3.40000000
 C	-11.33722322 2.57246005 3.40000000
 C	29.40756946 2.57282895 3.40000000
 C	38.04669990 2.61578722 3.40000000
 C	5.94086611 2.65836157 3.40000000
 C	14.57999655 2.70131984 3.40000000
 C	-17.52573847 2.74375313 3.40000000
 C	-8.88653525 2.78686746 3.40000000
 C	31.85825743 2.78723637 3.40000000
 C	40.49733069 2.83018963 3.40000000
 C	8.39155408 2.87276898 3.40000000
 C	17.03068452 2.91572725 3.40000000
 C	-15.07505050 2.95816054 3.40000000
 C	-6.43601883 3.00125987 3.40000000
 C	34.30877386 3.00162877 3.40000000
 C	42.94790430 3.04458704 3.40000000
 C	10.84224205 3.08717640 3.40000000
 C	19.48137249 3.13013467 3.40000000
 C	-12.62453407 3.17255295 3.40000000
 C	-3.98533086 3.21566728 3.40000000
 C	36.75946183 3.21603619 3.40000000
 C	45.39859227 3.25899446 3.40000000
 C	13.29293002 3.30158381 3.40000000
 C	21.93188892 3.34452707 3.40000000
 C	-10.17384610 3.38696036 3.40000000
 C	-1.53470007 3.43006970 3.40000000
 C	39.21014980 3.43044360 3.40000000
 C	-25.00141901 3.51545125 3.40000000
 C	15.74344645 3.51597622 3.40000000
 C	24.38257689 3.55893449 3.40000000
 C	-7.72332968 3.60135277 3.40000000
 C	0.91587354 3.64446711 3.40000000
 C	41.66083777 3.64485102 3.40000000
 C	-22.55073104 3.72985866 3.40000000
 C	18.19413442 3.73038363 3.40000000
 C	26.83320768 3.77333690 3.40000000
 C	-5.27264171 3.81576019 3.40000000
 C	3.36656151 3.85887452 3.40000000
 C	44.11135419 3.85924342 3.40000000
 C	-20.10021462 3.94425107 3.40000000
 C	20.64465084 3.94477604 3.40000000
 C	29.28378128 3.98773431 3.40000000
 C	-2.82195374 4.03016760 3.40000000
 C	5.81724948 4.07328194 3.40000000
 C	-26.28865709 4.11570023 3.40000000
 C	-17.64952665 4.15865849 3.40000000
 C	23.09533881 4.15918346 3.40000000
 C	31.73446925 4.20214173 3.40000000
 C	-0.37126577 4.24457502 3.40000000
 C	8.26776590 4.28767434 3.40000000
 C	-23.83796912 4.33010764 3.40000000
 C	-15.19889586 4.37306090 3.40000000
 C	25.54602678 4.37359087 3.40000000
 C	34.18515722 4.41654914 3.40000000
 C	2.07925066 4.45896742 3.40000000
 C	10.71845387 4.50208176 3.40000000
 C	-21.38745269 4.54450005 3.40000000
 C	-12.74832225 4.58745831 3.40000000
 C	27.99671475 4.58799829 3.40000000
 C	36.63567365 4.63094155 3.40000000
 C	4.52993863 4.67337484 3.40000000
 C	13.16908466 4.71648417 3.40000000
 C	-18.93676472 4.75890747 3.40000000
 C	-10.29763428 4.80186572 3.40000000
 C	30.44723118 4.80239069 3.40000000
 C	39.08636162 4.84534896 3.40000000
 C	6.98045505 4.88776725 3.40000000
 C	15.61965827 4.93088158 3.40000000
 C	-16.48607675 4.97331488 3.40000000
 C	-7.84694631 5.01627314 3.40000000
 C	32.89791915 5.01679811 3.40000000
 C	41.53699241 5.05975138 3.40000000
 C	9.43114302 5.10217466 3.40000000
 C	18.07034624 5.14528900 3.40000000
 C	-14.03538878 5.18772230 3.40000000
 C	-5.39642989 5.23066555 3.40000000
 C	35.34843557 5.23119052 3.40000000
 C	43.98756601 5.27414879 3.40000000
 C	11.88183099 5.31658208 3.40000000
 C	20.52103421 5.35969641 3.40000000
 C	-11.58487236 5.40211470 3.40000000
 C	-2.94574192 5.44507296 3.40000000
 C	37.79912354 5.44559793 3.40000000
 C	46.43825398 5.48855620 3.40000000
 C	14.33251896 5.53098949 3.40000000
 C	22.97155063 5.57408882 3.40000000
 C	-9.13418439 5.61652212 3.40000000
 C	-0.49511113 5.65947537 3.40000000
 C	40.24981151 5.66000535 3.40000000
 C	-23.96175730 5.74501299 3.40000000
 C	16.78303539 5.74538190 3.40000000
 C	25.42223860 5.78849623 3.40000000
 C	-6.68366796 5.83091452 3.40000000
 C	1.95546248 5.87387278 3.40000000
 C	42.70049948 5.87441276 3.40000000
 C	-21.51106933 5.95942041 3.40000000
 C	19.23372336 5.95978931 3.40000000
 C	27.87286939 6.00289865 3.40000000
 C	-4.23297999 6.04532194 3.40000000
 C	4.40615045 6.08828020 3.40000000
 C	45.15101591 6.08880517 3.40000000
 C	-19.06055290 6.17381282 3.40000000
 C	21.68423979 6.17418172 3.40000000
 C	30.32344300 6.21729606 3.40000000
 C	-1.78229202 6.25972936 3.40000000
 C	6.85683842 6.30268761 3.40000000
 C	-25.24899537 6.34526197 3.40000000
 C	-16.60986493 6.38822023 3.40000000
 C	24.13492776 6.38858914 3.40000000
 C	32.77413097 6.43170347 3.40000000
 C	0.66839595 6.47413677 3.40000000
 C	9.30735485 6.51708002 3.40000000
 C	-22.79830740 6.55966939 3.40000000
 C	-14.15923414 6.60262264 3.40000000
 C	26.58561573 6.60299655 3.40000000
 C	35.22481894 6.64611089 3.40000000
 C	3.11891237 6.68852918 3.40000000
 C	11.75804282 6.73148744 3.40000000
 C	-20.34779097 6.77406179 3.40000000
 C	-11.70866053 6.81702005 3.40000000
 C	29.03630370 6.81740397 3.40000000
 C	37.67533537 6.86050329 3.40000000
 C	5.56960034 6.90293659 3.40000000
 C	14.20867360 6.94588985 3.40000000
 C	-17.89710300 6.98846921 3.40000000
 C	-9.25797256 7.03142747 3.40000000
 C	31.48682012 7.03179637 3.40000000
 C	40.12602334 7.07491071 3.40000000
 C	8.02011677 7.11732900 3.40000000
 C	16.65924721 7.16028726 3.40000000
 C	-15.44641503 7.20287663 3.40000000
 C	-6.80728459 7.24583488 3.40000000
 C	33.93750809 7.24620379 3.40000000
 C	42.57665412 7.28931312 3.40000000
 C	10.47080474 7.33173641 3.40000000
 C	19.10993518 7.37469467 3.40000000
 C	-12.99572706 7.41728404 3.40000000
 C	-4.35676817 7.46022729 3.40000000
 C	36.38802452 7.46059619 3.40000000
 C	45.02722773 7.50371053 3.40000000
 C	12.92149271 7.54614383 3.40000000
 C	21.56062315 7.58910209 3.40000000
 C	-10.54521064 7.63167645 3.40000000
 C	-1.90608020 7.67463471 3.40000000
 C	38.83871249 7.67500361 3.40000000
 C	47.47791570 7.71811795 3.40000000
 C	15.37218068 7.76055125 3.40000000
 C	24.01113958 7.80349450 3.40000000
 C	-8.09452267 7.84608386 3.40000000
 C	0.54455059 7.88903712 3.40000000
 C	41.28940046 7.88941103 3.40000000
 C	-22.92211984 7.97452273 3.40000000
 C	17.82269711 7.97494365 3.40000000
 C	26.46182755 8.01790191 3.40000000
 C	-5.64400624 8.06047627 3.40000000
 C	2.99512420 8.10343453 3.40000000
 C	43.74008843 8.10381844 3.40000000
 C	-20.47143187 8.18893014 3.40000000
 C	20.27338508 8.18935107 3.40000000
 C	28.91245833 8.23230432 3.40000000
 C	-3.19331827 8.27488368 3.40000000
 C	5.44581217 8.31784194 3.40000000
 C	46.19060485 8.31821085 3.40000000
 C	-18.02091544 8.40332255 3.40000000
 C	22.72390150 8.40374347 3.40000000
 C	31.36303194 8.44670173 3.40000000
 C	-0.74263030 8.48929110 3.40000000
 C	7.89650014 8.53224936 3.40000000
 C	-24.20933365 8.57482372 3.40000000
 C	-15.57022747 8.61772996 3.40000000
 C	25.17458947 8.61815089 3.40000000
 C	33.81371991 8.66110915 3.40000000
 C	1.70805767 8.70369852 3.40000000
 C	10.34701656 8.74664177 3.40000000
 C	-21.75864568 8.78923113 3.40000000
 C	-13.11959668 8.83213238 3.40000000
 C	27.62527744 8.83255830 3.40000000
 C	36.26440788 8.87551656 3.40000000
 C	4.15857409 8.91809092 3.40000000
 C	12.79770453 8.96104918 3.40000000
 C	-19.30812926 9.00362354 3.40000000
 C	-10.66902308 9.04652979 3.40000000
 C	30.07596541 9.04696572 3.40000000
 C	38.71492431 9.08990897 3.40000000
 C	6.60926206 9.13249834 3.40000000
 C	15.24833532 9.17545159 3.40000000
 C	-16.85744129 9.21803095 3.40000000
 C	-8.21833511 9.26093720 3.40000000
 C	32.52648184 9.26135813 3.40000000
 C	41.16561228 9.30431639 3.40000000
 C	9.05977849 9.34689074 3.40000000
 C	17.69890893 9.38984900 3.40000000
 C	-14.40675332 9.43243837 3.40000000
 C	-5.76764714 9.47534462 3.40000000
 C	34.97716981 9.47576554 3.40000000
 C	43.61624307 9.51871880 3.40000000
 C	11.51046646 9.56129816 3.40000000
 C	20.14959690 9.60425642 3.40000000
 C	-11.95606535 9.64684578 3.40000000
 C	-3.31713071 9.68973702 3.40000000
 C	37.42768623 9.69015795 3.40000000
 C	46.06681667 9.73311621 3.40000000
 C	13.96115443 9.77570557 3.40000000
 C	22.60028487 9.81866383 3.40000000
 C	-9.50554892 9.86123819 3.40000000
 C	-0.86644274 9.90414444 3.40000000
 C	39.87837420 9.90456536 3.40000000
 C	48.51750464 9.94752362 3.40000000
 C	16.41184240 9.99011299 3.40000000
 C	25.05080129 10.03305624 3.40000000
 C	-7.05486095 10.07564561 3.40000000
 C	1.58418805 10.11854685 3.40000000
 C	42.32906217 10.11897278 3.40000000
 C	-21.88250664 10.20398043 3.40000000
 C	18.86235882 10.20450540 3.40000000
 C	27.50148926 10.24746366 3.40000000
 C	-4.60434453 10.29003801 3.40000000
 C	4.03476165 10.33294426 3.40000000
 C	44.77975014 10.33338020 3.40000000
 C	-19.43181867 10.41838784 3.40000000
 C	21.31304679 10.41891281 3.40000000
 C	29.95212005 10.46186607 3.40000000
 C	-2.15365656 10.50444543 3.40000000
 C	6.48544962 10.54735168 3.40000000
 C	47.23026657 10.54777260 3.40000000
 C	-16.98130224 10.63278025 3.40000000
 C	23.76356322 10.63330522 3.40000000
 C	32.40269366 10.67626348 3.40000000
 C	0.29703141 10.71885284 3.40000000
 C	8.93613759 10.76175909 3.40000000
 C	-23.16974471 10.80422940 3.40000000
 C	-14.53061427 10.84718766 3.40000000
 C	26.21425119 10.84771263 3.40000000
 C	34.85338163 10.89067089 3.40000000
 C	2.74771938 10.93326026 3.40000000
 C	11.38665402 10.97615150 3.40000000
 C	-20.71905674 11.01863681 3.40000000
 C	-12.07998348 11.06159008 3.40000000
 C	28.66493916 11.06212005 3.40000000
 C	37.30406960 11.10507831 3.40000000
 C	5.19823581 11.14765267 3.40000000
 C	13.83734199 11.19055891 3.40000000
 C	-18.26854032 11.23302922 3.40000000
 C	-9.62940988 11.27598749 3.40000000
 C	31.11562713 11.27652746 3.40000000
 C	39.75458602 11.31947072 3.40000000
 C	7.64892378 11.36206008 3.40000000
 C	16.28797278 11.40496133 3.40000000
 C	-15.81785235 11.44743663 3.40000000
 C	-7.17872191 11.49039490 3.40000000
 C	33.56614355 11.49091987 3.40000000
 C	42.20527399 11.53387813 3.40000000
 C	10.09944020 11.57645249 3.40000000
 C	18.73854639 11.61935874 3.40000000
 C	-13.36716438 11.66184405 3.40000000
 C	-4.72803394 11.70480232 3.40000000
 C	36.01683152 11.70532729 3.40000000
 C	44.65590478 11.74828054 3.40000000
 C	12.55012817 11.79085990 3.40000000
 C	21.18923436 11.83376615 3.40000000
 C	-10.91647641 11.87625146 3.40000000
 C	-2.27751751 11.91919472 3.40000000
 C	38.46734795 11.91971969 3.40000000
 C	47.10647839 11.96267795 3.40000000
 C	15.00081614 12.00526732 3.40000000
 C	23.63992233 12.04817357 3.40000000
 C	-8.46595998 12.09064387 3.40000000
 C	0.17317046 12.13360214 3.40000000
 C	40.91803592 12.13412711 3.40000000
 C	49.55716636 12.17708537 3.40000000
 C	17.45150411 12.21967473 3.40000000
 C	26.09043875 12.26256597 3.40000000
 C	-6.01527201 12.30505129 3.40000000
 C	2.62380125 12.34800455 3.40000000
 C	43.36872389 12.34853452 3.40000000
 C	-20.84284492 12.43354217 3.40000000
 C	19.90202054 12.43406714 3.40000000
 C	28.54112672 12.47697339 3.40000000
 C	-3.56475559 12.51944369 3.40000000
 C	5.07437485 12.56240196 3.40000000
 C	45.81941186 12.56294194 3.40000000
 C	-18.39215695 12.64794959 3.40000000
 C	22.35270851 12.64847456 3.40000000
 C	30.99175751 12.69137580 3.40000000
 C	-1.11406761 12.73385111 3.40000000
 C	7.52506282 12.77680938 3.40000000
 C	48.26992828 12.77733435 3.40000000
 C	-15.94164053 12.86234199 3.40000000
 C	24.80322494 12.86286696 3.40000000
 C	33.44233112 12.90577321 3.40000000
 C	1.33662036 12.94825852 3.40000000
 C	9.97575079 12.99121679 3.40000000
 C	-22.13008299 13.03379114 3.40000000
 C	-13.49095255 13.07674941 3.40000000
 C	27.25391291 13.07727438 3.40000000
 C	35.89301909 13.12018063 3.40000000
 C	3.78730833 13.16266594 3.40000000
 C	12.42626722 13.20560920 3.40000000
 C	-19.67939502 13.24819856 3.40000000
 C	-11.04032177 13.29115182 3.40000000
 C	29.70460088 13.29168179 3.40000000
 C	38.34370706 13.33458804 3.40000000
 C	6.23782475 13.37705834 3.40000000
 C	14.87695519 13.42001661 3.40000000
 C	-17.22887860 13.46259096 3.40000000
 C	-8.58974816 13.50554923 3.40000000
 C	32.15528885 13.50608921 3.40000000
 C	40.79422348 13.54898045 3.40000000
 C	8.68851272 13.59146576 3.40000000
 C	17.32758598 13.63441903 3.40000000
 C	-14.77819063 13.67699838 3.40000000
 C	-6.13906019 13.71995665 3.40000000
 C	34.60580527 13.72048162 3.40000000
 C	43.24491145 13.76338786 3.40000000
 C	11.13902915 13.80585817 3.40000000
 C	19.77815959 13.84881644 3.40000000
 C	-12.32750266 13.89140579 3.40000000
 C	-3.68837222 13.93436406 3.40000000
 C	37.05649324 13.93488903 3.40000000
 C	45.69554224 13.97779028 3.40000000
 C	13.58971712 14.02026558 3.40000000
 C	22.22884756 14.06322385 3.40000000
 C	-9.87681469 14.10581321 3.40000000
 C	-1.23785579 14.14875647 3.40000000
 C	39.50700967 14.14928144 3.40000000
 C	48.14611585 14.19218769 3.40000000
 C	16.04040509 14.23467300 3.40000000
 C	24.67953553 14.27763127 3.40000000
 C	-7.42629826 14.32020561 3.40000000
 C	1.21283218 14.36316388 3.40000000
 C	41.95769764 14.36368885 3.40000000
 C	50.59680382 14.40659510 3.40000000
 C	18.49109306 14.44908041 3.40000000
 C	27.13005195 14.49202367 3.40000000
 C	-4.97561029 14.53461303 3.40000000
 C	3.66346296 14.57756630 3.40000000
 C	44.40838561 14.57809627 3.40000000
 C	-19.80318320 14.66310392 3.40000000
 C	20.94160948 14.66347282 3.40000000
 C	29.58073992 14.70643109 3.40000000
 C	-2.52509387 14.74900544 3.40000000
 C	6.11403657 14.79196371 3.40000000
 C	46.85907358 14.79250368 3.40000000
 C	-17.35249523 14.87751133 3.40000000
 C	23.39229745 14.87788024 3.40000000
 C	32.03137071 14.92083350 3.40000000
 C	-0.07440590 14.96341285 3.40000000
 C	8.56472454 15.00637112 3.40000000
 C	49.30959000 15.00689609 3.40000000
 C	-14.90197881 15.09190374 3.40000000
 C	25.84281388 15.09227264 3.40000000
 C	34.48194432 15.13523091 3.40000000
 C	2.37628207 15.17782027 3.40000000
 C	11.01541251 15.22077854 3.40000000
 C	-21.09049405 15.26319682 3.40000000
 C	-12.45129084 15.30631115 3.40000000
 C	28.29350185 15.30668006 3.40000000
 C	36.93263229 15.34963833 3.40000000
 C	4.82697004 15.39222768 3.40000000
 C	13.46592894 15.43517094 3.40000000
 C	-18.63980608 15.47760423 3.40000000
 C	-10.00066005 15.52071357 3.40000000
 C	30.74418982 15.52108747 3.40000000
 C	39.38332026 15.56404574 3.40000000
 C	7.27748647 15.60662009 3.40000000
 C	15.91661691 15.64957836 3.40000000
 C	-16.18928966 15.69199664 3.40000000
 C	-7.55008644 15.73511098 3.40000000
 C	33.19487779 15.73549489 3.40000000
 C	41.83383668 15.77843815 3.40000000
 C	9.72817444 15.82102750 3.40000000
 C	18.36724770 15.86398077 3.40000000
 C	-13.73860169 15.90640406 3.40000000
 C	-5.09939847 15.94951839 3.40000000
 C	35.64539421 15.94988729 3.40000000
 C	44.28452465 15.99284556 3.40000000
 C	12.17869086 16.03541991 3.40000000
 C	20.81782130 16.07837818 3.40000000
 C	-11.28791372 16.12081147 3.40000000
 C	-2.64871050 16.16392581 3.40000000
 C	38.09608218 16.16429471 3.40000000
 C	46.73515544 16.20724798 3.40000000
 C	14.62937883 16.24982733 3.40000000
 C	23.26850927 16.29278560 3.40000000
 C	-8.83722575 16.33521889 3.40000000
 C	-0.19819408 16.37831821 3.40000000
 C	40.54659861 16.37868712 3.40000000
 C	49.18572905 16.42164539 3.40000000
 C	17.08006680 16.46423474 3.40000000
 C	25.71919724 16.50719301 3.40000000
 C	-6.38670932 16.54961129 3.40000000
 C	2.25249389 16.59272563 3.40000000
 C	42.99728658 16.59309453 3.40000000
 C	51.63641702 16.63605280 3.40000000
 C	19.53075477 16.67864216 3.40000000
 C	28.16971367 16.72158542 3.40000000
 C	-3.93602135 16.76401871 3.40000000
 C	4.70312468 16.80712804 3.40000000
 C	45.44797455 16.80750195 3.40000000
 C	-18.76359426 16.89250959 3.40000000
 C	21.98127120 16.89303456 3.40000000
 C	30.62040164 16.93599283 3.40000000
 C	-1.48550493 16.97841112 3.40000000
 C	7.15369829 17.02152545 3.40000000
 C	47.89866252 17.02190936 3.40000000
 C	-16.31290629 17.10691701 3.40000000
 C	24.43195917 17.10744198 3.40000000
 C	33.07103243 17.15039525 3.40000000
 C	0.96518304 17.19281853 3.40000000
 C	9.60438626 17.23593287 3.40000000
 C	50.34917894 17.23630177 3.40000000
 C	-13.86238987 17.32130942 3.40000000
 C	26.88247559 17.32183439 3.40000000
 C	35.52160603 17.36479266 3.40000000
 C	3.41587101 17.40722595 3.40000000
 C	12.05507423 17.45034028 3.40000000
 C	-20.05083234 17.49275857 3.40000000
 C	-11.41170190 17.53571683 3.40000000
 C	29.33316356 17.53624180 3.40000000
 C	37.97229400 17.57920007 3.40000000
 C	5.86655898 17.62163336 3.40000000
 C	14.50559065 17.66473269 3.40000000
 C	-17.60014437 17.70716599 3.40000000
 C	-8.96107111 17.75011924 3.40000000
 C	31.78385153 17.75064922 3.40000000
 C	40.42298197 17.79360749 3.40000000
 C	8.31707541 17.83602577 3.40000000
 C	16.95627862 17.87914010 3.40000000
 C	-15.14962794 17.92155839 3.40000000
 C	-6.51049750 17.96451665 3.40000000
 C	34.23453950 17.96505663 3.40000000
 C	42.87349840 18.00799989 3.40000000
 C	10.76776338 18.05043318 3.40000000
 C	19.40690941 18.09354252 3.40000000
 C	-12.69893997 18.13596581 3.40000000
 C	-4.05980953 18.17892407 3.40000000
 C	36.68505593 18.17944904 3.40000000
 C	45.32418637 18.22240731 3.40000000
 C	13.21827980 18.26482559 3.40000000
 C	21.85748302 18.30793993 3.40000000
 C	-10.24825200 18.35037323 3.40000000
 C	-1.60912156 18.39333148 3.40000000
 C	39.13574390 18.39385645 3.40000000
 C	47.77481716 18.43680972 3.40000000
 C	15.66896778 18.47923301 3.40000000
 C	24.30817099 18.52234734 3.40000000
 C	-7.79756403 18.56478064 3.40000000
 C	0.84139486 18.60772389 3.40000000
 C	41.58626033 18.60824886 3.40000000
 C	50.22539076 18.65120713 3.40000000
 C	18.11965575 18.69364042 3.40000000
 C	26.75885896 18.73675476 3.40000000
 C	-5.34704761 18.77917305 3.40000000
 C	3.29208283 18.82213131 3.40000000
 C	44.03694830 18.82265628 3.40000000
 C	52.67607873 18.86561455 3.40000000
 C	20.57034372 18.90804784 3.40000000
 C	29.20937538 18.95114716 3.40000000
 C	-2.89635964 18.99358046 3.40000000
 C	5.74271362 19.03653372 3.40000000
 C	46.48763627 19.03706369 3.40000000
 C	-17.72393254 19.12207134 3.40000000
 C	23.02086014 19.12244024 3.40000000
 C	31.66006336 19.16555458 3.40000000
 C	-0.44584321 19.20797287 3.40000000
 C	8.19328723 19.25093113 3.40000000
 C	48.93832424 19.25147111 3.40000000
 C	-15.27324457 19.33647875 3.40000000
 C	25.47154811 19.33684766 3.40000000
 C	34.11069414 19.37995699 3.40000000
 C	2.00484476 19.42238028 3.40000000
 C	10.64397520 19.46533854 3.40000000
 C	51.38884066 19.46586351 3.40000000
 C	-12.82272815 19.55087116 3.40000000
 C	27.92206454 19.55124006 3.40000000
 C	36.56126775 19.59435440 3.40000000
 C	4.45553273 19.63678770 3.40000000
 C	13.09466317 19.67974596 3.40000000
 C	-19.01117062 19.72232032 3.40000000
 C	-10.37204018 19.76527858 3.40000000
 C	30.37275251 19.76564748 3.40000000
 C	39.01195572 19.80876182 3.40000000
 C	6.90622070 19.85119512 3.40000000
 C	15.54517960 19.89413837 3.40000000
 C	-16.56048265 19.93672773 3.40000000
 C	-7.92140939 19.97968099 3.40000000
 C	32.82344048 19.98005490 3.40000000
 C	41.46264369 20.02316923 3.40000000
 C	9.35673713 20.06558752 3.40000000
 C	17.99586757 20.10854578 3.40000000
 C	-14.10996622 20.15112014 3.40000000
 C	-5.47083578 20.19407840 3.40000000
 C	35.27412845 20.19446231 3.40000000
 C	43.91316012 20.23756164 3.40000000
 C	11.80742510 20.27999494 3.40000000
 C	20.44649835 20.32294819 3.40000000
 C	-11.65927825 20.36552755 3.40000000
 C	-3.02014781 20.40848581 3.40000000
 C	37.72464487 20.40885472 3.40000000
 C	46.36384809 20.45196905 3.40000000
 C	14.25794152 20.49438734 3.40000000
 C	22.89707196 20.53734560 3.40000000
 C	-9.20859028 20.57993497 3.40000000
 C	-0.56945984 20.62289323 3.40000000
 C	40.17533284 20.62326213 3.40000000
 C	48.81447887 20.66637147 3.40000000
 C	16.70862949 20.70879476 3.40000000
 C	25.34775993 20.75175302 3.40000000
 C	-6.75790231 20.79434239 3.40000000
 C	1.88105658 20.83728564 3.40000000
 C	42.62584927 20.83765454 3.40000000
 C	51.26505248 20.88076888 3.40000000
 C	19.15931746 20.92320218 3.40000000
 C	27.79844790 20.96616043 3.40000000
 C	-4.30738589 21.00873479 3.40000000
 C	4.33174455 21.05169305 3.40000000
 C	45.07653724 21.05206195 3.40000000
 C	53.71574045 21.09517629 3.40000000
 C	21.61000543 21.13760959 3.40000000
 C	30.24896433 21.18055284 3.40000000
 C	-1.85669792 21.22314221 3.40000000
 C	6.78237534 21.26609546 3.40000000
 C	47.52722521 21.26646937 3.40000000
 C	-16.68429509 21.35158107 3.40000000
 C	24.06052186 21.35200200 3.40000000
 C	32.69965230 21.39496026 3.40000000
 C	0.59381851 21.43753461 3.40000000
 C	9.23294895 21.48049287 3.40000000
 C	49.97791318 21.48087679 3.40000000
 C	-14.23360712 21.56598849 3.40000000
 C	26.51120983 21.56640941 3.40000000
 C	35.15028309 21.60936267 3.40000000
 C	3.04450648 21.65194203 3.40000000
 C	11.68363692 21.69490029 3.40000000
 C	52.42842960 21.69526919 3.40000000
 C	-11.78309069 21.78038089 3.40000000
 C	28.96172625 21.78080182 3.40000000
 C	37.60085669 21.82376008 3.40000000
 C	5.49519445 21.86634944 3.40000000
 C	14.13432489 21.90930770 3.40000000
 C	-17.97150890 21.95188206 3.40000000
 C	-9.33240272 21.99478831 3.40000000
 C	31.41241422 21.99520923 3.40000000
 C	40.05154466 22.03816749 3.40000000
 C	7.94588242 22.08075686 3.40000000
 C	16.58484131 22.12370011 3.40000000
 C	-15.52082093 22.16628948 3.40000000
 C	-6.88177193 22.20919072 3.40000000
 C	33.86310219 22.20961665 3.40000000
 C	42.50223263 22.25257491 3.40000000
 C	10.39639884 22.29514927 3.40000000
 C	19.03552928 22.33810753 3.40000000
 C	-13.07030451 22.38068188 3.40000000
 C	-4.43119833 22.42358813 3.40000000
 C	36.31379016 22.42402407 3.40000000
 C	44.95274906 22.46696732 3.40000000
 C	12.84708681 22.50955668 3.40000000
 C	21.48616007 22.55250994 3.40000000
 C	-10.61961654 22.59508930 3.40000000
 C	-1.98051036 22.63799555 3.40000000
 C	38.76430659 22.63841647 3.40000000
 C	47.40343703 22.68137473 3.40000000
 C	15.29760324 22.72394909 3.40000000
 C	23.93673368 22.76690735 3.40000000
 C	-8.16892857 22.80949671 3.40000000
 C	0.47017761 22.85240296 3.40000000
 C	41.21499456 22.85282389 3.40000000
 C	49.85406782 22.89577714 3.40000000
 C	17.74829121 22.93835650 3.40000000
 C	26.38742165 22.98131476 3.40000000
 C	-5.71824060 23.02390413 3.40000000
 C	2.92069404 23.06679537 3.40000000
 C	43.66551098 23.06721629 3.40000000
 C	52.30464142 23.11017455 3.40000000
 C	20.19897918 23.15276392 3.40000000
 C	28.83810962 23.19572218 3.40000000
 C	-3.26772417 23.23829654 3.40000000
 C	5.37138201 23.28120278 3.40000000
 C	46.11619895 23.28162371 3.40000000
 C	54.75532939 23.32458197 3.40000000
 C	22.64966715 23.36717133 3.40000000
 C	31.28862604 23.41011459 3.40000000
 C	-0.81703620 23.45270395 3.40000000
 C	7.82201280 23.49560520 3.40000000
 C	48.56688692 23.49603112 3.40000000
 C	-15.64468189 23.58103877 3.40000000
 C	25.10018357 23.58156374 3.40000000
 C	33.73931401 23.62452200 3.40000000
 C	1.63348022 23.66709636 3.40000000
 C	10.27258640 23.71000261 3.40000000
 C	51.01757489 23.71043854 3.40000000
 C	-13.19399392 23.79544619 3.40000000
 C	27.55087154 23.79597116 3.40000000
 C	36.18994480 23.83892441 3.40000000
 C	4.08416819 23.88150377 3.40000000
 C	12.72327438 23.92441002 3.40000000
 C	53.46809132 23.92483095 3.40000000
 C	-10.74347749 24.00983859 3.40000000
 C	30.00138797 24.01036356 3.40000000
 C	38.64051841 24.05332182 3.40000000
 C	6.53485616 24.09591119 3.40000000
 C	15.17396235 24.13881744 3.40000000
 C	-16.93191996 24.18128774 3.40000000
 C	-8.29278952 24.22424601 3.40000000
 C	32.45207594 24.22477098 3.40000000
 C	41.09120638 24.26772924 3.40000000
 C	8.98554413 24.31031860 3.40000000
 C	17.62447877 24.35320984 3.40000000
 C	-14.48123199 24.39569516 3.40000000
 C	-5.84215873 24.43864842 3.40000000
 C	34.90276391 24.43917839 3.40000000
 C	43.54189435 24.48213665 3.40000000
 C	11.43606056 24.52471101 3.40000000
 C	20.07516674 24.56761726 3.40000000
 C	-12.03071557 24.61008756 3.40000000
 C	-3.39158513 24.65304583 3.40000000
 C	37.35345188 24.65358581 3.40000000
 C	45.99241077 24.69652906 3.40000000
 C	13.88674853 24.73911843 3.40000000
 C	22.52579753 24.78201967 3.40000000
 C	-9.58002760 24.82449498 3.40000000
 C	-0.94089716 24.86745325 3.40000000
 C	39.80396830 24.86797822 3.40000000
 C	48.44309874 24.91093648 3.40000000
 C	16.33726495 24.95351083 3.40000000
 C	24.97637114 24.99641708 3.40000000
 C	-7.12933963 25.03890239 3.40000000
 C	1.50979081 25.08186066 3.40000000
 C	42.25465627 25.08238563 3.40000000
 C	50.89372953 25.12533889 3.40000000
 C	18.78795292 25.16791825 3.40000000
 C	27.42705911 25.21082450 3.40000000
 C	-4.67865166 25.25330981 3.40000000
 C	3.96030724 25.29625307 3.40000000
 C	44.70517270 25.29677804 3.40000000
 C	53.34430314 25.33973630 3.40000000
 C	21.23864089 25.38232566 3.40000000
 C	29.87774708 25.42523191 3.40000000
 C	-2.22813523 25.46770221 3.40000000
 C	6.41099521 25.51066048 3.40000000
 C	47.15586067 25.51118545 3.40000000
 C	55.79499111 25.55414371 3.40000000
 C	23.68932886 25.59673308 3.40000000
 C	32.32826350 25.63962432 3.40000000
 C	0.22255274 25.68210963 3.40000000
 C	8.86162600 25.72506290 3.40000000
 C	49.60654864 25.72559287 3.40000000
 C	-14.60502017 25.81060052 3.40000000
 C	26.13984529 25.81112549 3.40000000
 C	34.77895147 25.85403173 3.40000000
 C	2.67306917 25.89650204 3.40000000
 C	11.31219961 25.93946031 3.40000000
 C	52.05723661 25.94000028 3.40000000
 C	-12.15433220 26.02500793 3.40000000
 C	28.59053326 26.02553290 3.40000000
 C	37.22958226 26.06843415 3.40000000
 C	5.12375714 26.11090945 3.40000000
 C	13.76288758 26.15386772 3.40000000
 C	54.50775304 26.15439269 3.40000000
 C	-9.70381577 26.23940034 3.40000000
 C	31.04104969 26.23992531 3.40000000
 C	39.68015587 26.28283156 3.40000000
 C	7.57444511 26.32531687 3.40000000
 C	16.21357555 26.36827514 3.40000000
 C	-15.89225824 26.41084948 3.40000000
 C	-7.25312780 26.45380775 3.40000000
 C	33.49173766 26.45433272 3.40000000
 C	42.13084384 26.49723897 3.40000000
 C	10.02513308 26.53972428 3.40000000
 C	18.66409197 26.58266754 3.40000000
 C	-13.44157027 26.62525690 3.40000000
 C	-4.80249702 26.66821017 3.40000000
 C	35.94242563 26.66874014 3.40000000
 C	44.58153181 26.71164639 3.40000000
 C	12.47564950 26.75411669 3.40000000
 C	21.11477994 26.79707496 3.40000000
 C	-10.99105385 26.83964931 3.40000000
 C	-2.35192341 26.88260758 3.40000000
 C	38.39311360 26.88314755 3.40000000
 C	47.03204823 26.92603879 3.40000000
 C	14.92633747 26.96852411 3.40000000
 C	23.56541073 27.01147737 3.40000000
 C	-8.54036588 27.05405672 3.40000000
 C	0.09876456 27.09701499 3.40000000
 C	40.84363002 27.09753996 3.40000000
 C	49.48273620 27.14044621 3.40000000
 C	17.37685390 27.18291651 3.40000000
 C	26.01598434 27.22587478 3.40000000
 C	-6.08967791 27.26846414 3.40000000
 C	2.54945253 27.31142241 3.40000000
 C	43.29431799 27.31194738 3.40000000
 C	51.93336699 27.35484862 3.40000000
 C	19.82754187 27.39732393 3.40000000
 C	28.46667231 27.44028220 3.40000000
 C	-3.63898994 27.48287155 3.40000000
 C	4.99996896 27.52581481 3.40000000
 C	45.74483442 27.52633978 3.40000000
 C	54.38394060 27.56924603 3.40000000
 C	22.27822984 27.61173134 3.40000000
 C	30.91736028 27.65468961 3.40000000
 C	-1.18847351 27.69726396 3.40000000
 C	7.45065693 27.74022223 3.40000000
 C	48.19552239 27.74074720 3.40000000
 C	56.83462857 27.78365345 3.40000000
 C	24.72891781 27.82613876 3.40000000
 C	33.36787670 27.86908202 3.40000000
 C	1.26221446 27.91167137 3.40000000
 C	9.90128772 27.95462464 3.40000000
 C	50.64621036 27.95515461 3.40000000
 C	-13.56535845 28.04016226 3.40000000
 C	27.17943423 28.04053116 3.40000000
 C	35.81856467 28.08348943 3.40000000
 C	3.71273088 28.12606378 3.40000000
 C	12.35186132 28.16902205 3.40000000
 C	53.09689833 28.16956203 3.40000000
 C	-11.11467048 28.25456968 3.40000000
 C	29.63012220 28.25493858 3.40000000
 C	38.26919546 28.29789185 3.40000000
 C	6.16341885 28.34047120 3.40000000
 C	14.80254929 28.38342947 3.40000000
 C	55.54741475 28.38395444 3.40000000
 C	-8.66415406 28.46896208 3.40000000
 C	32.08063863 28.46933099 3.40000000
 C	40.71976907 28.51228926 3.40000000
 C	8.61410682 28.55487861 3.40000000
 C	17.25323726 28.59783688 3.40000000
 C	-14.85266930 28.64025516 3.40000000
 C	-6.21346609 28.68336950 3.40000000
 C	34.53132660 28.68373840 3.40000000
 C	43.17045704 28.72669667 3.40000000
 C	11.06479479 28.76928603 3.40000000
 C	19.70375369 28.81222929 3.40000000
 C	-12.40198133 28.85466258 3.40000000
 C	-3.76283530 28.89777191 3.40000000
 C	36.98201457 28.89814582 3.40000000
 C	45.62114501 28.94110409 3.40000000
 C	13.51531122 28.98367843 3.40000000
 C	22.15444166 29.02663670 3.40000000
 C	-9.95146491 29.06905499 3.40000000
 C	-1.31226169 29.11216932 3.40000000
 C	39.43270254 29.11255323 3.40000000
 C	48.07166143 29.15549649 3.40000000
 C	15.96599919 29.19808585 3.40000000
 C	24.60507245 29.24103912 3.40000000
 C	-7.50077694 29.28346240 3.40000000
 C	1.13842628 29.32657674 3.40000000
 C	41.88321896 29.32694564 3.40000000
 C	50.52234940 29.36990391 3.40000000
 C	18.41651561 29.41247826 3.40000000
 C	27.05564605 29.45543653 3.40000000
 C	-5.05008897 29.49786982 3.40000000
 C	3.58911425 29.54098415 3.40000000
 C	44.33390693 29.54135305 3.40000000
 C	52.97298019 29.58430632 3.40000000
 C	20.86720358 29.62688567 3.40000000
 C	29.50633402 29.66984394 3.40000000
 C	-2.59940100 29.71227723 3.40000000
 C	6.03963067 29.75537656 3.40000000
 C	46.78442336 29.75574546 3.40000000
 C	55.42355380 29.79870373 3.40000000
 C	23.31789155 29.84129309 3.40000000
 C	31.95702199 29.88425136 3.40000000
 C	-0.14888457 29.92666964 3.40000000
 C	8.49031864 29.96978397 3.40000000
 C	49.23511133 29.97015288 3.40000000
 C	57.87424177 30.01311115 3.40000000
 C	25.76857952 30.05570050 3.40000000
 C	34.40753842 30.09864376 3.40000000
 C	2.30180340 30.14107705 3.40000000
 C	10.94094943 30.18418639 3.40000000
 C	51.68579930 30.18456029 3.40000000
 C	-12.52576951 30.26956794 3.40000000
 C	28.21909595 30.27009291 3.40000000
 C	36.85822639 30.31305118 3.40000000
 C	4.75231982 30.35546946 3.40000000
 C	13.39152304 30.39858380 3.40000000
 C	54.13648727 30.39896771 3.40000000
 C	-10.07508154 30.48397535 3.40000000
 C	30.66978392 30.48450032 3.40000000
 C	39.30885718 30.52745359 3.40000000
 C	7.20300779 30.56987688 3.40000000
 C	15.84221101 30.61299121 3.40000000
 C	56.58700369 30.61336011 3.40000000
 C	-7.62456512 30.69836776 3.40000000
 C	33.12030034 30.69889273 3.40000000
 C	41.75943078 30.74185100 3.40000000
 C	9.65369576 30.78428429 3.40000000
 C	18.29289898 30.82739863 3.40000000
 C	-13.81300759 30.86981692 3.40000000
 C	-5.17387715 30.91277518 3.40000000
 C	35.57098831 30.91330015 3.40000000
 C	44.21011875 30.95625842 3.40000000
 C	12.10438373 30.99869171 3.40000000
 C	20.74341540 31.04179103 3.40000000
 C	-11.36231962 31.08422433 3.40000000
 C	-2.72324636 31.12717759 3.40000000
 C	38.02167628 31.12770756 3.40000000
 C	46.66080672 31.17066583 3.40000000
 C	14.55490016 31.21308411 3.40000000
 C	23.19410337 31.25619845 3.40000000
 C	-8.91180319 31.29861674 3.40000000
 C	-0.27267275 31.34157500 3.40000000
 C	40.47236425 31.34211498 3.40000000
 C	49.11132315 31.38505824 3.40000000
 C	17.00558813 31.42749153 3.40000000
 C	25.64473416 31.47060086 3.40000000
 C	-6.46111522 31.51302415 3.40000000
 C	2.17801522 31.55598241 3.40000000
 C	42.92288068 31.55650738 3.40000000
 C	51.56201112 31.59946565 3.40000000
 C	19.45610456 31.64188393 3.40000000
 C	28.09530777 31.68499827 3.40000000
 C	-4.01042725 31.72743157 3.40000000
 C	4.62870319 31.77038983 3.40000000
 C	45.37356865 31.77091480 3.40000000
 C	54.01264191 31.81386807 3.40000000
 C	21.90679253 31.85629135 3.40000000
 C	30.54599574 31.89940569 3.40000000
 C	-1.55973928 31.94183899 3.40000000
 C	7.07921962 31.98478224 3.40000000
 C	47.82408508 31.98530721 3.40000000
 C	56.46321552 32.02826548 3.40000000
 C	24.35748050 32.07069877 3.40000000
 C	32.99668371 32.11381310 3.40000000
 C	0.89077715 32.15623139 3.40000000
 C	9.52990759 32.19918965 3.40000000
 C	50.27477305 32.19971462 3.40000000
 C	58.91390349 32.24267289 3.40000000
 C	26.80816847 32.28510618 3.40000000
 C	35.44720014 32.32820551 3.40000000
 C	3.34146512 32.37063881 3.40000000
 C	11.98053837 32.41359206 3.40000000
 C	52.72546102 32.41412204 3.40000000
 C	-11.48610779 32.49912968 3.40000000
 C	29.25868489 32.49949859 3.40000000
 C	37.89788811 32.54261292 3.40000000
 C	5.79198154 32.58503121 3.40000000
 C	14.43111198 32.62798947 3.40000000
 C	55.17614899 32.62852945 3.40000000
 C	-9.03541982 32.71353710 3.40000000
 C	31.70937286 32.71390600 3.40000000
 C	40.34851889 32.75701534 3.40000000
 C	8.24266951 32.79943863 3.40000000
 C	16.88179995 32.84239689 3.40000000
 C	57.62666541 32.84292186 3.40000000
 C	-6.58490340 32.92792951 3.40000000
 C	34.15988929 32.92829841 3.40000000
 C	42.79909250 32.97141275 3.40000000
 C	10.69335748 33.01384605 3.40000000
 C	19.33248792 33.05680430 3.40000000
 C	-12.77334587 33.09937866 3.40000000
 C	-4.13421543 33.14233692 3.40000000
 C	36.61057726 33.14270582 3.40000000
 C	45.24978047 33.18582016 3.40000000
 C	13.14404545 33.22825346 3.40000000
 C	21.78300435 33.27119671 3.40000000
 C	-10.32265790 33.31378608 3.40000000
 C	-1.68358464 33.35673933 3.40000000
 C	39.06126523 33.35711324 3.40000000
 C	47.70046844 33.40022758 3.40000000
 C	15.59456188 33.44264587 3.40000000
 C	24.23369232 33.48560413 3.40000000
 C	-7.87214147 33.52817848 3.40000000
 C	0.76698897 33.57113674 3.40000000
 C	41.51195320 33.57152066 3.40000000
 C	50.15098487 33.61461998 3.40000000
 C	18.04524985 33.65705328 3.40000000
 C	26.68432311 33.70000654 3.40000000
 C	-5.42145350 33.74258590 3.40000000
 C	3.21767694 33.78554416 3.40000000
 C	43.96246962 33.78591306 3.40000000
 C	52.60167284 33.82902740 3.40000000
 C	20.49576627 33.87144569 3.40000000
 C	29.13489671 33.91440395 3.40000000
 C	-2.97076553 33.95699331 3.40000000
 C	5.66836491 33.99995157 3.40000000
 C	46.41315759 34.00032048 3.40000000
 C	55.05230363 34.04342981 3.40000000
 C	22.94645424 34.08585310 3.40000000
 C	31.58558468 34.12881136 3.40000000
 C	-0.52007756 34.17140073 3.40000000
 C	8.11888133 34.21434398 3.40000000
 C	48.86367402 34.21471288 3.40000000
 C	57.50287723 34.25782722 3.40000000
 C	25.39714221 34.30026052 3.40000000
 C	34.03627265 34.34321878 3.40000000
 C	1.93043886 34.38579314 3.40000000
 C	10.56956930 34.42875140 3.40000000
 C	51.31436199 34.42912030 3.40000000
 C	59.95356520 34.47223464 3.40000000
 C	27.84783018 34.51466794 3.40000000
 C	36.48678908 34.55761119 3.40000000
 C	4.38112683 34.60020055 3.40000000
 C	13.02020009 34.64315381 3.40000000
 C	53.76504996 34.64352772 3.40000000
 C	-10.44647034 34.72863942 3.40000000
 C	30.29834661 34.72906034 3.40000000
 C	38.93747705 34.77201860 3.40000000
 C	6.83164326 34.81459296 3.40000000
 C	15.47077370 34.85755122 3.40000000
 C	56.21573793 34.85793513 3.40000000
 C	-7.99578237 34.94304683 3.40000000
 C	32.74903458 34.94346776 3.40000000
 C	41.38810784 34.98642101 3.40000000
 C	9.28233123 35.02900037 3.40000000
 C	17.92146167 35.07195863 3.40000000
 C	58.66625435 35.07232754 3.40000000
 C	-5.54526594 35.15743924 3.40000000
 C	35.19955100 35.15786016 3.40000000
 C	43.83868144 35.20081842 3.40000000
 C	11.73301920 35.24340779 3.40000000
 C	20.37214964 35.28636605 3.40000000
 C	-11.73368415 35.32894041 3.40000000
 C	-3.09457797 35.37184665 3.40000000
 C	37.65023897 35.37226758 3.40000000
 C	46.28936941 35.41522584 3.40000000
 C	14.18370717 35.45781520 3.40000000
 C	22.82266606 35.50075846 3.40000000
 C	-9.28299618 35.54334782 3.40000000
 C	-0.64394718 35.58624907 3.40000000
 C	40.10092694 35.58667499 3.40000000
 C	48.74005738 35.62963325 3.40000000
 C	16.63422359 35.67220761 3.40000000
 C	25.27335403 35.71516587 3.40000000
 C	-6.83247976 35.75774023 3.40000000
 C	1.80662642 35.80064648 3.40000000
 C	42.55161491 35.80108241 3.40000000
 C	51.19057381 35.84402566 3.40000000
 C	19.08491156 35.88661503 3.40000000
 C	27.72398482 35.92956828 3.40000000
 C	-4.38179179 35.97214764 3.40000000
 C	4.25731439 36.01505389 3.40000000
 C	45.00213134 36.01547482 3.40000000
 C	53.64126178 36.05843308 3.40000000
 C	21.53542799 36.10100743 3.40000000
 C	30.17455843 36.14396569 3.40000000
 C	-1.93110382 36.18655506 3.40000000
 C	6.70800236 36.22946131 3.40000000
 C	47.45281931 36.22988223 3.40000000
 C	56.09189257 36.27283549 3.40000000
 C	23.98611596 36.31541485 3.40000000
 C	32.62524640 36.35837311 3.40000000
 C	0.51958415 36.40096247 3.40000000
 C	9.15851879 36.44385371 3.40000000
 C	49.90333573 36.44427464 3.40000000
 C	58.54246617 36.48723290 3.40000000
 C	26.43680393 36.52982226 3.40000000
 C	35.07593437 36.57278052 3.40000000
 C	2.97010058 36.61535488 3.40000000
 C	11.60920676 36.65826113 3.40000000
 C	52.35402370 36.65868205 3.40000000
 C	60.99315414 36.70164031 3.40000000
 C	28.88749190 36.74422968 3.40000000
 C	37.52645079 36.78717293 3.40000000
 C	5.42078855 36.82976230 3.40000000
 C	14.05983755 36.87266354 3.40000000
 C	54.80471167 36.87308947 3.40000000
 C	-9.40685714 36.95809712 3.40000000
 C	31.33800832 36.95862209 3.40000000
 C	39.97713876 37.00158035 3.40000000
 C	7.87130497 37.04415470 3.40000000
 C	16.51041116 37.08706095 3.40000000
 C	57.25539964 37.08749688 3.40000000
 C	-6.95616917 37.17250453 3.40000000
 C	33.78869629 37.17302950 3.40000000
 C	42.42776955 37.21598276 3.40000000
 C	10.32199294 37.25856212 3.40000000
 C	18.96109913 37.30146837 3.40000000
 C	59.70591607 37.30188929 3.40000000
 C	-4.50565274 37.38689694 3.40000000
 C	36.23921272 37.38742191 3.40000000
 C	44.87834316 37.43038017 3.40000000
 C	12.77268091 37.47296953 3.40000000
 C	21.41178710 37.51587578 3.40000000
 C	-10.69409521 37.55834608 3.40000000
 C	-2.05496477 37.60130435 3.40000000
 C	38.68990069 37.60182932 3.40000000
 C	47.32903113 37.64478758 3.40000000
 C	15.22336888 37.68737695 3.40000000
 C	23.86230352 37.73026819 3.40000000
 C	-8.24340724 37.77275350 3.40000000
 C	0.39566602 37.81570677 3.40000000
 C	41.14058866 37.81623674 3.40000000
 C	49.77971910 37.85919500 3.40000000
 C	17.67388531 37.90176936 3.40000000
 C	26.31299149 37.94467560 3.40000000
 C	-5.79289081 37.98714591 3.40000000
 C	2.84623962 38.03010418 3.40000000
 C	43.59127663 38.03064415 3.40000000
 C	52.23023553 38.07358741 3.40000000
 C	20.12457328 38.11617677 3.40000000
 C	28.76362228 38.15907802 3.40000000
 C	-3.34220284 38.20155332 3.40000000
 C	5.29692759 38.24451159 3.40000000
 C	46.04179306 38.24503656 3.40000000
 C	54.68092350 38.28799482 3.40000000
 C	22.57508971 38.33056918 3.40000000
 C	31.21419589 38.37347543 3.40000000
 C	-0.89151487 38.41596074 3.40000000
 C	7.74761556 38.45891901 3.40000000
 C	48.49248103 38.45944398 3.40000000
 C	57.13155428 38.50239723 3.40000000
 C	25.02577768 38.54497659 3.40000000
 C	33.66488386 38.58788284 3.40000000
 C	1.55917310 38.63036815 3.40000000
 C	10.19813199 38.67331141 3.40000000
 C	50.94299745 38.67383638 3.40000000
 C	59.58212789 38.71679464 3.40000000
 C	27.47646565 38.75938401 3.40000000
 C	36.11557183 38.80229026 3.40000000
 C	4.00968952 38.84476056 3.40000000
 C	12.64881996 38.88771883 3.40000000
 C	53.39368542 38.88824380 3.40000000
 C	62.03281586 38.93120206 3.40000000
 C	29.92715362 38.97379142 3.40000000
 C	38.56608825 39.01668266 3.40000000
 C	6.46037749 39.05916798 3.40000000
 C	15.09945075 39.10212124 3.40000000
 C	55.84437339 39.10265121 3.40000000
 C	-8.36719542 39.18765886 3.40000000
 C	32.37767004 39.18818383 3.40000000
 C	41.01677622 39.23109008 3.40000000
 C	8.91089392 39.27356038 3.40000000
 C	17.55002436 39.31651865 3.40000000
 C	58.29506136 39.31705863 3.40000000
 C	-5.91650745 39.40206628 3.40000000
 C	34.82835801 39.40259125 3.40000000
 C	43.46740701 39.44549249 3.40000000
 C	11.36158189 39.48796780 3.40000000
 C	20.00071233 39.53092607 3.40000000
 C	60.74557779 39.53145104 3.40000000
 C	-3.46599102 39.61645868 3.40000000
 C	37.27887444 39.61698365 3.40000000
 C	45.91798062 39.65988990 3.40000000
 C	13.81226986 39.70237521 3.40000000
 C	22.45140030 39.74533348 3.40000000
 C	-1.01530305 39.83086610 3.40000000
 C	39.72956241 39.83139107 3.40000000
 C	48.36866859 39.87429732 3.40000000
 C	16.26295783 39.91678263 3.40000000
 C	24.90191672 39.95972589 3.40000000
 C	1.43532773 40.04526851 3.40000000
 C	42.18025038 40.04579848 3.40000000
 C	50.81935656 40.08870473 3.40000000
 C	18.71347425 40.13117503 3.40000000
 C	27.35260469 40.17413330 3.40000000
 C	3.88590134 40.25966592 3.40000000
 C	44.63093835 40.26020590 3.40000000
 C	53.26987298 40.30309714 3.40000000
 C	21.16416222 40.34558245 3.40000000
 C	29.80323548 40.38853572 3.40000000
 C	6.33658931 40.47407334 3.40000000
 C	47.08145477 40.47459831 3.40000000
 C	55.72056095 40.51750455 3.40000000
 C	23.61467865 40.55997486 3.40000000
 C	32.25380909 40.60293313 3.40000000
 C	8.78727728 40.68848075 3.40000000
 C	49.53214274 40.68900572 3.40000000
 C	58.17119174 40.73190697 3.40000000
 C	26.06536662 40.77438227 3.40000000
 C	34.70449706 40.81734054 3.40000000
 C	11.23779371 40.90287316 3.40000000
 C	51.98265917 40.90339813 3.40000000
 C	60.62176535 40.94630438 3.40000000
 C	28.51605459 40.98878969 3.40000000
 C	37.15518503 41.03174796 3.40000000
 C	13.68848168 41.11728057 3.40000000
 C	54.43334714 41.11780554 3.40000000
 C	63.07245332 41.16071179 3.40000000
 C	30.96674256 41.20319710 3.40000000
 C	39.60570145 41.24614036 3.40000000
 C	16.13911247 41.33168299 3.40000000
 C	56.88403511 41.33221296 3.40000000
 C	33.41725898 41.41758951 3.40000000
 C	42.05638942 41.46054778 3.40000000
 C	18.58968607 41.54608040 3.40000000
 C	59.33472308 41.54662037 3.40000000
 C	35.86794695 41.63199692 3.40000000
 C	44.50702021 41.67495019 3.40000000
 C	21.04037404 41.76048781 3.40000000
 C	61.78523950 41.76101278 3.40000000
 C	38.31846338 41.84638933 3.40000000
 C	46.95759382 41.88934760 3.40000000
 C	23.49106201 41.97489523 3.40000000
 C	40.76915135 42.06079675 3.40000000
 C	49.40828179 42.10375502 3.40000000
 C	25.94157844 42.18928763 3.40000000
 C	43.21983932 42.27520416 3.40000000
 C	51.85896976 42.31816243 3.40000000
 C	28.39226641 42.40369505 3.40000000
 C	45.67052729 42.48961158 3.40000000
 C	54.30948618 42.53255484 3.40000000
 C	30.84289720 42.61809746 3.40000000
 C	48.12104371 42.70400398 3.40000000
 C	56.76017415 42.74696225 3.40000000
 C	33.29347080 42.83249487 3.40000000
 C	50.57173168 42.91841140 3.40000000
 C	59.21080494 42.96136467 3.40000000
 C	35.74415877 43.04690229 3.40000000
 C	53.02224811 43.13280381 3.40000000
 C	61.66137855 43.17576208 3.40000000
 C	38.19484674 43.26130970 3.40000000
 C	55.47293608 43.34721122 3.40000000
 C	64.11206652 43.39016949 3.40000000
 C	40.64536317 43.47570211 3.40000000
 C	57.92362405 43.56161864 3.40000000
 C	43.09605114 43.69010952 3.40000000
 C	60.37431202 43.77602605 3.40000000
 C	45.54668193 43.90451194 3.40000000
 C	62.82482844 43.99041846 3.40000000
 C	47.99725553 44.11890935 3.40000000
 C	50.44794350 44.33331676 3.40000000
 C	52.89863147 44.54772418 3.40000000
 C	55.34914790 44.76211658 3.40000000
 C	57.79983587 44.97652400 3.40000000
 C	60.25046666 45.19092641 3.40000000
 C	62.70104027 45.40532382 3.40000000
 C	65.15172824 45.61973124 3.40000000
