 C	8.25796508 -22.68857258 3.40000000
 C	-3.30016169 -26.89538669 3.40000000
 C	19.81619972 -18.48171921 3.40000000
 C	-5.61185177 -27.73677307 3.40000000
 C	22.12778193 -17.64037209 3.40000000
 C	-7.92343398 -28.57812019 3.40000000
 C	24.43947201 -16.79898571 3.40000000
 C	-10.23507012 -29.41948693 3.40000000
 C	26.75116209 -15.95759933 3.40000000
 C	-12.54676020 -30.26087331 3.40000000
 C	29.06269035 -15.11627185 3.40000000
 C	5.94638287 -23.52991970 3.40000000
 C	-14.85828846 -31.10220080 3.40000000
 C	31.37438043 -14.27488547 3.40000000
 C	10.56965516 -21.84718620 3.40000000
 C	-17.16997854 -31.94358718 3.40000000
 C	33.68601657 -13.43351872 3.40000000
 C	-19.48166862 -32.78497356 3.40000000
 C	35.99759878 -12.59217160 3.40000000
 C	-21.79325083 -33.62632067 3.40000000
 C	-24.10488697 -34.46768742 3.40000000
 C	-26.41657705 -35.30907380 3.40000000
 C	-28.72810531 -36.15040129 3.40000000
 C	3.63474673 -24.37128645 3.40000000
 C	12.88134524 -21.00579982 3.40000000
 C	1.32305665 -25.21267283 3.40000000
 C	15.19287350 -20.16447234 3.40000000
 C	-0.98847161 -26.05400031 3.40000000
 C	17.50456358 -19.32308596 3.40000000
 C	-2.38720398 -25.80736606 3.40000000
 C	18.41752130 -18.23506533 3.40000000
 C	6.85939453 -22.44187943 3.40000000
 C	9.17092279 -21.60055195 3.40000000
 C	-4.69889406 -26.64875244 3.40000000
 C	20.72921138 -17.39367895 3.40000000
 C	-7.01042232 -27.49007992 3.40000000
 C	23.04073964 -16.55235146 3.40000000
 C	-9.32211240 -28.33146630 3.40000000
 C	25.35242972 -15.71096508 3.40000000
 C	-11.63380248 -29.17285268 3.40000000
 C	27.66395799 -14.86963760 3.40000000
 C	-13.94549256 -30.01423906 3.40000000
 C	29.97564807 -14.02825122 3.40000000
 C	-16.25702083 -30.85556655 3.40000000
 C	32.28733815 -13.18686484 3.40000000
 C	-18.56871091 -31.69695293 3.40000000
 C	34.59902823 -12.34547846 3.40000000
 C	-20.88023917 -32.53828041 3.40000000
 C	36.91055649 -11.50415097 3.40000000
 C	-23.19192925 -33.37966679 3.40000000
 C	-25.50361933 -34.22105317 3.40000000
 C	4.54770445 -23.28326581 3.40000000
 C	11.48261287 -20.75916557 3.40000000
 C	-27.81530941 -35.06243955 3.40000000
 C	-30.12683768 -35.90376703 3.40000000
 C	2.23601437 -24.12465219 3.40000000
 C	13.79414114 -19.91783809 3.40000000
 C	-0.07567571 -24.96603857 3.40000000
 C	16.10583122 -19.07645171 3.40000000
 C	-2.87297863 -24.47271117 3.40000000
 C	17.93174664 -16.90041043 3.40000000
 C	6.37356594 -21.10724417 3.40000000
 C	8.68514814 -20.26589706 3.40000000
 C	-5.18466871 -25.31409755 3.40000000
 C	20.24338279 -16.05904369 3.40000000
 C	-7.49625091 -26.15544466 3.40000000
 C	22.55496499 -15.21769657 3.40000000
 C	-9.80788706 -26.99681141 3.40000000
 C	24.86665507 -14.37631019 3.40000000
 C	-12.11957714 -27.83819779 3.40000000
 C	27.17834515 -13.53492381 3.40000000
 C	-14.43110540 -28.67952527 3.40000000
 C	29.48987341 -12.69359633 3.40000000
 C	-16.74279548 -29.52091165 3.40000000
 C	31.80156349 -11.85220995 3.40000000
 C	-19.05448556 -30.36229803 3.40000000
 C	34.11319964 -11.01084320 3.40000000
 C	-21.36606776 -31.20364515 3.40000000
 C	36.42478184 -10.16949608 3.40000000
 C	-23.67770391 -32.04501190 3.40000000
 C	-25.98939399 -32.88639828 3.40000000
 C	4.06192979 -21.94861092 3.40000000
 C	10.99683822 -19.42451068 3.40000000
 C	-28.30092225 -33.72772576 3.40000000
 C	-30.61261233 -34.56911214 3.40000000
 C	1.75023971 -22.78999730 3.40000000
 C	13.30852830 -18.58312430 3.40000000
 C	-0.56128855 -23.63132479 3.40000000
 C	15.62005656 -17.74179681 3.40000000
 C	7.28654769 -20.01937349 3.40000000
 C	-4.27174090 -24.22624650 3.40000000
 C	18.84467446 -15.81255939 3.40000000
 C	-6.58326916 -25.06757398 3.40000000
 C	21.15636454 -14.97117301 3.40000000
 C	-8.89495924 -25.90896036 3.40000000
 C	23.46789280 -14.12984552 3.40000000
 C	-11.20664932 -26.75034674 3.40000000
 C	25.77958288 -13.28845914 3.40000000
 C	28.09111115 -12.44713166 3.40000000
 C	-13.51833940 -27.59173312 3.40000000
 C	4.97485761 -20.86075987 3.40000000
 C	9.59807595 -19.17804601 3.40000000
 C	-15.82986767 -28.43306061 3.40000000
 C	30.40280123 -11.60574528 3.40000000
 C	-18.14155775 -29.27444699 3.40000000
 C	32.71449131 -10.76435890 3.40000000
 C	-20.45308601 -30.11577447 3.40000000
 C	35.02618139 -9.92297252 3.40000000
 C	-22.76477609 -30.95716085 3.40000000
 C	37.33770965 -9.08164503 3.40000000
 C	-25.07646617 -31.79854723 3.40000000
 C	-27.38815625 -32.63993361 3.40000000
 C	-29.69968452 -33.48126110 3.40000000
 C	2.66316753 -21.70214625 3.40000000
 C	11.90976603 -18.33665963 3.40000000
 C	14.22129430 -17.49533215 3.40000000
 C	0.35147745 -22.54353263 3.40000000
 C	-1.96005082 -23.38486012 3.40000000
 C	16.53298438 -16.65394577 3.40000000
 C	6.80071909 -18.68473823 3.40000000
 C	-4.75751555 -22.89159161 3.40000000
 C	18.35889980 -14.47790449 3.40000000
 C	-7.06909776 -23.73293872 3.40000000
 C	20.67053594 -13.63653775 3.40000000
 C	-9.38073390 -24.57430547 3.40000000
 C	22.98211815 -12.79519063 3.40000000
 C	-11.69242398 -25.41569185 3.40000000
 C	25.29380823 -11.95380425 3.40000000
 C	-14.00395224 -26.25701934 3.40000000
 C	27.60549831 -11.11241787 3.40000000
 C	4.48908295 -19.52610498 3.40000000
 C	9.11230130 -17.84339112 3.40000000
 C	-16.31564232 -27.09840572 3.40000000
 C	29.91702657 -10.27109039 3.40000000
 C	-18.62733240 -27.93979209 3.40000000
 C	32.22871665 -9.42970401 3.40000000
 C	-20.93891461 -28.78113921 3.40000000
 C	34.54035279 -8.58833726 3.40000000
 C	-23.25055075 -29.62250596 3.40000000
 C	36.85193500 -7.74699014 3.40000000
 C	-25.56224083 -30.46389234 3.40000000
 C	-27.87376909 -31.30521982 3.40000000
 C	-30.18545917 -32.14660620 3.40000000
 C	2.17739287 -20.36749136 3.40000000
 C	11.42399138 -17.00200474 3.40000000
 C	-0.13413539 -21.20881885 3.40000000
 C	13.73568146 -16.16061836 3.40000000
 C	-2.44582547 -22.05020523 3.40000000
 C	16.04720972 -15.31929087 3.40000000
 C	-3.84455784 -21.80357097 3.40000000
 C	16.96016743 -14.23127023 3.40000000
 C	5.40204066 -18.43808434 3.40000000
 C	7.71373074 -17.59669796 3.40000000
 C	-6.15608611 -22.64489845 3.40000000
 C	19.27185751 -13.38988385 3.40000000
 C	-8.46777619 -23.48628483 3.40000000
 C	21.58354759 -12.54849747 3.40000000
 C	-10.77946627 -24.32767121 3.40000000
 C	23.89507586 -11.70716999 3.40000000
 C	-13.09115635 -25.16905759 3.40000000
 C	26.20676594 -10.86578361 3.40000000
 C	-15.40268461 -26.01038507 3.40000000
 C	28.51829420 -10.02445613 3.40000000
 C	-17.71437469 -26.85177145 3.40000000
 C	30.82998428 -9.18306975 3.40000000
 C	-20.02590296 -27.69309894 3.40000000
 C	33.14167436 -8.34168337 3.40000000
 C	-22.33759304 -28.53448532 3.40000000
 C	35.45336444 -7.50029699 3.40000000
 C	-24.64928312 -29.37587170 3.40000000
 C	37.76489271 -6.65896950 3.40000000
 C	-26.96097320 -30.21725808 3.40000000
 C	3.09035058 -19.27947072 3.40000000
 C	10.02525901 -16.75537048 3.40000000
 C	-29.27250146 -31.05858556 3.40000000
 C	0.77866050 -20.12085710 3.40000000
 C	12.33694909 -15.91398410 3.40000000
 C	-1.53286776 -20.96218459 3.40000000
 C	14.64847735 -15.07265661 3.40000000
 C	-4.33033249 -20.46891608 3.40000000
 C	16.47439278 -12.89661535 3.40000000
 C	4.91626601 -17.10342946 3.40000000
 C	7.22790216 -16.26206271 3.40000000
 C	-6.64191469 -21.31026320 3.40000000
 C	18.78608286 -12.05522897 3.40000000
 C	-8.95355084 -22.15162995 3.40000000
 C	21.09771901 -11.21386222 3.40000000
 C	-11.26524092 -22.99301633 3.40000000
 C	23.40930121 -10.37251511 3.40000000
 C	-13.57676918 -23.83434381 3.40000000
 C	25.72099129 -9.53112873 3.40000000
 C	-15.88845926 -24.67573019 3.40000000
 C	28.03268137 -8.68974235 3.40000000
 C	-18.20014934 -25.51711657 3.40000000
 C	30.34420963 -7.84841486 3.40000000
 C	-20.51173154 -26.35846369 3.40000000
 C	32.65589971 -7.00702848 3.40000000
 C	-22.82336769 -27.19983044 3.40000000
 C	34.96753586 -6.16566174 3.40000000
 C	-25.13505777 -28.04121682 3.40000000
 C	37.27911806 -5.32431462 3.40000000
 C	-27.44658603 -28.88254430 3.40000000
 C	2.60457593 -17.94481584 3.40000000
 C	9.53948436 -15.42071560 3.40000000
 C	-29.75827611 -29.72393068 3.40000000
 C	0.29304767 -18.78614332 3.40000000
 C	11.85117444 -14.57932922 3.40000000
 C	-2.01864241 -19.62752970 3.40000000
 C	14.16286452 -13.73794284 3.40000000
 C	5.82922373 -16.01540882 3.40000000
 C	-5.72890304 -20.22222293 3.40000000
 C	17.38735050 -11.80859471 3.40000000
 C	-8.04059312 -21.06360931 3.40000000
 C	19.69904058 -10.96720833 3.40000000
 C	-10.35228320 -21.90499569 3.40000000
 C	22.01073066 -10.12582195 3.40000000
 C	-12.66397328 -22.74638207 3.40000000
 C	24.32225892 -9.28449447 3.40000000
 C	-14.97550155 -23.58770955 3.40000000
 C	26.63394900 -8.44310809 3.40000000
 C	3.51753365 -16.85679520 3.40000000
 C	-17.28719163 -24.42909593 3.40000000
 C	28.94547727 -7.60178060 3.40000000
 C	8.14091381 -15.17402244 3.40000000
 C	-19.59871989 -25.27042342 3.40000000
 C	31.25716735 -6.76039422 3.40000000
 C	-21.91040997 -26.11180980 3.40000000
 C	33.56885743 -5.91900784 3.40000000
 C	-24.22210005 -26.95319618 3.40000000
 C	35.88054751 -5.07762146 3.40000000
 C	-26.53379013 -27.79458256 3.40000000
 C	38.19207577 -4.23629398 3.40000000
 C	-28.84531840 -28.63591004 3.40000000
 C	1.20584357 -17.69818158 3.40000000
 C	10.45244207 -14.33269495 3.40000000
 C	-1.10568470 -18.53950906 3.40000000
 C	12.76413215 -13.49130857 3.40000000
 C	-3.41737478 -19.38089544 3.40000000
 C	15.07566042 -12.64998109 3.40000000
 C	5.34343910 -14.68081045 3.40000000
 C	-6.21474160 -18.88764420 3.40000000
 C	16.90156587 -10.47399635 3.40000000
 C	-8.52637775 -19.72901094 3.40000000
 C	19.21325595 -9.63260997 3.40000000
 C	-10.83806783 -20.57039732 3.40000000
 C	21.52489210 -8.79124322 3.40000000
 C	-13.14959609 -21.41172481 3.40000000
 C	23.83647430 -7.94989610 3.40000000
 C	-15.46128617 -22.25311119 3.40000000
 C	26.14816438 -7.10850972 3.40000000
 C	-17.77297625 -23.09449757 3.40000000
 C	3.03174902 -15.52219683 3.40000000
 C	28.45985446 -6.26712334 3.40000000
 C	7.65507525 -13.83944371 3.40000000
 C	-20.08455845 -23.93584468 3.40000000
 C	30.77138272 -5.42579586 3.40000000
 C	-22.39619460 -24.77721143 3.40000000
 C	33.08307280 -4.58440948 3.40000000
 C	-24.70788468 -25.61859781 3.40000000
 C	35.39470895 -3.74304273 3.40000000
 C	-27.01941294 -26.45992530 3.40000000
 C	37.70629115 -2.90169561 3.40000000
 C	-29.33110302 -27.30131168 3.40000000
 C	0.72022076 -16.36352432 3.40000000
 C	9.96665745 -12.99809659 3.40000000
 C	-1.59146932 -17.20491070 3.40000000
 C	12.27834753 -12.15671021 3.40000000
 C	-3.90315940 -18.04629708 3.40000000
 C	14.59003761 -11.31532383 3.40000000
 C	-5.30171998 -17.79954740 3.40000000
 C	15.50284348 -10.22730557 3.40000000
 C	3.94471671 -14.43411968 3.40000000
 C	6.25640679 -13.59273330 3.40000000
 C	-7.61341006 -18.64093378 3.40000000
 C	17.81453356 -9.38591919 3.40000000
 C	-9.92510014 -19.48232016 3.40000000
 C	20.12622364 -8.54453281 3.40000000
 C	-12.23679022 -20.32370654 3.40000000
 C	22.43791372 -7.70314643 3.40000000
 C	-14.54831849 -21.16503403 3.40000000
 C	24.74944198 -6.86181894 3.40000000
 C	-16.86000857 -22.00642041 3.40000000
 C	27.06113206 -6.02043256 3.40000000
 C	-19.17153683 -22.84774789 3.40000000
 C	29.37266033 -5.17910508 3.40000000
 C	-21.48322691 -23.68913427 3.40000000
 C	31.68435041 -4.33771870 3.40000000
 C	-23.79491699 -24.53052065 3.40000000
 C	33.99604049 -3.49633232 3.40000000
 C	-26.10660707 -25.37190703 3.40000000
 C	36.30773057 -2.65494594 3.40000000
 C	-28.41813534 -26.21323452 3.40000000
 C	38.61925883 -1.81361846 3.40000000
 C	1.63302663 -15.27550606 3.40000000
 C	8.56809687 -12.75134692 3.40000000
 C	-0.67850164 -16.11683354 3.40000000
 C	10.87962513 -11.91001943 3.40000000
 C	-2.99019172 -16.95821992 3.40000000
 C	13.19131521 -11.06863305 3.40000000
 C	-5.78757848 -16.46508173 3.40000000
 C	15.01720074 -8.89276136 3.40000000
 C	3.45891215 -13.09963437 3.40000000
 C	5.77060223 -12.25824799 3.40000000
 C	-8.09921462 -17.30644848 3.40000000
 C	17.32872900 -8.05143388 3.40000000
 C	-10.41090470 -18.14783486 3.40000000
 C	19.64041908 -7.21004750 3.40000000
 C	-12.72243296 -18.98916234 3.40000000
 C	21.95205522 -6.36868075 3.40000000
 C	-15.03412304 -19.83054872 3.40000000
 C	24.26363743 -5.52733364 3.40000000
 C	-17.34581312 -20.67193510 3.40000000
 C	26.57532751 -4.68594726 3.40000000
 C	-19.65739533 -21.51328222 3.40000000
 C	28.88701759 -3.84456088 3.40000000
 C	-21.96903147 -22.35464896 3.40000000
 C	31.19854585 -3.00323339 3.40000000
 C	-24.28072155 -23.19603534 3.40000000
 C	33.51023593 -2.16184701 3.40000000
 C	-26.59224981 -24.03736283 3.40000000
 C	35.82187207 -1.32048026 3.40000000
 C	-28.90393989 -24.87874921 3.40000000
 C	38.13345428 -0.47913315 3.40000000
 C	1.14738389 -13.94096185 3.40000000
 C	8.08223837 -11.41688124 3.40000000
 C	-1.16430619 -14.78234823 3.40000000
 C	10.39382058 -10.57553412 3.40000000
 C	-3.47599627 -15.62373461 3.40000000
 C	12.70551066 -9.73414774 3.40000000
 C	4.37186987 -12.01161374 3.40000000
 C	-7.18625690 -16.21842784 3.40000000
 C	15.92999664 -7.80479963 3.40000000
 C	-9.49794698 -17.05981422 3.40000000
 C	18.24168672 -6.96341325 3.40000000
 C	-11.80963706 -17.90120060 3.40000000
 C	20.55337680 -6.12202687 3.40000000
 C	-14.12116533 -18.74252809 3.40000000
 C	22.86506688 -5.28064049 3.40000000
 C	-16.43285541 -19.58391447 3.40000000
 C	25.17659514 -4.43931300 3.40000000
 C	-18.74438367 -20.42524195 3.40000000
 C	27.48828522 -3.59792662 3.40000000
 C	2.06017979 -12.85300012 3.40000000
 C	6.68355995 -11.17022736 3.40000000
 C	-21.05607375 -21.26662833 3.40000000
 C	29.79981349 -2.75659914 3.40000000
 C	-23.36776383 -22.10801471 3.40000000
 C	32.11150357 -1.91521276 3.40000000
 C	-25.67945391 -22.94940109 3.40000000
 C	34.42319365 -1.07382638 3.40000000
 C	-27.99098218 -23.79072858 3.40000000
 C	36.73488373 -0.23244000 3.40000000
 C	39.04641199 0.60888748 3.40000000
 C	-0.25134848 -13.69432760 3.40000000
 C	8.99525003 -10.32884098 3.40000000
 C	-2.56303856 -14.53571398 3.40000000
 C	11.30677829 -9.48751349 3.40000000
 C	-4.87456682 -15.37704146 3.40000000
 C	13.61846837 -8.64612711 3.40000000
 C	3.88609521 -10.67695884 3.40000000
 C	-7.67203156 -14.88377295 3.40000000
 C	15.44438380 -6.47008584 3.40000000
 C	-9.98372164 -15.72515933 3.40000000
 C	17.75591206 -5.62875836 3.40000000
 C	-12.29524990 -16.56648682 3.40000000
 C	20.06760214 -4.78737198 3.40000000
 C	-14.60693998 -17.40787320 3.40000000
 C	22.37923828 -3.94600523 3.40000000
 C	-16.91863006 -18.24925958 3.40000000
 C	24.69082049 -3.10465811 3.40000000
 C	1.57456695 -11.51828633 3.40000000
 C	-19.23021227 -19.09060669 3.40000000
 C	27.00251057 -2.26327173 3.40000000
 C	6.19778529 -9.83557246 3.40000000
 C	-21.54184841 -19.93197344 3.40000000
 C	29.31420065 -1.42188535 3.40000000
 C	-23.85353849 -20.77335982 3.40000000
 C	31.62572891 -0.58055787 3.40000000
 C	-26.16506675 -21.61468730 3.40000000
 C	33.93741899 0.26082851 3.40000000
 C	-28.47675683 -22.45607368 3.40000000
 C	36.24905513 1.10219526 3.40000000
 C	38.56063734 1.94354238 3.40000000
 C	-0.73712313 -12.35967271 3.40000000
 C	8.50942143 -8.99420572 3.40000000
 C	-3.04881321 -13.20105909 3.40000000
 C	10.82100364 -8.15285860 3.40000000
 C	-5.36039542 -14.04240620 3.40000000
 C	13.13269372 -7.31147222 3.40000000
 C	-6.75907384 -13.79575232 3.40000000
 C	14.04565143 -6.22345159 3.40000000
 C	2.48736285 -10.43032459 3.40000000
 C	4.79905293 -9.58893821 3.40000000
 C	-9.07076392 -14.63713870 3.40000000
 C	16.35717970 -5.38212411 3.40000000
 C	-11.38245400 -15.47852508 3.40000000
 C	18.66886978 -4.54073773 3.40000000
 C	-13.69398227 -16.31985257 3.40000000
 C	20.98055986 -3.69935135 3.40000000
 C	-16.00567235 -17.16123895 3.40000000
 C	23.29224994 -2.85796497 3.40000000
 C	-18.31720061 -18.00256643 3.40000000
 C	25.60377820 -2.01663748 3.40000000
 C	-20.62889069 -18.84395281 3.40000000
 C	27.91546828 -1.17525110 3.40000000
 C	-22.94058077 -19.68533919 3.40000000
 C	30.22699655 -0.33392362 3.40000000
 C	-25.25227085 -20.52672557 3.40000000
 C	32.53868663 0.50746276 3.40000000
 C	-27.56379912 -21.36805305 3.40000000
 C	34.85037671 1.34884914 3.40000000
 C	37.16206679 2.19023552 3.40000000
 C	0.17583458 -11.27165208 3.40000000
 C	7.11074301 -8.74755183 3.40000000
 C	39.47359505 3.03156301 3.40000000
 C	-2.13585550 -12.11303846 3.40000000
 C	9.42243309 -7.90616545 3.40000000
 C	-4.44738376 -12.95436594 3.40000000
 C	11.73396135 -7.06483797 3.40000000
 C	-7.24484850 -12.46109743 3.40000000
 C	13.55987678 -4.88879670 3.40000000
 C	2.00175001 -9.09561081 3.40000000
 C	4.31327827 -8.25428332 3.40000000
 C	-9.55653858 -13.30248381 3.40000000
 C	15.87156686 -4.04741032 3.40000000
 C	-11.86806684 -14.14381129 3.40000000
 C	18.18309512 -3.20608283 3.40000000
 C	-14.17975692 -14.98519767 3.40000000
 C	20.49478520 -2.36469645 3.40000000
 C	-16.49144700 -15.82658405 3.40000000
 C	22.80642134 -1.52332971 3.40000000
 C	-18.80302921 -16.66793117 3.40000000
 C	25.11800355 -0.68198259 3.40000000
 C	-21.11466535 -17.50929792 3.40000000
 C	27.42969363 0.15940379 3.40000000
 C	-23.42635543 -18.35068430 3.40000000
 C	29.74138371 1.00079017 3.40000000
 C	-25.73788369 -19.19201178 3.40000000
 C	32.05291197 1.84211765 3.40000000
 C	-28.04957377 -20.03339816 3.40000000
 C	34.36460205 2.68350403 3.40000000
 C	36.67623819 3.52487078 3.40000000
 C	-0.30994007 -9.93699719 3.40000000
 C	6.62496835 -7.41289694 3.40000000
 C	38.98782040 4.36621790 3.40000000
 C	-2.62163015 -10.77838357 3.40000000
 C	8.93660449 -6.57153019 3.40000000
 C	-4.93321236 -11.61973068 3.40000000
 C	11.24818670 -5.73018308 3.40000000
 C	2.91451601 -8.00781865 3.40000000
 C	-8.64361076 -12.21463276 3.40000000
 C	14.47280459 -3.80094565 3.40000000
 C	16.78433286 -2.95961817 3.40000000
 C	-10.95530084 -13.05601914 3.40000000
 C	-13.26682911 -13.89734663 3.40000000
 C	19.09602294 -2.11823179 3.40000000
 C	-15.57851919 -14.73873301 3.40000000
 C	21.40771302 -1.27684541 3.40000000
 C	-17.89004745 -15.58006049 3.40000000
 C	23.71940310 -0.43545903 3.40000000
 C	0.60298774 -8.84914614 3.40000000
 C	5.22620609 -7.16643227 3.40000000
 C	-20.20173753 -16.42144687 3.40000000
 C	26.03093136 0.40586846 3.40000000
 C	-22.51342761 -17.26283325 3.40000000
 C	28.34262144 1.24725484 3.40000000
 C	30.65414971 2.08858232 3.40000000
 C	-24.82511769 -18.10421963 3.40000000
 C	-27.13664596 -18.94554711 3.40000000
 C	32.96583979 2.92996870 3.40000000
 C	35.27752987 3.77135508 3.40000000
 C	37.58921995 4.61274146 3.40000000
 C	39.90074821 5.45406895 3.40000000
 C	-1.70870234 -9.69053252 3.40000000
 C	7.53789617 -6.32504589 3.40000000
 C	-4.02023060 -10.53186000 3.40000000
 C	9.84958625 -5.48365951 3.40000000
 C	-6.33192068 -11.37324638 3.40000000
 C	12.16111451 -4.64233203 3.40000000
 C	2.42890317 -6.67310487 3.40000000
 C	-9.12938542 -10.87997787 3.40000000
 C	13.98702994 -2.46629076 3.40000000
 C	-11.44091368 -11.72130535 3.40000000
 C	16.29872002 -1.62490438 3.40000000
 C	-13.75260376 -12.56269173 3.40000000
 C	18.61024828 -0.78357689 3.40000000
 C	-16.06429384 -13.40407811 3.40000000
 C	20.92193836 0.05780949 3.40000000
 C	-18.37587605 -14.24542523 3.40000000
 C	23.23357450 0.89917623 3.40000000
 C	0.11721309 -7.51449125 3.40000000
 C	4.74043143 -5.83177738 3.40000000
 C	-20.68751219 -15.08679198 3.40000000
 C	25.54515671 1.74052335 3.40000000
 C	-22.99920227 -15.92817836 3.40000000
 C	27.85684679 2.58190973 3.40000000
 C	-25.31073053 -16.76950584 3.40000000
 C	30.16853687 3.42329611 3.40000000
 C	-27.62242061 -17.61089222 3.40000000
 C	32.48006513 4.26462359 3.40000000
 C	34.79175521 5.10600997 3.40000000
 C	37.10339135 5.94737672 3.40000000
 C	39.41497356 6.78872384 3.40000000
 C	-2.19447699 -8.35587763 3.40000000
 C	7.05212151 -4.99039100 3.40000000
 C	-4.50605920 -9.19722474 3.40000000
 C	9.36375765 -4.14902425 3.40000000
 C	-6.81769534 -10.03859149 3.40000000
 C	11.67533986 -3.30767714 3.40000000
 C	-8.21642771 -9.79195723 3.40000000
 C	12.58829757 -2.21965650 3.40000000
 C	1.03017080 -6.42647061 3.40000000
 C	3.34169906 -5.58514312 3.40000000
 C	-10.52811779 -10.63334361 3.40000000
 C	14.89998765 -1.37827012 3.40000000
 C	-12.83964605 -11.47467109 3.40000000
 C	17.21151591 -0.53694263 3.40000000
 C	-15.15133613 -12.31605747 3.40000000
 C	19.52320599 0.30444375 3.40000000
 C	-17.46286440 -13.15738496 3.40000000
 C	21.83489607 1.14583013 3.40000000
 C	-19.77455448 -13.99877134 3.40000000
 C	24.14658615 1.98721651 3.40000000
 C	-22.08624456 -14.84015772 3.40000000
 C	26.45811442 2.82854399 3.40000000
 C	-24.39793464 -15.68154410 3.40000000
 C	28.76980450 3.66993037 3.40000000
 C	-26.70946290 -16.52287158 3.40000000
 C	31.08133276 4.51125785 3.40000000
 C	33.39302284 5.35264423 3.40000000
 C	35.70471292 6.19403061 3.40000000
 C	-1.28151928 -7.26785699 3.40000000
 C	5.65338914 -4.74375674 3.40000000
 C	38.01640300 7.03541699 3.40000000
 C	40.32793127 7.87674448 3.40000000
 C	-3.59304755 -8.10918447 3.40000000
 C	7.96507922 -3.90237036 3.40000000
 C	-5.90473763 -8.95057085 3.40000000
 C	10.27676930 -3.06098398 3.40000000
 C	-8.70220236 -8.45730235 3.40000000
 C	12.10252292 -0.88500161 3.40000000
 C	0.54439615 -5.09181572 3.40000000
 C	2.85608623 -4.25042934 3.40000000
 C	-11.01373062 -9.29862983 3.40000000
 C	14.41421300 -0.04361523 3.40000000
 C	-13.32542070 -10.14001621 3.40000000
 C	16.72590308 0.79777115 3.40000000
 C	-15.63711078 -10.98140259 3.40000000
 C	19.03743134 1.63909863 3.40000000
 C	-17.94869298 -11.82274971 3.40000000
 C	21.34912142 2.48048501 3.40000000
 C	-20.26032913 -12.66411646 3.40000000
 C	23.66075756 3.32185176 3.40000000
 C	-22.57201921 -13.50550284 3.40000000
 C	25.97233977 4.16319887 3.40000000
 C	-24.88354747 -14.34683032 3.40000000
 C	28.28402985 5.00458525 3.40000000
 C	-27.19523755 -15.18821670 3.40000000
 C	30.59571993 5.84597163 3.40000000
 C	32.90724819 6.68729912 3.40000000
 C	35.21893827 7.52868550 3.40000000
 C	-1.76729393 -5.93320210 3.40000000
 C	5.16761449 -3.40910186 3.40000000
 C	37.53057441 8.37005225 3.40000000
 C	39.84215662 9.21139936 3.40000000
 C	-4.07887613 -6.77454922 3.40000000
 C	7.47930457 -2.56771548 3.40000000
 C	-6.39051228 -7.61591597 3.40000000
 C	9.79094071 -1.72634873 3.40000000
 C	1.45735386 -4.00379508 3.40000000
 C	-10.10093473 -8.21066809 3.40000000
 C	13.01548063 0.20301903 3.40000000
 C	-12.41246299 -9.05199557 3.40000000
 C	15.32717071 1.04440541 3.40000000
 C	-14.72415307 -9.89338195 3.40000000
 C	17.63869897 1.88573289 3.40000000
 C	-17.03568134 -10.73470943 3.40000000
 C	19.95038905 2.72711927 3.40000000
 C	-19.34737142 -11.57609581 3.40000000
 C	22.26207913 3.56850565 3.40000000
 C	-0.85433622 -4.84518146 3.40000000
 C	3.76888212 -3.16246760 3.40000000
 C	-21.65906150 -12.41748219 3.40000000
 C	24.57376921 4.40989203 3.40000000
 C	-23.97075158 -13.25886857 3.40000000
 C	26.88529748 5.25121951 3.40000000
 C	-26.28227984 -14.10019606 3.40000000
 C	29.19698756 6.09260589 3.40000000
 C	31.50851582 6.93393338 3.40000000
 C	33.82020590 7.77531976 3.40000000
 C	36.13189598 8.61670614 3.40000000
 C	38.44358606 9.45809252 3.40000000
 C	40.75511433 10.29942000 3.40000000
 C	-3.16586449 -5.68650895 3.40000000
 C	6.08057220 -2.32108122 3.40000000
 C	-5.47755457 -6.52789533 3.40000000
 C	8.39226228 -1.47969484 3.40000000
 C	-7.78924465 -7.36928171 3.40000000
 C	10.70395236 -0.63830846 3.40000000
 C	0.97156924 -2.66919672 3.40000000
 C	-10.58655753 -6.87601083 3.40000000
 C	12.52969601 1.53761739 3.40000000
 C	-12.89824761 -7.71739721 3.40000000
 C	14.84138609 2.37900377 3.40000000
 C	-15.20993769 -8.55878359 3.40000000
 C	17.15307617 3.22039015 3.40000000
 C	-17.52151989 -9.40013070 3.40000000
 C	19.46460443 4.06171763 3.40000000
 C	-19.83315604 -10.24149745 3.40000000
 C	21.77629451 4.90310401 3.40000000
 C	-22.14484612 -11.08288383 3.40000000
 C	-1.34012084 -3.51058310 3.40000000
 C	24.08793066 5.74447076 3.40000000
 C	3.28325932 -1.82781034 3.40000000
 C	-24.45637438 -11.92421131 3.40000000
 C	26.39951286 6.58581788 3.40000000
 C	-26.76806446 -12.76559769 3.40000000
 C	28.71120294 7.42720426 3.40000000
 C	31.02289302 8.26859064 3.40000000
 C	33.33442128 9.10991812 3.40000000
 C	35.64611136 9.95130450 3.40000000
 C	37.95774751 10.79267125 3.40000000
 C	40.26932971 11.63401837 3.40000000
 C	-3.65170304 -4.35193021 3.40000000
 C	5.59478758 -0.98648285 3.40000000
 C	-5.96333919 -5.19329696 3.40000000
 C	7.90647766 -0.14509647 3.40000000
 C	-8.27502927 -6.03468334 3.40000000
 C	10.21811381 0.69627027 3.40000000
 C	-9.67375166 -5.78799256 3.40000000
 C	11.13113543 1.78436706 3.40000000
 C	-0.42715316 -2.42250594 3.40000000
 C	1.88453692 -1.58111956 3.40000000
 C	-11.98527993 -6.62932005 3.40000000
 C	13.44266369 2.62569455 3.40000000
 C	-14.29697001 -7.47070643 3.40000000
 C	15.75435377 3.46708093 3.40000000
 C	-16.60849827 -8.31203391 3.40000000
 C	18.06588204 4.30840841 3.40000000
 C	-18.92018835 -9.15342029 3.40000000
 C	20.37757212 5.14979479 3.40000000
 C	-21.23187843 -9.99480667 3.40000000
 C	22.68926220 5.99118117 3.40000000
 C	-23.54356851 -10.83619305 3.40000000
 C	25.00095228 6.83256755 3.40000000
 C	-25.85509678 -11.67752054 3.40000000
 C	27.31248054 7.67389504 3.40000000
 C	29.62417062 8.51528142 3.40000000
 C	31.93569889 9.35660890 3.40000000
 C	34.24738897 10.19799528 3.40000000
 C	-2.73868142 -3.26383342 3.40000000
 C	4.19606519 -0.73979207 3.40000000
 C	36.55907905 11.03938166 3.40000000
 C	38.87076913 11.88076804 3.40000000
 C	41.18229739 12.72209553 3.40000000
 C	-5.05037150 -4.10521980 3.40000000
 C	6.50775527 0.10159431 3.40000000
 C	-7.36206158 -4.94660618 3.40000000
 C	8.81944535 0.94298069 3.40000000
 C	-10.15939440 -4.45344836 3.40000000
 C	10.64527693 3.11883274 3.40000000
 C	-0.91295771 -1.08802063 3.40000000
 C	1.39873237 -0.24663425 3.40000000
 C	-12.47108448 -5.29483474 3.40000000
 C	12.95685914 3.96017986 3.40000000
 C	-14.78277456 -6.13622112 3.40000000
 C	15.26854922 4.80156624 3.40000000
 C	-17.09435677 -6.97756824 3.40000000
 C	17.58023930 5.64295262 3.40000000
 C	-19.40599291 -7.81893498 3.40000000
 C	19.89176756 6.48428010 3.40000000
 C	-21.71768299 -8.66032136 3.40000000
 C	22.20345764 7.32566648 3.40000000
 C	-24.02921125 -9.50164885 3.40000000
 C	24.51509378 8.16703323 3.40000000
 C	-26.34090133 -10.34303523 3.40000000
 C	26.82667598 9.00838034 3.40000000
 C	29.13836606 9.84976672 3.40000000
 C	31.45005615 10.69115310 3.40000000
 C	33.76158441 11.53248059 3.40000000
 C	-3.22453992 -1.92936775 3.40000000
 C	3.71042245 0.59475213 3.40000000
 C	36.07327449 12.37386697 3.40000000
 C	38.38491063 13.21523372 3.40000000
 C	40.69649283 14.05658083 3.40000000
 C	-5.53617606 -2.77073450 3.40000000
 C	6.02195071 1.43607961 3.40000000
 C	-7.84786614 -3.61212088 3.40000000
 C	8.33364079 2.27746599 3.40000000
 C	0.00000000 0.00000000 3.40000000
 C	-11.55812677 -4.20681411 3.40000000
 C	11.55828858 4.20687300 3.40000000
 C	-13.86981685 -5.04820049 3.40000000
 C	13.86981685 5.04820049 3.40000000
 C	-16.18134511 -5.88952797 3.40000000
 C	16.18150693 5.88958687 3.40000000
 C	-18.49303519 -6.73091435 3.40000000
 C	18.49303519 6.73091435 3.40000000
 C	-20.80472527 -7.57230073 3.40000000
 C	20.80472527 7.57230073 3.40000000
 C	-2.31152826 -0.84132748 3.40000000
 C	-23.11641535 -8.41368711 3.40000000
 C	23.11641535 8.41368711 3.40000000
 C	2.31169008 0.84138638 3.40000000
 C	-25.42794362 -9.25501460 3.40000000
 C	25.42810543 9.25507349 3.40000000
 C	27.73963370 10.09640098 3.40000000
 C	30.05132378 10.93778736 3.40000000
 C	32.36285204 11.77911484 3.40000000
 C	34.67454212 12.62050122 3.40000000
 C	36.98623220 13.46188760 3.40000000
 C	39.29792228 14.30327398 3.40000000
 C	41.60945055 15.14460146 3.40000000
 C	-4.62321834 -1.68271386 3.40000000
 C	4.62321834 1.68271386 3.40000000
 C	-6.93490842 -2.52410024 3.40000000
 C	6.93490842 2.52410024 3.40000000
 C	-9.24659850 -3.36548662 3.40000000
 C	9.24659850 3.36548662 3.40000000
 C	-0.48577465 1.33465489 3.40000000
 C	-12.04390142 -2.87215922 3.40000000
 C	11.07245999 5.54150826 3.40000000
 C	-14.35559150 -3.71354560 3.40000000
 C	13.38404220 6.38285538 3.40000000
 C	-16.66717371 -4.55489271 3.40000000
 C	15.69573228 7.22424176 3.40000000
 C	-18.97880985 -5.39625946 3.40000000
 C	18.00742236 8.06562814 3.40000000
 C	-21.29049993 -6.23764584 3.40000000
 C	20.31895062 8.90695562 3.40000000
 C	-2.79735686 0.49330778 3.40000000
 C	-23.60202819 -7.07897332 3.40000000
 C	22.63064070 9.74834200 3.40000000
 C	1.82591543 2.17604127 3.40000000
 C	-25.91371827 -7.92035970 3.40000000
 C	24.94227684 10.58970875 3.40000000
 C	27.25385905 11.43105587 3.40000000
 C	29.56554913 12.27244225 3.40000000
 C	31.87723921 13.11382863 3.40000000
 C	34.18876747 13.95515611 3.40000000
 C	36.50045755 14.79654249 3.40000000
 C	38.81209369 15.63790924 3.40000000
 C	41.12367590 16.47925636 3.40000000
 C	-5.10899300 -0.34805897 3.40000000
 C	4.13760551 3.01742765 3.40000000
 C	-7.42068308 -1.18944535 3.40000000
 C	6.44913377 3.85875514 3.40000000
 C	-9.73221134 -2.03077284 3.40000000
 C	8.76082385 4.70014152 3.40000000
 C	-11.13094371 -1.78413858 3.40000000
 C	9.67378157 5.78816215 3.40000000
 C	-1.88434520 1.58134804 3.40000000
 C	0.42718306 2.42267552 3.40000000
 C	-13.44263379 -2.62552496 3.40000000
 C	11.98547165 6.62954853 3.40000000
 C	-15.75416205 -3.46685245 3.40000000
 C	14.29699991 7.47087601 3.40000000
 C	-18.06585213 -4.30823883 3.40000000
 C	16.60868999 8.31226239 3.40000000
 C	-20.37754221 -5.14962521 3.40000000
 C	18.92021826 9.15358988 3.40000000
 C	-22.68923229 -5.99101159 3.40000000
 C	21.23190834 9.99497626 3.40000000
 C	-25.00076056 -6.83233907 3.40000000
 C	23.54359842 10.83636264 3.40000000
 C	25.85528850 11.67774902 3.40000000
 C	28.16681676 12.51907650 3.40000000
 C	30.47850684 13.36046288 3.40000000
 C	32.79003511 14.20179036 3.40000000
 C	-4.19603528 0.73996166 3.40000000
 C	2.73887314 3.26406190 3.40000000
 C	35.10172519 15.04317674 3.40000000
 C	37.41341527 15.88456312 3.40000000
 C	39.72510535 16.72594950 3.40000000
 C	42.03663361 17.56727699 3.40000000
 C	-6.50772536 -0.10142472 3.40000000
 C	5.05040141 4.10538939 3.40000000
 C	-8.81941544 -0.94281110 3.40000000
 C	7.36209149 4.94677577 3.40000000
 C	-11.61671836 -0.44948369 3.40000000
 C	9.18800691 7.12281704 3.40000000
 C	-2.37017380 2.91598330 3.40000000
 C	-0.05859159 3.75733042 3.40000000
 C	-13.92840844 -1.29087007 3.40000000
 C	11.49964305 7.96418379 3.40000000
 C	-16.23999065 -2.13221719 3.40000000
 C	13.81122526 8.80553090 3.40000000
 C	-18.55162679 -2.97358394 3.40000000
 C	16.12291534 9.64691728 3.40000000
 C	-20.86331687 -3.81497032 3.40000000
 C	18.43460542 10.48830366 3.40000000
 C	-23.17484513 -4.65629780 3.40000000
 C	20.74613368 11.32963115 3.40000000
 C	-25.48653521 -5.49768418 3.40000000
 C	23.05782376 12.17101753 3.40000000
 C	25.36945990 13.01238428 3.40000000
 C	27.68104211 13.85373139 3.40000000
 C	29.99273219 14.69511777 3.40000000
 C	32.30442227 15.53650415 3.40000000
 C	-4.68180994 2.07461655 3.40000000
 C	2.25309849 4.59871680 3.40000000
 C	34.61595053 16.37783164 3.40000000
 C	36.92764061 17.21921802 3.40000000
 C	39.23927675 18.06058476 3.40000000
 C	41.55085896 18.90193188 3.40000000
 C	-6.99350002 1.23323017 3.40000000
 C	4.56478857 5.44010318 3.40000000
 C	-9.30502828 0.39190269 3.40000000
 C	6.87631683 6.28143066 3.40000000
 C	-1.45719204 4.00385398 3.40000000
 C	-13.01548063 -0.20301903 3.40000000
 C	10.10093473 8.21066809 3.40000000
 C	-15.32700889 -1.04434651 3.40000000
 C	12.41262481 9.05205447 3.40000000
 C	-17.63869897 -1.88573289 3.40000000
 C	14.72415307 9.89338195 3.40000000
 C	-19.95038905 -2.72711927 3.40000000
 C	17.03584315 10.73476833 3.40000000
 C	19.34737142 11.57609581 3.40000000
 C	-22.26207913 -3.56850565 3.40000000
 C	-3.76888212 3.16246760 3.40000000
 C	0.85433622 4.84518146 3.40000000
 C	-24.57360740 -4.40983313 3.40000000
 C	21.65906150 12.41748219 3.40000000
 C	23.97075158 13.25886857 3.40000000
 C	26.28244166 14.10025495 3.40000000
 C	28.59396992 14.94158244 3.40000000
 C	30.90566000 15.78296882 3.40000000
 C	33.21718827 16.62429630 3.40000000
 C	35.52887835 17.46568268 3.40000000
 C	37.84056843 18.30706906 3.40000000
 C	40.15225851 19.14845544 3.40000000
 C	42.46378677 19.98978293 3.40000000
 C	-6.08057220 2.32108122 3.40000000
 C	3.16602630 5.68656784 3.40000000
 C	5.47755457 6.52789533 3.40000000
 C	-8.39226228 1.47969484 3.40000000
 C	-10.70379055 0.63836735 3.40000000
 C	7.78924465 7.36928171 3.40000000
 C	-1.94302064 5.33848924 3.40000000
 C	-13.50125528 1.13163587 3.40000000
 C	9.61516007 9.54532298 3.40000000
 C	-15.81283749 0.29028875 3.40000000
 C	11.92679621 10.38668973 3.40000000
 C	-18.12447363 -0.55107800 3.40000000
 C	14.23837842 11.22803684 3.40000000
 C	-20.43616371 -1.39246438 3.40000000
 C	16.55006850 12.06942322 3.40000000
 C	-22.74769197 -2.23379186 3.40000000
 C	18.86175858 12.91080960 3.40000000
 C	-4.25465678 4.49712249 3.40000000
 C	0.36856157 6.17983635 3.40000000
 C	-25.05938205 -3.07517824 3.40000000
 C	21.17328684 13.75213709 3.40000000
 C	23.48497692 14.59352347 3.40000000
 C	25.79661306 15.43489021 3.40000000
 C	28.10819527 16.27623733 3.40000000
 C	30.41988535 17.11762371 3.40000000
 C	32.73157543 17.95901009 3.40000000
 C	35.04310369 18.80033757 3.40000000
 C	37.35479377 19.64172395 3.40000000
 C	39.66642991 20.48309070 3.40000000
 C	41.97801212 21.32443782 3.40000000
 C	-6.56634686 3.65573611 3.40000000
 C	2.68025165 7.02122273 3.40000000
 C	-8.87787512 2.81440863 3.40000000
 C	4.99194173 7.86260911 3.40000000
 C	-11.18956520 1.97302225 3.40000000
 C	7.30346999 8.70393660 3.40000000
 C	-12.58829757 2.21965651 3.40000000
 C	8.21642770 9.79195724 3.40000000
 C	-3.34169907 5.58514313 3.40000000
 C	-1.03000899 6.42652951 3.40000000
 C	-14.89982584 1.37832902 3.40000000
 C	10.52811778 10.63334362 3.40000000
 C	-17.21151592 0.53694264 3.40000000
 C	12.83980786 11.47473000 3.40000000
 C	-19.52320600 -0.30444374 3.40000000
 C	15.15133613 12.31605748 3.40000000
 C	-21.83489608 -1.14583012 3.40000000
 C	17.46302621 13.15744386 3.40000000
 C	-24.14642434 -1.98715760 3.40000000
 C	19.77455447 13.99877135 3.40000000
 C	22.08624455 14.84015773 3.40000000
 C	24.39793463 15.68154411 3.40000000
 C	26.70962471 16.52293049 3.40000000
 C	29.02115298 17.36425797 3.40000000
 C	31.33284306 18.20564435 3.40000000
 C	-5.65338915 4.74375675 3.40000000
 C	1.28151928 7.26785699 3.40000000
 C	33.64437132 19.04697184 3.40000000
 C	35.95606140 19.88835822 3.40000000
 C	38.26775148 20.72974460 3.40000000
 C	40.57944156 21.57113098 3.40000000
 C	42.89096983 22.41245846 3.40000000
 C	-7.96507923 3.90237037 3.40000000
 C	3.59320936 8.10924337 3.40000000
 C	-10.27660749 3.06104289 3.40000000
 C	5.90473762 8.95057086 3.40000000
 C	-13.07407222 3.55431139 3.40000000
 C	7.73065305 11.12661212 3.40000000
 C	-3.82747372 6.91979801 3.40000000
 C	-1.51583758 7.76116476 3.40000000
 C	-15.38565443 2.71296427 3.40000000
 C	10.04234313 11.96799850 3.40000000
 C	-17.69729057 1.87159753 3.40000000
 C	12.35397927 12.80936525 3.40000000
 C	-20.00898065 1.03021115 3.40000000
 C	14.66556148 13.65071237 3.40000000
 C	-22.32050891 0.18888366 3.40000000
 C	16.97725156 14.49209875 3.40000000
 C	-24.63219899 -0.65250272 3.40000000
 C	19.28894164 15.33348513 3.40000000
 C	21.60046990 16.17481261 3.40000000
 C	23.91215998 17.01619899 3.40000000
 C	26.22379612 17.85756574 3.40000000
 C	28.53537833 18.69891285 3.40000000
 C	30.84706841 19.54029923 3.40000000
 C	-6.13916380 6.07841163 3.40000000
 C	0.79574463 8.60251188 3.40000000
 C	33.15875849 20.38168561 3.40000000
 C	35.47028675 21.22301310 3.40000000
 C	37.78197683 22.06439948 3.40000000
 C	40.09361297 22.90576623 3.40000000
 C	42.40519518 23.74711334 3.40000000
 C	-8.45069206 5.23708415 3.40000000
 C	3.10743471 9.44389826 3.40000000
 C	-10.76238214 4.39569777 3.40000000
 C	5.41912479 10.28528464 3.40000000
 C	-2.91451601 8.00781865 3.40000000
 C	-14.47264278 3.80100455 3.40000000
 C	8.64361076 12.21463276 3.40000000
 C	-16.78433286 2.95961817 3.40000000
 C	10.95530084 13.05601914 3.40000000
 C	-19.09602294 2.11823179 3.40000000
 C	13.26699092 13.89740552 3.40000000
 C	-21.40771302 1.27684541 3.40000000
 C	15.57851919 14.73873301 3.40000000
 C	-23.71924128 0.43551792 3.40000000
 C	17.89020927 15.58011939 3.40000000
 C	-5.22620609 7.16643227 3.40000000
 C	20.20173753 16.42144687 3.40000000
 C	-0.60282593 8.84920503 3.40000000
 C	22.51342761 17.26283325 3.40000000
 C	24.82511769 18.10421963 3.40000000
 C	27.13680777 18.94560601 3.40000000
 C	29.44833604 19.78693349 3.40000000
 C	31.76002612 20.62831987 3.40000000
 C	34.07155438 21.46964736 3.40000000
 C	36.38324446 22.31103374 3.40000000
 C	38.69493454 23.15242012 3.40000000
 C	41.00662462 23.99380650 3.40000000
 C	43.31815289 24.83513398 3.40000000
 C	-7.53789617 6.32504589 3.40000000
 C	1.70870234 9.69053252 3.40000000
 C	-9.84942443 5.48371841 3.40000000
 C	4.02039242 10.53191890 3.40000000
 C	-12.16111451 4.64233203 3.40000000
 C	6.33192068 11.37324638 3.40000000
 C	-3.40030063 9.34241702 3.40000000
 C	-14.95848134 5.13558328 3.40000000
 C	8.15782614 13.54923113 3.40000000
 C	-17.27011748 4.29421653 3.40000000
 C	10.46951622 14.39061751 3.40000000
 C	-19.58180756 3.45283015 3.40000000
 C	12.78115236 15.23198425 3.40000000
 C	-21.89333582 2.61150267 3.40000000
 C	15.09273457 16.07333137 3.40000000
 C	-24.20502590 1.77011629 3.40000000
 C	17.40442465 16.91471775 3.40000000
 C	-5.71199071 8.50103064 3.40000000
 C	19.71611473 17.75610413 3.40000000
 C	-1.08866449 10.18378377 3.40000000
 C	22.02764299 18.59743161 3.40000000
 C	24.33933307 19.43881799 3.40000000
 C	26.65096921 20.28018474 3.40000000
 C	28.96255142 21.12153186 3.40000000
 C	31.27424150 21.96291824 3.40000000
 C	33.58593158 22.80430462 3.40000000
 C	35.89745984 23.64563210 3.40000000
 C	38.20914992 24.48701848 3.40000000
 C	40.52078606 25.32838523 3.40000000
 C	-8.02351897 7.65970315 3.40000000
 C	42.83236827 26.16973235 3.40000000
 C	1.22291772 11.02513088 3.40000000
 C	-10.33520905 6.81831677 3.40000000
 C	3.53460780 11.86651726 3.40000000
 C	-12.64689913 5.97693039 3.40000000
 C	5.84629788 12.70790364 3.40000000
 C	-14.04545971 6.22368007 3.40000000
 C	6.75910375 13.79592191 3.40000000
 C	-4.79902302 9.58910780 3.40000000
 C	-2.48733294 10.43049418 3.40000000
 C	-16.35714979 5.38229369 3.40000000
 C	9.07079383 14.63730829 3.40000000
 C	-18.66883987 4.54090731 3.40000000
 C	11.38248391 15.47869467 3.40000000
 C	-20.98052995 3.69952093 3.40000000
 C	13.69417399 16.32008105 3.40000000
 C	-23.29205822 2.85819345 3.40000000
 C	16.00570225 17.16140853 3.40000000
 C	18.31739233 18.00279491 3.40000000
 C	20.62892060 18.84412239 3.40000000
 C	22.94061068 19.68550877 3.40000000
 C	25.25230076 20.52689515 3.40000000
 C	27.56399084 21.36828153 3.40000000
 C	29.87551910 22.20960902 3.40000000
 C	-7.11071310 8.74772142 3.40000000
 C	-0.17564286 11.27188056 3.40000000
 C	32.18720918 23.05099540 3.40000000
 C	34.49873745 23.89232288 3.40000000
 C	36.81042753 24.73370926 3.40000000
 C	39.12211761 25.57509564 3.40000000
 C	41.43380769 26.41648202 3.40000000
 C	43.74533595 27.25780951 3.40000000
 C	-9.42224137 7.90639393 3.40000000
 C	2.13588540 12.11320804 3.40000000
 C	-11.73393145 7.06500755 3.40000000
 C	4.44757548 12.95459442 3.40000000
 C	-14.53131821 7.55814575 3.40000000
 C	6.27346100 15.13046611 3.40000000
 C	-5.28482758 10.92359311 3.40000000
 C	-2.97313750 11.76497949 3.40000000
 C	-16.84295435 6.71677900 3.40000000
 C	8.58498927 15.97179359 3.40000000
 C	-19.15464443 5.87539262 3.40000000
 C	10.89667935 16.81317997 3.40000000
 C	-21.46617270 5.03406513 3.40000000
 C	13.20831549 17.65454672 3.40000000
 C	-23.77786278 4.19267875 3.40000000
 C	15.51989769 18.49589384 3.40000000
 C	17.83158777 19.33728022 3.40000000
 C	20.14327785 20.17866660 3.40000000
 C	22.45480612 21.01999408 3.40000000
 C	24.76649620 21.86138046 3.40000000
 C	27.07813234 22.70274721 3.40000000
 C	29.38971454 23.54409433 3.40000000
 C	-7.59635585 10.08226562 3.40000000
 C	-0.66150136 12.60634623 3.40000000
 C	31.70140462 24.38548071 3.40000000
 C	34.01309470 25.22686709 3.40000000
 C	36.32462297 26.06819457 3.40000000
 C	38.63631305 26.90958095 3.40000000
 C	40.94794919 27.75094770 3.40000000
 C	43.25953139 28.59229481 3.40000000
 C	-9.90804593 9.24087924 3.40000000
 C	1.65008084 13.44769335 3.40000000
 C	-12.21973601 8.39949286 3.40000000
 C	3.96177092 14.28907973 3.40000000
 C	-4.37186987 12.01161374 3.40000000
 C	-15.92999664 7.80479963 3.40000000
 C	7.18625690 16.21842784 3.40000000
 C	-18.24168672 6.96341325 3.40000000
 C	9.49794698 17.05981422 3.40000000
 C	-20.55337680 6.12202687 3.40000000
 C	11.80963706 17.90120060 3.40000000
 C	-22.86490506 5.28069938 3.40000000
 C	14.12132714 18.74258698 3.40000000
 C	16.43285541 19.58391447 3.40000000
 C	18.74454549 20.42530085 3.40000000
 C	-6.68355995 11.17022736 3.40000000
 C	-2.06017979 12.85300012 3.40000000
 C	21.05607375 21.26662833 3.40000000
 C	23.36776383 22.10801471 3.40000000
 C	25.67945391 22.94940109 3.40000000
 C	27.99114399 23.79078747 3.40000000
 C	30.30267226 24.63211496 3.40000000
 C	32.61436234 25.47350134 3.40000000
 C	34.92589060 26.31482882 3.40000000
 C	37.23758068 27.15621520 3.40000000
 C	39.54927076 27.99760158 3.40000000
 C	-8.99508821 10.32889987 3.40000000
 C	41.86096084 28.83898796 3.40000000
 C	0.25151029 13.69438650 3.40000000
 C	44.17248911 29.68031544 3.40000000
 C	-11.30677829 9.48751349 3.40000000
 C	2.56303856 14.53571398 3.40000000
 C	-13.61830656 8.64618601 3.40000000
 C	4.87472864 15.37710036 3.40000000
 C	-4.85764452 13.34626863 3.40000000
 C	-16.41577129 9.13945452 3.40000000
 C	6.70064407 17.55314163 3.40000000
 C	-18.72746137 8.29806814 3.40000000
 C	9.01217233 18.39446912 3.40000000
 C	-21.03898963 7.45674066 3.40000000
 C	11.32386241 19.23585550 3.40000000
 C	-23.35067971 6.61535428 3.40000000
 C	13.63549855 20.07722224 3.40000000
 C	15.94708076 20.91856936 3.40000000
 C	-7.16917278 12.50494114 3.40000000
 C	18.25877084 21.75995574 3.40000000
 C	-2.54595444 14.18765501 3.40000000
 C	20.57046092 22.60134212 3.40000000
 C	22.88198918 23.44266960 3.40000000
 C	25.19367926 24.28405598 3.40000000
 C	27.50531540 25.12542273 3.40000000
 C	29.81689761 25.96676985 3.40000000
 C	32.12858769 26.80815623 3.40000000
 C	34.44027777 27.64954261 3.40000000
 C	36.75180603 28.49087009 3.40000000
 C	39.06349611 29.33225647 3.40000000
 C	-9.48086286 11.66355476 3.40000000
 C	41.37513225 30.17362322 3.40000000
 C	-0.23431830 15.02902176 3.40000000
 C	43.68671446 31.01497034 3.40000000
 C	-11.79255294 10.82216838 3.40000000
 C	2.07726391 15.87036887 3.40000000
 C	-14.10413515 9.98082127 3.40000000
 C	4.38895399 16.71175525 3.40000000
 C	-15.50281357 10.22747515 3.40000000
 C	5.30191170 17.79977588 3.40000000
 C	-6.25637688 13.59290288 3.40000000
 C	-3.94468680 14.43428926 3.40000000
 C	-17.81450365 9.38608877 3.40000000
 C	7.61343997 18.64110337 3.40000000
 C	-20.12619373 8.54470239 3.40000000
 C	9.92513005 19.48248975 3.40000000
 C	-22.43772200 7.70337491 3.40000000
 C	12.23682013 20.32387613 3.40000000
 C	14.54851021 21.16526251 3.40000000
 C	16.86003847 22.00658999 3.40000000
 C	19.17172855 22.84797637 3.40000000
 C	21.48325682 23.68930386 3.40000000
 C	23.79494690 24.53069024 3.40000000
 C	26.10663698 25.37207662 3.40000000
 C	28.41832706 26.21346300 3.40000000
 C	-8.56790515 12.75157540 3.40000000
 C	-1.63299672 15.27567564 3.40000000
 C	30.72985532 27.05479048 3.40000000
 C	33.04154540 27.89617686 3.40000000
 C	35.35307367 28.73750434 3.40000000
 C	37.66476375 29.57889072 3.40000000
 C	39.97645383 30.42027710 3.40000000
 C	42.28814391 31.26166348 3.40000000
 C	44.59967217 32.10299097 3.40000000
 C	-10.87959523 11.91018902 3.40000000
 C	0.67869336 16.11706202 3.40000000
 C	-13.19112349 11.06886153 3.40000000
 C	2.99022162 16.95838950 3.40000000
 C	-15.98858823 11.56213004 3.40000000
 C	4.81613705 19.13443078 3.40000000
 C	-6.74198972 14.92761667 3.40000000
 C	-4.43046146 15.76894415 3.40000000
 C	-18.30027831 10.72074366 3.40000000
 C	7.12782713 19.97581716 3.40000000
 C	-20.61180657 9.87941618 3.40000000
 C	9.43935539 20.81714464 3.40000000
 C	-22.92349665 9.03802980 3.40000000
 C	11.75104547 21.65853102 3.40000000
 C	14.06268161 22.49989777 3.40000000
 C	16.37426382 23.34124488 3.40000000
 C	18.68595390 24.18263126 3.40000000
 C	20.99764398 25.02401764 3.40000000
 C	23.30917224 25.86534513 3.40000000
 C	25.62086232 26.70673151 3.40000000
 C	27.93249846 27.54809826 3.40000000
 C	-9.05367980 14.08623029 3.40000000
 C	-2.11877138 16.61033053 3.40000000
 C	30.24408067 28.38944537 3.40000000
 C	32.55577075 29.23083175 3.40000000
 C	34.86746083 30.07221813 3.40000000
 C	37.17898909 30.91354562 3.40000000
 C	39.49067917 31.75493200 3.40000000
 C	41.80231531 32.59629874 3.40000000
 C	44.11389752 33.43764586 3.40000000
 C	-11.36536988 13.24484391 3.40000000
 C	0.19286476 17.45169728 3.40000000
 C	-13.67695209 12.40349679 3.40000000
 C	2.50444697 18.29304440 3.40000000
 C	-5.82922373 16.01540882 3.40000000
 C	-17.38735050 11.80859471 3.40000000
 C	5.72906486 20.22228182 3.40000000
 C	8.04059312 21.06360931 3.40000000
 C	-19.69904058 10.96720833 3.40000000
 C	-22.01056884 10.12588085 3.40000000
 C	10.35228320 21.90499569 3.40000000
 C	12.66397328 22.74638207 3.40000000
 C	14.97566336 23.58776845 3.40000000
 C	-8.14075199 15.17408133 3.40000000
 C	-3.51753365 16.85679520 3.40000000
 C	17.28719163 24.42909593 3.40000000
 C	19.59888171 25.27048231 3.40000000
 C	21.91040997 26.11180980 3.40000000
 C	24.22210005 26.95319618 3.40000000
 C	26.53379013 27.79458256 3.40000000
 C	28.84548021 28.63596893 3.40000000
 C	31.15700848 29.47729642 3.40000000
 C	33.46869856 30.31868280 3.40000000
 C	35.78022682 31.16001028 3.40000000
 C	38.09191690 32.00139666 3.40000000
 C	40.40360698 32.84278304 3.40000000
 C	-10.45244207 14.33269495 3.40000000
 C	-1.20584357 17.69818158 3.40000000
 C	42.71529706 33.68416942 3.40000000
 C	45.02682533 34.52549691 3.40000000
 C	-12.76397034 13.49136747 3.40000000
 C	1.10584651 18.53956796 3.40000000
 C	-15.07566042 12.64998109 3.40000000
 C	3.41737478 19.38089544 3.40000000
 C	-6.31483656 17.35012261 3.40000000
 C	-17.87312515 13.14324960 3.40000000
 C	5.24329021 21.55693671 3.40000000
 C	-20.18465341 12.30192212 3.40000000
 C	7.55498029 22.39832309 3.40000000
 C	-22.49634349 11.46053574 3.40000000
 C	9.86650855 23.23965058 3.40000000
 C	12.17819863 24.08103696 3.40000000
 C	14.48983477 24.92240371 3.40000000
 C	-8.62652664 16.50873623 3.40000000
 C	-4.00330830 18.19145009 3.40000000
 C	16.80141698 25.76375082 3.40000000
 C	19.11310706 26.60513720 3.40000000
 C	21.42479714 27.44652358 3.40000000
 C	23.73632540 28.28785107 3.40000000
 C	26.04801548 29.12923745 3.40000000
 C	28.35965162 29.97060420 3.40000000
 C	30.67123383 30.81195131 3.40000000
 C	32.98292391 31.65333769 3.40000000
 C	35.29461399 32.49472407 3.40000000
 C	37.60614225 33.33605156 3.40000000
 C	39.91783233 34.17743794 3.40000000
 C	-10.93821672 15.66734985 3.40000000
 C	-1.69161822 19.03283647 3.40000000
 C	42.22946847 35.01880468 3.40000000
 C	44.54105068 35.86015180 3.40000000
 C	-13.24979893 14.82600273 3.40000000
 C	0.62001792 19.87420322 3.40000000
 C	-15.56143507 13.98463598 3.40000000
 C	2.93160013 20.71555033 3.40000000
 C	-16.96016744 14.23127024 3.40000000
 C	3.84455784 21.80357098 3.40000000
 C	-7.71356893 17.59675687 3.40000000
 C	-5.40204067 18.43808435 3.40000000
 C	-19.27185752 13.38988386 3.40000000
 C	6.15624792 22.64495736 3.40000000
 C	-21.58338578 12.54855638 3.40000000
 C	8.46777618 23.48628484 3.40000000
 C	10.77946626 24.32767122 3.40000000
 C	13.09115634 25.16905760 3.40000000
 C	15.40284642 26.01044398 3.40000000
 C	17.71437469 26.85177146 3.40000000
 C	20.02606477 27.69315784 3.40000000
 C	22.33759303 28.53448533 3.40000000
 C	24.64928311 29.37587171 3.40000000
 C	26.96097319 30.21725809 3.40000000
 C	-10.02525901 16.75537049 3.40000000
 C	-3.09035059 19.27947073 3.40000000
 C	29.27266327 31.05864447 3.40000000
 C	31.58419154 31.89997195 3.40000000
 C	33.89588162 32.74135833 3.40000000
 C	36.20740988 33.58268582 3.40000000
 C	38.51909996 34.42407220 3.40000000
 C	40.83079004 35.26545858 3.40000000
 C	43.14248012 36.10684496 3.40000000
 C	45.45400839 36.94817244 3.40000000
 C	-12.33678728 15.91404300 3.40000000
 C	-0.77866051 20.12085711 3.40000000
 C	-14.64847736 15.07265662 3.40000000
 C	1.53302957 20.96224349 3.40000000
 C	-17.44594209 15.56592513 3.40000000
 C	3.35878319 23.13822586 3.40000000
 C	-8.19934358 18.93141175 3.40000000
 C	-5.88765350 19.77279813 3.40000000
 C	-19.75747035 14.72459764 3.40000000
 C	5.67047327 23.97961224 3.40000000
 C	-22.06916043 13.88321126 3.40000000
 C	7.98216335 24.82099862 3.40000000
 C	10.29369161 25.66232610 3.40000000
 C	12.60538169 26.50371248 3.40000000
 C	14.91701783 27.34507923 3.40000000
 C	17.22860004 28.18642635 3.40000000
 C	19.54029012 29.02781273 3.40000000
 C	21.85198020 29.86919911 3.40000000
 C	24.16350846 30.71052659 3.40000000
 C	26.47519854 31.55191297 3.40000000
 C	-10.51103366 18.09002537 3.40000000
 C	-3.57612524 20.61412561 3.40000000
 C	28.78683468 32.39327972 3.40000000
 C	31.09841689 33.23462683 3.40000000
 C	33.41010697 34.07601321 3.40000000
 C	35.72179705 34.91739959 3.40000000
 C	38.03332531 35.75872708 3.40000000
 C	40.34501539 36.60011346 3.40000000
 C	42.65665153 37.44148021 3.40000000
 C	44.96823374 38.28282732 3.40000000
 C	-12.82261587 17.24867825 3.40000000
 C	-1.26443516 21.45551199 3.40000000
 C	-15.13425201 16.40731151 3.40000000
 C	1.04720098 22.29687874 3.40000000
 C	-7.28638587 20.01943239 3.40000000
 C	-18.84467446 15.81255939 3.40000000
 C	4.27174090 24.22624650 3.40000000
 C	-21.15620272 14.97123190 3.40000000
 C	6.58343098 25.06763288 3.40000000
 C	8.89495924 25.90896036 3.40000000
 C	11.20664932 26.75034674 3.40000000
 C	13.51833940 27.59173312 3.40000000
 C	-9.59807595 19.17804601 3.40000000
 C	-4.97485761 20.86075987 3.40000000
 C	15.83002948 28.43311950 3.40000000
 C	18.14155775 29.27444699 3.40000000
 C	20.45324783 30.11583337 3.40000000
 C	22.76477609 30.95716085 3.40000000
 C	25.07646617 31.79854723 3.40000000
 C	27.38815625 32.63993361 3.40000000
 C	29.69984633 33.48131999 3.40000000
 C	32.01137460 34.32264748 3.40000000
 C	34.32306468 35.16403386 3.40000000
 C	36.63459294 36.00536134 3.40000000
 C	-11.90960422 18.33671853 3.40000000
 C	38.94628302 36.84674772 3.40000000
 C	-2.66316753 21.70214625 3.40000000
 C	41.25797310 37.68813410 3.40000000
 C	43.56966318 38.52952048 3.40000000
 C	45.88119145 39.37084796 3.40000000
 C	-14.22129430 17.49533215 3.40000000
 C	-0.35147745 22.54353263 3.40000000
 C	-16.53298438 16.65394577 3.40000000
 C	1.96021263 23.38491901 3.40000000
 C	-7.77217049 21.35403075 3.40000000
 C	-19.33029726 17.14721665 3.40000000
 C	3.78595628 25.56084486 3.40000000
 C	-21.64198734 16.30583027 3.40000000
 C	6.09764636 26.40223124 3.40000000
 C	8.40933644 27.24361762 3.40000000
 C	10.72086470 28.08494511 3.40000000
 C	13.03255478 28.92633149 3.40000000
 C	-10.08386057 20.51264437 3.40000000
 C	15.34419092 29.76769823 3.40000000
 C	-5.46048041 22.19541713 3.40000000
 C	17.65577313 30.60904535 3.40000000
 C	19.96746321 31.45043173 3.40000000
 C	22.27915329 32.29181811 3.40000000
 C	24.59068155 33.13314559 3.40000000
 C	26.90237163 33.97453197 3.40000000
 C	29.21400777 34.81589872 3.40000000
 C	31.52558998 35.65724584 3.40000000
 C	33.83728006 36.49863222 3.40000000
 C	36.14897014 37.34001860 3.40000000
 C	-12.39544278 19.67129726 3.40000000
 C	38.46049840 38.18134608 3.40000000
 C	-3.14895215 23.03674462 3.40000000
 C	40.77218848 39.02273246 3.40000000
 C	43.08382462 39.86409921 3.40000000
 C	45.39540683 40.70544633 3.40000000
 C	-14.70707892 18.82993051 3.40000000
 C	-0.83726207 23.87813100 3.40000000
 C	-17.01876900 17.98854413 3.40000000
 C	1.47437407 24.71949775 3.40000000
 C	-18.41749140 18.23523491 3.40000000
 C	2.38739569 25.80759454 3.40000000
 C	-9.17089289 21.60072153 3.40000000
 C	-6.85920281 22.44210791 3.40000000
 C	-20.72901966 17.39390743 3.40000000
 C	4.69892396 26.64892202 3.40000000
 C	7.01061404 27.49030840 3.40000000
 C	9.32214230 28.33163589 3.40000000
 C	11.63383238 29.17302227 3.40000000
 C	13.94552246 30.01440865 3.40000000
 C	16.25721254 30.85579503 3.40000000
 C	18.56874081 31.69712251 3.40000000
 C	20.88043089 32.53850889 3.40000000
 C	23.19195915 33.37983637 3.40000000
 C	25.50364923 34.22122275 3.40000000
 C	-11.48242116 20.75939405 3.40000000
 C	-4.54767455 23.28343540 3.40000000
 C	27.81533931 35.06260913 3.40000000
 C	30.12702939 35.90399551 3.40000000
 C	32.43855766 36.74532300 3.40000000
 C	34.75024774 37.58670938 3.40000000
 C	37.06177600 38.42803686 3.40000000
 C	39.37346608 39.26942324 3.40000000
 C	41.68515616 40.11080962 3.40000000
 C	43.99684624 40.95219600 3.40000000
 C	46.30837451 41.79352349 3.40000000
 C	-13.79411124 19.91800767 3.40000000
 C	-2.23598447 24.12482178 3.40000000
 C	-16.10580132 19.07662129 3.40000000
 C	0.07570561 24.96620816 3.40000000
 C	-18.90313414 19.56977911 3.40000000
 C	1.90153720 27.14206021 3.40000000
 C	-9.65669745 22.93520684 3.40000000
 C	-7.34500737 23.77659322 3.40000000
 C	-21.21482422 18.72839273 3.40000000
 C	4.21311940 27.98340733 3.40000000
 C	6.52480948 28.82479371 3.40000000
 C	8.83649956 29.66618009 3.40000000
 C	11.14802783 30.50750757 3.40000000
 C	13.45971791 31.34889395 3.40000000
 C	15.77135405 32.19026070 3.40000000
 C	18.08293625 33.03160782 3.40000000
 C	20.39462633 33.87299420 3.40000000
 C	22.70631641 34.71438058 3.40000000
 C	25.01784468 35.55570806 3.40000000
 C	-11.96827965 22.09385973 3.40000000
 C	-5.03331729 24.61797960 3.40000000
 C	27.32953476 36.39709444 3.40000000
 C	29.64117090 37.23846119 3.40000000
 C	31.95275310 38.07980831 3.40000000
 C	34.26444318 38.92119469 3.40000000
 C	36.57613326 39.76258107 3.40000000
 C	38.88766153 40.60390855 3.40000000
 C	41.19935161 41.44529493 3.40000000
 C	43.51098775 42.28666168 3.40000000
 C	45.82256995 43.12800879 3.40000000
 C	-14.27991579 21.25249298 3.40000000
 C	-2.72178902 25.45930709 3.40000000
 C	-16.59160587 20.41110660 3.40000000
 C	-0.41009894 26.30069347 3.40000000
 C	-8.74373973 24.02322747 3.40000000
 C	-20.30186650 19.81641336 3.40000000
 C	2.81454885 28.23010048 3.40000000
 C	5.12607712 29.07142796 3.40000000
 C	7.43776720 29.91281434 3.40000000
 C	9.74929546 30.75414183 3.40000000
 C	12.06098554 31.59552821 3.40000000
 C	-11.05526800 23.18189999 3.40000000
 C	14.37267562 32.43691459 3.40000000
 C	-6.43204965 24.86461385 3.40000000
 C	16.68436570 33.27830097 3.40000000
 C	18.99589397 34.11962845 3.40000000
 C	21.30758405 34.96101483 3.40000000
 C	23.61911231 35.80234231 3.40000000
 C	25.93080239 36.64372869 3.40000000
 C	28.24249247 37.48511507 3.40000000
 C	30.55418255 38.32650145 3.40000000
 C	32.86571082 39.16782894 3.40000000
 C	35.17740090 40.00921532 3.40000000
 C	-13.36695808 22.34051361 3.40000000
 C	-4.12052139 25.70594134 3.40000000
 C	37.48892916 40.85054280 3.40000000
 C	39.80061924 41.69192918 3.40000000
 C	42.11230932 42.53331556 3.40000000
 C	44.42399940 43.37470194 3.40000000
 C	46.73552767 44.21602943 3.40000000
 C	-15.67864816 21.49912723 3.40000000
 C	-1.80883131 26.54732772 3.40000000
 C	-17.99033824 20.65774085 3.40000000
 C	0.50285877 27.38871410 3.40000000
 C	-9.22951438 25.35788237 3.40000000
 C	-20.78764115 21.15106826 3.40000000
 C	2.32872026 29.56473574 3.40000000
 C	4.64030247 30.40608285 3.40000000
 C	6.95199255 31.24746923 3.40000000
 C	9.26368263 32.08885561 3.40000000
 C	11.57521089 32.93018310 3.40000000
 C	-11.54109659 24.51653525 3.40000000
 C	13.88690097 33.77156948 3.40000000
 C	-6.91782430 26.19926875 3.40000000
 C	16.19853711 34.61293623 3.40000000
 C	18.51011931 35.45428334 3.40000000
 C	20.82180939 36.29566972 3.40000000
 C	23.13349947 37.13705610 3.40000000
 C	25.44502774 37.97838359 3.40000000
 C	27.75671782 38.81976997 3.40000000
 C	30.06835396 39.66113671 3.40000000
 C	32.37993616 40.50248383 3.40000000
 C	34.69162624 41.34387021 3.40000000
 C	-13.85273273 23.67516850 3.40000000
 C	37.00331632 42.18525659 3.40000000
 C	-4.60613422 27.04065513 3.40000000
 C	39.31484459 43.02658407 3.40000000
 C	41.62653467 43.86797045 3.40000000
 C	43.93817081 44.70933720 3.40000000
 C	46.24975301 45.55068432 3.40000000
 C	-16.16442281 22.83378212 3.40000000
 C	-2.29460596 27.88198261 3.40000000
 C	-18.47595107 21.99245464 3.40000000
 C	0.01708412 28.72336899 3.40000000
 C	-19.87468344 22.23908889 3.40000000
 C	0.93004183 29.81138962 3.40000000
 C	-10.62808494 25.60457551 3.40000000
 C	-8.31655667 26.44590300 3.40000000
 C	3.24173191 30.65277600 3.40000000
 C	5.55326018 31.49410348 3.40000000
 C	7.86495026 32.33548986 3.40000000
 C	10.17647852 33.17681735 3.40000000
 C	12.48816860 34.01820373 3.40000000
 C	14.79985868 34.85959011 3.40000000
 C	17.11154876 35.70097649 3.40000000
 C	19.42307703 36.54230397 3.40000000
 C	21.73476711 37.38369035 3.40000000
 C	24.04629537 38.22501784 3.40000000
 C	-12.93977502 24.76318913 3.40000000
 C	-6.00486659 27.28728938 3.40000000
 C	26.35798545 39.06640422 3.40000000
 C	28.66967553 39.90779060 3.40000000
 C	30.98136561 40.74917698 3.40000000
 C	33.29289388 41.59050446 3.40000000
 C	35.60458396 42.43189084 3.40000000
 C	37.91611222 43.27321832 3.40000000
 C	40.22780230 44.11460470 3.40000000
 C	42.53949238 44.95599108 3.40000000
 C	44.85118246 45.79737746 3.40000000
 C	47.16271073 46.63870495 3.40000000
 C	-15.25146510 23.92180275 3.40000000
 C	-3.69333833 28.12861686 3.40000000
 C	-17.56315518 23.08041637 3.40000000
 C	-1.38164825 28.97000324 3.40000000
 C	-20.36045809 23.57374378 3.40000000
 C	0.44426718 31.14604451 3.40000000
 C	-11.11391353 26.93921077 3.40000000
 C	-8.80233132 27.78055789 3.40000000
 C	2.75590332 31.98741126 3.40000000
 C	5.06748553 32.82875838 3.40000000
 C	7.37917561 33.67014476 3.40000000
 C	9.69086569 34.51153114 3.40000000
 C	12.00239395 35.35285862 3.40000000
 C	14.31408403 36.19424500 3.40000000
 C	16.62572017 37.03561175 3.40000000
 C	18.93730238 37.87695886 3.40000000
 C	21.24899246 38.71834524 3.40000000
 C	23.56068254 39.55973162 3.40000000
 C	-13.42554967 26.09784402 3.40000000
 C	-6.49064124 28.62194427 3.40000000
 C	25.87221080 40.40105911 3.40000000
 C	28.18390088 41.24244549 3.40000000
 C	30.49553702 42.08381224 3.40000000
 C	32.80711923 42.92515935 3.40000000
 C	35.11880931 43.76654573 3.40000000
 C	37.43049939 44.60793211 3.40000000
 C	39.74202765 45.44925960 3.40000000
 C	42.05371773 46.29064598 3.40000000
 C	44.36535387 47.13201272 3.40000000
 C	46.67693608 47.97335984 3.40000000
 C	-15.73723975 25.25645764 3.40000000
 C	-4.17895116 29.46333065 3.40000000
 C	-18.04876801 24.41513016 3.40000000
 C	-1.86742290 30.30465813 3.40000000
 C	-10.20093178 28.02708145 3.40000000
 C	1.35719499 32.23389556 3.40000000
 C	3.66888507 33.07528194 3.40000000
 C	5.98041334 33.91660942 3.40000000
 C	8.29210342 34.75799580 3.40000000
 C	10.60363168 35.59932329 3.40000000
 C	-12.51262186 27.18569507 3.40000000
 C	-7.88940351 28.86840894 3.40000000
 C	12.91532176 36.44070967 3.40000000
 C	15.22701184 37.28209605 3.40000000
 C	17.53870192 38.12348243 3.40000000
 C	19.85023019 38.96480991 3.40000000
 C	22.16192027 39.80619629 3.40000000
 C	24.47344853 40.64752378 3.40000000
 C	26.78513861 41.48891016 3.40000000
 C	29.09682869 42.33029654 3.40000000
 C	31.40851877 43.17168292 3.40000000
 C	33.72004704 44.01301040 3.40000000
 C	36.03173712 44.85439678 3.40000000
 C	-14.82431194 26.34430869 3.40000000
 C	-5.57771343 29.70979532 3.40000000
 C	38.34326538 45.69572426 3.40000000
 C	40.65495546 46.53711064 3.40000000
 C	42.96664554 47.37849702 3.40000000
 C	45.27833562 48.21988340 3.40000000
 C	47.58986389 49.06121089 3.40000000
 C	-3.26618517 30.55112280 3.40000000
 C	-17.13600202 25.50292231 3.40000000
 C	-19.44753028 24.66159483 3.40000000
 C	-0.95449509 31.39250918 3.40000000
 C	-10.68676037 29.36171671 3.40000000
 C	0.87142034 33.56855045 3.40000000
 C	3.18305648 34.40991720 3.40000000
 C	5.49463869 35.25126432 3.40000000
 C	7.80632877 36.09265070 3.40000000
 C	10.11801885 36.93403708 3.40000000
 C	-12.99839651 28.52034996 3.40000000
 C	-8.37517816 30.20306383 3.40000000
 C	12.42954711 37.77536456 3.40000000
 C	14.74123719 38.61675094 3.40000000
 C	17.05287333 39.45811769 3.40000000
 C	19.36445554 40.29946480 3.40000000
 C	21.67614562 41.14085118 3.40000000
 C	23.98783570 41.98223756 3.40000000
 C	26.29936396 42.82356505 3.40000000
 C	28.61105404 43.66495143 3.40000000
 C	30.92269018 44.50631818 3.40000000
 C	33.23427239 45.34766529 3.40000000
 C	35.54596247 46.18905167 3.40000000
 C	-15.31008659 27.67896358 3.40000000
 C	-6.06348808 31.04445021 3.40000000
 C	37.85765255 47.03043805 3.40000000
 C	40.16918081 47.87176554 3.40000000
 C	42.48087089 48.71315192 3.40000000
 C	44.79250703 49.55451866 3.40000000
 C	47.10408924 50.39586578 3.40000000
 C	-17.62161485 26.83763610 3.40000000
 C	-3.75179800 31.88583659 3.40000000
 C	-19.93330493 25.99624972 3.40000000
 C	-1.44026974 32.72716407 3.40000000
 C	-0.52731203 33.81518471 3.40000000
 C	-12.08543880 29.60837060 3.40000000
 C	-9.77374872 30.44975698 3.40000000
 C	1.78437805 34.65657109 3.40000000
 C	4.09606813 35.49795747 3.40000000
 C	6.40759640 36.33928496 3.40000000
 C	8.71928648 37.18067134 3.40000000
 C	11.03081474 38.02199882 3.40000000
 C	13.34250482 38.86338520 3.40000000
 C	15.65419490 39.70477158 3.40000000
 C	17.96588498 40.54615796 3.40000000
 C	20.27741325 41.38748544 3.40000000
 C	22.58910333 42.22887182 3.40000000
 C	-14.39712888 28.76698422 3.40000000
 C	-7.46222045 31.29108447 3.40000000
 C	24.90063159 43.07019931 3.40000000
 C	27.21232167 43.91158569 3.40000000
 C	29.52401175 44.75297207 3.40000000
 C	31.83570183 45.59435845 3.40000000
 C	34.14723010 46.43568593 3.40000000
 C	36.45892018 47.27707231 3.40000000
 C	38.77044844 48.11839980 3.40000000
 C	41.08213852 48.95978618 3.40000000
 C	43.39382860 49.80117256 3.40000000
 C	45.70551868 50.64255894 3.40000000
 C	-16.70881896 27.92559784 3.40000000
 C	-5.15053037 32.13247085 3.40000000
 C	48.01704695 51.48388642 3.40000000
 C	-19.02034722 27.08427036 3.40000000
 C	-2.83900211 32.97379833 3.40000000
 C	-1.01308668 35.14983959 3.40000000
 C	-12.57121345 30.94302549 3.40000000
 C	-10.25957731 31.78439223 3.40000000
 C	1.29860340 35.99122597 3.40000000
 C	3.61023954 36.83259272 3.40000000
 C	5.92182175 37.67393984 3.40000000
 C	8.23351183 38.51532622 3.40000000
 C	10.54520191 39.35671260 3.40000000
 C	12.85673017 40.19804008 3.40000000
 C	15.16842025 41.03942646 3.40000000
 C	17.48005639 41.88079321 3.40000000
 C	19.79163860 42.72214033 3.40000000
 C	22.10332868 43.56352671 3.40000000
 C	-14.88290353 30.10163911 3.40000000
 C	-7.94799510 32.62573935 3.40000000
 C	24.41501876 44.40491309 3.40000000
 C	26.72654702 45.24624057 3.40000000
 C	29.03823710 46.08762695 3.40000000
 C	31.34987324 46.92899370 3.40000000
 C	33.66145545 47.77034081 3.40000000
 C	35.97314553 48.61172719 3.40000000
 C	38.28483561 49.45311357 3.40000000
 C	40.59636387 50.29444106 3.40000000
 C	42.90805395 51.13582744 3.40000000
 C	45.21969009 51.97719419 3.40000000
 C	-17.19443179 29.26031162 3.40000000
 C	-5.63630502 33.46712573 3.40000000
 C	47.53127230 52.81854130 3.40000000
 C	-19.50612187 28.41892524 3.40000000
 C	-3.32461494 34.30851211 3.40000000
 C	-11.65825574 32.03104613 3.40000000
 C	-0.10012897 36.23786024 3.40000000
 C	2.21156111 37.07924662 3.40000000
 C	4.52325119 37.92063300 3.40000000
 C	6.83477946 38.76196048 3.40000000
 C	9.14646954 39.60334686 3.40000000
 C	-13.96994582 31.18965975 3.40000000
 C	11.45799780 40.44467434 3.40000000
 C	-9.34656566 32.87243251 3.40000000
 C	13.76968788 41.28606072 3.40000000
 C	16.08137796 42.12744710 3.40000000
 C	18.39306804 42.96883348 3.40000000
 C	20.70459631 43.81016097 3.40000000
 C	23.01628639 44.65154735 3.40000000
 C	25.32781465 45.49287483 3.40000000
 C	27.63950473 46.33426121 3.40000000
 C	29.95119481 47.17564759 3.40000000
 C	32.26288489 48.01703397 3.40000000
 C	34.57441316 48.85836146 3.40000000
 C	-16.28163590 30.34827337 3.40000000
 C	-7.03503739 33.71375999 3.40000000
 C	36.88610324 49.69974784 3.40000000
 C	39.19763150 50.54107532 3.40000000
 C	41.50932158 51.38246170 3.40000000
 C	43.82101166 52.22384808 3.40000000
 C	46.13270174 53.06523446 3.40000000
 C	48.44423001 53.90656194 3.40000000
 C	-18.59316416 29.50694588 3.40000000
 C	-4.72334731 34.55514637 3.40000000
 C	-2.41181905 35.39647386 3.40000000
 C	-12.14404036 33.36564449 3.40000000
 C	-0.58591359 37.57245860 3.40000000
 C	1.72577649 38.41384498 3.40000000
 C	4.03741263 39.25521173 3.40000000
 C	6.34899484 40.09655884 3.40000000
 C	8.66068492 40.93794522 3.40000000
 C	-14.45573044 32.52425811 3.40000000
 C	10.97237500 41.77933160 3.40000000
 C	-9.83240422 34.20701124 3.40000000
 C	13.28390326 42.62065909 3.40000000
 C	15.59559334 43.46204547 3.40000000
 C	17.90722948 44.30341222 3.40000000
 C	20.21881169 45.14475933 3.40000000
 C	22.53050177 45.98614571 3.40000000
 C	24.84219185 46.82753209 3.40000000
 C	27.15372011 47.66885958 3.40000000
 C	29.46541019 48.51024596 3.40000000
 C	31.77704633 49.35161270 3.40000000
 C	-16.76725870 31.68293063 3.40000000
 C	34.08862854 50.19295982 3.40000000
 C	-7.52082201 35.04835836 3.40000000
 C	36.40031862 51.03434620 3.40000000
 C	38.71200870 51.87573258 3.40000000
 C	41.02353696 52.71706006 3.40000000
 C	43.33522704 53.55844644 3.40000000
 C	45.64686318 54.39981319 3.40000000
 C	47.95844539 55.24116031 3.40000000
 C	-19.07894878 30.84154425 3.40000000
 C	-5.20913193 35.88974474 3.40000000
 C	-2.89744185 36.73113112 3.40000000
 C	-1.98463599 37.81914938 3.40000000
 C	-13.54276276 33.61233527 3.40000000
 C	-11.23107268 34.45372165 3.40000000
 C	0.32705409 38.66053576 3.40000000
 C	2.63874417 39.50192214 3.40000000
 C	4.95043425 40.34330852 3.40000000
 C	7.26196252 41.18463600 3.40000000
 C	9.57365260 42.02602238 3.40000000
 C	11.88518086 42.86734987 3.40000000
 C	14.19687094 43.70873625 3.40000000
 C	16.50856102 44.55012263 3.40000000
 C	18.82025110 45.39150901 3.40000000
 C	21.13177937 46.23283649 3.40000000
 C	-15.85445284 32.77094889 3.40000000
 C	-8.91938260 35.29510803 3.40000000
 C	23.44346945 47.07422287 3.40000000
 C	25.75499771 47.91555035 3.40000000
 C	28.06668779 48.75693673 3.40000000
 C	30.37837787 49.59832311 3.40000000
 C	32.69006795 50.43970949 3.40000000
 C	35.00159622 51.28103698 3.40000000
 C	37.31328630 52.12242336 3.40000000
 C	39.62481456 52.96375084 3.40000000
 C	41.93650464 53.80513722 3.40000000
 C	44.24819472 54.64652360 3.40000000
 C	-18.16598110 31.92962141 3.40000000
 C	-6.60785433 36.13643551 3.40000000
 C	46.55988480 55.48790998 3.40000000
 C	48.87141307 56.32923747 3.40000000
 C	-4.29616425 36.97782189 3.40000000
 C	-2.47027873 39.15369358 3.40000000
 C	-14.02856731 34.94682058 3.40000000
 C	-11.71687723 35.78820696 3.40000000
 C	-0.15875046 39.99502107 3.40000000
 C	2.15293962 40.83640745 3.40000000
 C	4.46457576 41.67777419 3.40000000
 C	6.77615796 42.51912131 3.40000000
 C	9.08784804 43.36050769 3.40000000
 C	11.39953812 44.20189407 3.40000000
 C	13.71106639 45.04322155 3.40000000
 C	16.02275647 45.88460793 3.40000000
 C	18.33439261 46.72597468 3.40000000
 C	20.64597481 47.56732180 3.40000000
 C	-16.34009558 34.10549309 3.40000000
 C	-9.40524109 36.62957371 3.40000000
 C	22.95766489 48.40870818 3.40000000
 C	25.26935497 49.25009456 3.40000000
 C	27.58088324 50.09142204 3.40000000
 C	29.89257332 50.93280842 3.40000000
 C	32.20420946 51.77417517 3.40000000
 C	34.51579166 52.61552229 3.40000000
 C	36.82748174 53.45690867 3.40000000
 C	39.13917182 54.29829505 3.40000000
 C	41.45070009 55.13962253 3.40000000
 C	43.76239017 55.98100891 3.40000000
 C	-18.65178566 33.26410671 3.40000000
 C	-7.09365889 37.47092082 3.40000000
 C	46.07402631 56.82237566 3.40000000
 C	48.38560851 57.66372277 3.40000000
 C	-4.78196881 38.31230720 3.40000000
 C	-13.11560960 36.03484121 3.40000000
 C	-1.55748283 40.24165532 3.40000000
 C	0.75420725 41.08304170 3.40000000
 C	3.06589733 41.92442808 3.40000000
 C	5.37758741 42.76581446 3.40000000
 C	7.68911568 43.60714194 3.40000000
 C	10.00080576 44.44852832 3.40000000
 C	-15.42729968 35.19345483 3.40000000
 C	-10.80391952 36.87622759 3.40000000
 C	12.31233402 45.28985581 3.40000000
 C	14.62402410 46.13124219 3.40000000
 C	16.93571418 46.97262857 3.40000000
 C	19.24740426 47.81401495 3.40000000
 C	21.55893253 48.65534243 3.40000000
 C	23.87062261 49.49672881 3.40000000
 C	26.18215087 50.33805629 3.40000000
 C	28.49384095 51.17944267 3.40000000
 C	30.80553103 52.02082905 3.40000000
 C	-17.73882794 34.35212735 3.40000000
 C	33.11722111 52.86221543 3.40000000
 C	-8.49222944 37.71761397 3.40000000
 C	35.42874938 53.70354292 3.40000000
 C	37.74043946 54.54492930 3.40000000
 C	40.05196772 55.38625678 3.40000000
 C	42.36365780 56.22764316 3.40000000
 C	44.67534788 57.06902954 3.40000000
 C	46.98703796 57.91041592 3.40000000
 C	-6.18070117 38.55894145 3.40000000
 C	-3.86901109 39.40032783 3.40000000
 H	-28.39519123 -37.06542036 3.40000000
 H	-26.08355203 -36.22405251 3.40000000
 H	-23.77186195 -35.38266613 3.40000000
 H	-21.46018884 -34.54128592 3.40000000
 H	-19.14864361 -33.69995226 3.40000000
 H	-16.83695353 -32.85856588 3.40000000
 H	-14.52537438 -32.01721987 3.40000000
 H	-12.21373518 -31.17585202 3.40000000
 H	-9.90204510 -30.33446564 3.40000000
 H	-7.59037199 -29.49308543 3.40000000
 H	-5.27882676 -28.65175177 3.40000000
 H	-2.96713668 -27.81036539 3.40000000
 H	-0.65555753 -26.96901938 3.40000000
 H	1.65608167 -26.12765153 3.40000000
 H	3.96777175 -25.28626515 3.40000000
 H	6.27944486 -24.44488494 3.40000000
 H	8.59099009 -23.60355129 3.40000000
 H	10.90268017 -22.76216491 3.40000000
 H	13.21425932 -21.92081889 3.40000000
 H	15.52589852 -21.07945104 3.40000000
 H	17.83758860 -20.23806466 3.40000000
 H	20.14926171 -19.39668446 3.40000000
 H	22.46080694 -18.55535080 3.40000000
 H	24.77249702 -17.71396442 3.40000000
 H	27.08407617 -16.87261840 3.40000000
 H	29.39571537 -16.03125055 3.40000000
 H	31.70740545 -15.18986417 3.40000000
 H	34.01907856 -14.34848397 3.40000000
 H	36.33062379 -13.50715031 3.40000000
 H	37.86946381 -11.67323220 3.40000000
 H	38.29663746 -9.25061000 3.40000000
 H	38.72380001 -6.82805073 3.40000000
 H	39.15098307 -4.40537521 3.40000000
 H	39.57815931 -1.98273844 3.40000000
 H	40.00531930 0.43980625 3.40000000
 H	40.43250236 2.86248178 3.40000000
 H	40.85967602 5.28510398 3.40000000
 H	41.28683857 7.70766325 3.40000000
 H	41.71402163 10.13033877 3.40000000
 H	42.14119787 12.55297554 3.40000000
 H	42.56835786 14.97552024 3.40000000
 H	42.99554092 17.39819576 3.40000000
 H	43.42271458 19.82081796 3.40000000
 H	43.84987713 22.24337723 3.40000000
 H	44.27706019 24.66605275 3.40000000
 H	44.70423643 27.08868952 3.40000000
 H	45.13139642 29.51123422 3.40000000
 H	45.55857948 31.93390974 3.40000000
 H	45.98575314 34.35653194 3.40000000
 H	46.41291569 36.77909121 3.40000000
 H	46.84009875 39.20176673 3.40000000
 H	47.26727499 41.62440350 3.40000000
 H	47.69443498 44.04694820 3.40000000
 H	48.12161804 46.46962372 3.40000000
 H	48.54879169 48.89224592 3.40000000
 H	48.97595425 51.31480519 3.40000000
 H	49.40313731 53.73748071 3.40000000
 H	49.83031354 56.16011748 3.40000000
 H	49.01149081 58.40962025 3.40000000
 H	46.65397597 58.82538117 3.40000000
 H	44.34232287 57.98400825 3.40000000
 H	42.03063279 57.14262187 3.40000000
 H	39.71905364 56.30127585 3.40000000
 H	37.40741444 55.45990800 3.40000000
 H	35.09572436 54.61852162 3.40000000
 H	32.78415912 53.77718068 3.40000000
 H	30.47250602 52.93580776 3.40000000
 H	28.16081594 52.09442138 3.40000000
 H	25.84923679 51.25307536 3.40000000
 H	23.53759759 50.41170751 3.40000000
 H	21.22590751 49.57032113 3.40000000
 H	18.91434227 48.72898019 3.40000000
 H	16.60268917 47.88760727 3.40000000
 H	14.29099909 47.04622089 3.40000000
 H	11.97941994 46.20487488 3.40000000
 H	9.66778074 45.36350703 3.40000000
 H	7.35609066 44.52212065 3.40000000
 H	5.04452542 43.68077970 3.40000000
 H	2.73287232 42.83940678 3.40000000
 H	0.42118224 41.99802040 3.40000000
 H	-1.89039691 41.15667439 3.40000000
 H	-4.20203611 40.31530654 3.40000000
 H	-6.51372619 39.47392016 3.40000000
 H	-8.82529143 38.63257922 3.40000000
 H	-11.13694453 37.79120629 3.40000000
 H	-13.44863461 36.94981991 3.40000000
 H	-15.76021376 36.10847390 3.40000000
 H	-18.07185296 35.26710605 3.40000000
 H	-19.61069297 33.43318794 3.40000000
 H	-20.03784926 31.01066423 3.40000000
 H	-20.46502918 28.58800648 3.40000000
 H	-20.89221224 26.16533095 3.40000000
 H	-21.31938590 23.74270875 3.40000000
 H	-21.74654847 21.32014949 3.40000000
 H	-22.17373153 18.89747396 3.40000000
 H	-22.60088782 16.47495025 3.40000000
 H	-23.02806774 14.05229249 3.40000000
 H	-23.45525080 11.62961697 3.40000000
 H	-23.88242446 9.20699477 3.40000000
 H	-24.30958703 6.78443551 3.40000000
 H	-24.73677009 4.36175998 3.40000000
 H	-25.16392638 1.93923627 3.40000000
 H	-25.59110630 -0.48342149 3.40000000
 H	-26.01828936 -2.90609701 3.40000000
 H	-26.44546302 -5.32871921 3.40000000
 H	-26.87262559 -7.75127848 3.40000000
 H	-27.29980865 -10.17395400 3.40000000
 H	-27.72696494 -12.59647771 3.40000000
 H	-28.15414486 -15.01913547 3.40000000
 H	-28.58132792 -17.44181099 3.40000000
 H	-29.00850158 -19.86443319 3.40000000
 H	-29.43566415 -22.28699246 3.40000000
 H	-29.86284721 -24.70966798 3.40000000
 H	-30.29000350 -27.13219169 3.40000000
 H	-30.71718341 -29.55484945 3.40000000
 H	-31.14436648 -31.97752497 3.40000000
 H	-31.57154014 -34.40014717 3.40000000
 H	-30.75271998 -36.64966451 3.40000000
