 C	12.07233732 -20.90990160 3.40000000
 C	1.42031007 -27.05985240 3.40000000
 C	22.72446398 -14.75989340 3.40000000
 C	-0.71015504 -28.28987700 3.40000000
 C	24.85482967 -13.52992620 3.40000000
 C	-2.84052072 -29.51984420 3.40000000
 C	26.98529477 -12.29990160 3.40000000
 C	-4.97093611 -30.74984010 3.40000000
 C	29.11575987 -11.06987700 3.40000000
 C	-7.10140121 -31.97986470 3.40000000
 C	31.24607584 -9.83993850 3.40000000
 C	9.94197163 -22.13986880 3.40000000
 C	-9.23171718 -33.20980320 3.40000000
 C	33.37654094 -8.60991390 3.40000000
 C	14.20280242 -19.67987700 3.40000000
 C	-11.36218229 -34.43982780 3.40000000
 C	35.50695634 -7.37991800 3.40000000
 C	-13.49264739 -35.66985240 3.40000000
 C	37.63732202 -6.14995080 3.40000000
 C	-15.62301307 -36.89981960 3.40000000
 C	-17.75342846 -38.12981550 3.40000000
 C	-19.88389356 -39.35984010 3.40000000
 C	-22.01420954 -40.58977860 3.40000000
 C	7.81155624 -23.36986470 3.40000000
 C	16.33326752 -18.44985240 3.40000000
 C	5.68109114 -24.59988930 3.40000000
 C	18.46358349 -17.21991390 3.40000000
 C	3.55077517 -25.82982780 3.40000000
 C	20.59404859 -15.98988930 3.40000000
 C	2.13046510 -25.82982780 3.40000000
 C	21.30420363 -14.75986470 3.40000000
 C	10.65217638 -20.90981550 3.40000000
 C	12.78249235 -19.67987700 3.40000000
 C	-0.00000000 -27.05985240 3.40000000
 C	23.43466873 -13.52984010 3.40000000
 C	-2.13031597 -28.28979090 3.40000000
 C	25.56498470 -12.29990160 3.40000000
 C	-4.26078107 -29.51981550 3.40000000
 C	27.69544980 -11.06987700 3.40000000
 C	-6.39124618 -30.74984010 3.40000000
 C	29.82576578 -9.83993850 3.40000000
 C	-8.52171128 -31.97986470 3.40000000
 C	31.95623088 -8.60991390 3.40000000
 C	-10.65202725 -33.20980320 3.40000000
 C	34.08669598 -7.37988930 3.40000000
 C	-12.78249235 -34.43982780 3.40000000
 C	36.21716108 -6.14986470 3.40000000
 C	-14.91280832 -35.66976630 3.40000000
 C	38.34747705 -4.91992620 3.40000000
 C	-17.04327343 -36.89979090 3.40000000
 C	-19.17373853 -38.12981550 3.40000000
 C	8.52171128 -22.13984010 3.40000000
 C	14.91295745 -18.44985240 3.40000000
 C	-21.30420363 -39.35984010 3.40000000
 C	-23.43451960 -40.58977860 3.40000000
 C	6.39124618 -23.36986470 3.40000000
 C	17.04327342 -17.21991390 3.40000000
 C	4.26078107 -24.59988930 3.40000000
 C	19.17373853 -15.98988930 3.40000000
 C	1.42031007 -24.59980320 3.40000000
 C	20.59404859 -13.52984010 3.40000000
 C	9.94197163 -19.67981960 3.40000000
 C	12.07233732 -18.44985240 3.40000000
 C	-0.71015504 -25.82982780 3.40000000
 C	22.72446399 -12.29984420 3.40000000
 C	-2.84052072 -27.05979500 3.40000000
 C	24.85482967 -11.06987700 3.40000000
 C	-4.97093611 -28.28979090 3.40000000
 C	26.98529477 -9.83985240 3.40000000
 C	-7.10140121 -29.51981550 3.40000000
 C	29.11575987 -8.60982780 3.40000000
 C	-9.23171718 -30.74975400 3.40000000
 C	31.24607584 -7.37988930 3.40000000
 C	-11.36218229 -31.97977860 3.40000000
 C	33.37654094 -6.14986470 3.40000000
 C	-13.49264739 -33.20980320 3.40000000
 C	35.50695634 -4.91986880 3.40000000
 C	-15.62301307 -34.43977040 3.40000000
 C	37.63732202 -3.68990160 3.40000000
 C	-17.75342846 -35.66976630 3.40000000
 C	-19.88389356 -36.89979090 3.40000000
 C	7.81155624 -20.90981550 3.40000000
 C	14.20280242 -17.21982780 3.40000000
 C	-22.01420953 -38.12972940 3.40000000
 C	-24.14467464 -39.35975400 3.40000000
 C	5.68109114 -22.13984010 3.40000000
 C	16.33326752 -15.98980320 3.40000000
 C	3.55077517 -23.36977860 3.40000000
 C	18.46358349 -14.75986470 3.40000000
 C	10.65217638 -18.44993850 3.40000000
 C	0.00000000 -24.59997540 3.40000000
 C	21.30420363 -12.29998770 3.40000000
 C	-2.13031597 -25.82991390 3.40000000
 C	23.43466873 -11.06996310 3.40000000
 C	-4.26078107 -27.05993850 3.40000000
 C	25.56498470 -9.84002460 3.40000000
 C	-6.39124618 -28.28996310 3.40000000
 C	27.69544981 -8.61000000 3.40000000
 C	29.82576578 -7.38006150 3.40000000
 C	-8.52171128 -29.51998770 3.40000000
 C	8.52171128 -19.67996310 3.40000000
 C	12.78249235 -17.22000000 3.40000000
 C	-10.65202725 -30.74992620 3.40000000
 C	31.95623088 -6.15003690 3.40000000
 C	-12.78249235 -31.97995080 3.40000000
 C	34.08669598 -4.92001230 3.40000000
 C	-14.91280832 -33.20988930 3.40000000
 C	36.21716108 -3.68998770 3.40000000
 C	-17.04327342 -34.43991390 3.40000000
 C	38.34747705 -2.46004920 3.40000000
 C	-19.17373853 -35.66993850 3.40000000
 C	-21.30420363 -36.89996310 3.40000000
 C	-23.43451960 -38.12990160 3.40000000
 C	6.39124618 -20.90998770 3.40000000
 C	14.91295745 -15.98997540 3.40000000
 C	17.04327343 -14.76003690 3.40000000
 C	4.26078107 -22.14001230 3.40000000
 C	2.13046510 -23.36995080 3.40000000
 C	19.17373853 -13.53001230 3.40000000
 C	9.94197163 -17.21994260 3.40000000
 C	-0.71015503 -23.36995080 3.40000000
 C	20.59404859 -11.06996310 3.40000000
 C	-2.84052072 -24.59991800 3.40000000
 C	22.72446399 -9.83996720 3.40000000
 C	-4.97093611 -25.82991390 3.40000000
 C	24.85482967 -8.61000000 3.40000000
 C	-7.10140121 -27.05993850 3.40000000
 C	26.98529477 -7.37997540 3.40000000
 C	-9.23171718 -28.28987700 3.40000000
 C	29.11575987 -6.14995080 3.40000000
 C	7.81155624 -18.44993850 3.40000000
 C	12.07233732 -15.98997540 3.40000000
 C	-11.36218228 -29.51990160 3.40000000
 C	31.24607584 -4.92001230 3.40000000
 C	-13.49264739 -30.74992620 3.40000000
 C	33.37654095 -3.68998770 3.40000000
 C	-15.62301307 -31.97989340 3.40000000
 C	35.50695634 -2.45999180 3.40000000
 C	-17.75342846 -33.20988930 3.40000000
 C	37.63732202 -1.23002460 3.40000000
 C	-19.88389356 -34.43991390 3.40000000
 C	-22.01420953 -35.66985240 3.40000000
 C	-24.14467464 -36.89987700 3.40000000
 C	5.68109114 -19.67996310 3.40000000
 C	14.20280242 -14.75995080 3.40000000
 C	3.55077517 -20.90990160 3.40000000
 C	16.33326752 -13.52992620 3.40000000
 C	1.42031007 -22.13992620 3.40000000
 C	18.46358349 -12.29998770 3.40000000
 C	-0.00000000 -22.13992619 3.40000000
 C	19.17373852 -11.06996309 3.40000000
 C	8.52171127 -17.21991389 3.40000000
 C	10.65217638 -15.98988929 3.40000000
 C	-2.13031598 -23.36986469 3.40000000
 C	21.30420363 -9.83993849 3.40000000
 C	-4.26078108 -24.59988929 3.40000000
 C	23.43466873 -8.60991389 3.40000000
 C	-6.39124618 -25.82991389 3.40000000
 C	25.56498470 -7.37997539 3.40000000
 C	-8.52171128 -27.05993849 3.40000000
 C	27.69544980 -6.14995079 3.40000000
 C	-10.65202725 -28.28987699 3.40000000
 C	29.82576577 -4.92001229 3.40000000
 C	-12.78249235 -29.51990159 3.40000000
 C	31.95623087 -3.68998769 3.40000000
 C	-14.91280833 -30.74984009 3.40000000
 C	34.08669598 -2.45996309 3.40000000
 C	-17.04327343 -31.97986469 3.40000000
 C	36.21716108 -1.22993849 3.40000000
 C	-19.17373853 -33.20988929 3.40000000
 C	38.34747705 0.00000001 3.40000000
 C	-21.30420363 -34.43991389 3.40000000
 C	6.39124617 -18.44993849 3.40000000
 C	12.78249235 -14.75995079 3.40000000
 C	-23.43451960 -35.66985239 3.40000000
 C	4.26078107 -19.67996309 3.40000000
 C	14.91295745 -13.52992619 3.40000000
 C	2.13046510 -20.90990159 3.40000000
 C	17.04327342 -12.29998769 3.40000000
 C	-0.71015503 -20.90990160 3.40000000
 C	18.46358349 -9.83993850 3.40000000
 C	7.81155624 -15.98988930 3.40000000
 C	9.94197164 -14.75989340 3.40000000
 C	-2.84052072 -22.13986880 3.40000000
 C	20.59404860 -8.60991390 3.40000000
 C	-4.97093611 -23.36986470 3.40000000
 C	22.72446399 -7.37991800 3.40000000
 C	-7.10140121 -24.59988930 3.40000000
 C	24.85482967 -6.14995080 3.40000000
 C	-9.23171718 -25.82982780 3.40000000
 C	26.98529477 -4.91992620 3.40000000
 C	-11.36218228 -27.05985240 3.40000000
 C	29.11575987 -3.68990160 3.40000000
 C	-13.49264738 -28.28987700 3.40000000
 C	31.24607584 -2.45996310 3.40000000
 C	-15.62301307 -29.51984420 3.40000000
 C	33.37654095 -1.22993850 3.40000000
 C	-17.75342846 -30.74984010 3.40000000
 C	35.50695634 0.00005740 3.40000000
 C	-19.88389356 -31.97986470 3.40000000
 C	37.63732202 1.23002460 3.40000000
 C	-22.01420953 -33.20980320 3.40000000
 C	5.68109114 -17.21991390 3.40000000
 C	12.07233732 -13.52992620 3.40000000
 C	-24.14467463 -34.43982780 3.40000000
 C	3.55077517 -18.44985240 3.40000000
 C	14.20280242 -12.29990160 3.40000000
 C	1.42031007 -19.67987700 3.40000000
 C	16.33326752 -11.06987700 3.40000000
 C	8.52171127 -14.75986470 3.40000000
 C	-2.13031597 -20.90981550 3.40000000
 C	19.17373852 -8.60991390 3.40000000
 C	-4.26078108 -22.13984010 3.40000000
 C	21.30420363 -7.37988930 3.40000000
 C	-6.39124618 -23.36986470 3.40000000
 C	23.43466873 -6.14986470 3.40000000
 C	-8.52171128 -24.59988930 3.40000000
 C	25.56498470 -4.91992620 3.40000000
 C	-10.65202725 -25.82982780 3.40000000
 C	27.69544980 -3.68990160 3.40000000
 C	6.39124617 -15.98988930 3.40000000
 C	-12.78249235 -27.05985240 3.40000000
 C	29.82576577 -2.45996310 3.40000000
 C	10.65217638 -13.52984010 3.40000000
 C	-14.91280833 -28.28979090 3.40000000
 C	31.95623088 -1.22993850 3.40000000
 C	-17.04327343 -29.51981550 3.40000000
 C	34.08669598 0.00008610 3.40000000
 C	-19.17373853 -30.74984010 3.40000000
 C	36.21716108 1.23011070 3.40000000
 C	-21.30420363 -31.97986470 3.40000000
 C	38.34747705 2.46004920 3.40000000
 C	-23.43451960 -33.20980320 3.40000000
 C	4.26078107 -17.21991390 3.40000000
 C	12.78249235 -12.29990160 3.40000000
 C	2.13046510 -18.44985240 3.40000000
 C	14.91295745 -11.06987700 3.40000000
 C	-0.00000000 -19.67987700 3.40000000
 C	17.04327342 -9.83993850 3.40000000
 C	7.81155624 -13.52989749 3.40000000
 C	-2.84052072 -19.67987699 3.40000000
 C	18.46358349 -7.37994669 3.40000000
 C	-4.97093611 -20.90987289 3.40000000
 C	20.59404859 -6.14992209 3.40000000
 C	-7.10140121 -22.13989749 3.40000000
 C	22.72446398 -4.91992619 3.40000000
 C	-9.23171719 -23.36983599 3.40000000
 C	24.85482967 -3.68995899 3.40000000
 C	-11.36218229 -24.59986059 3.40000000
 C	26.98529477 -2.45993439 3.40000000
 C	-13.49264739 -25.82988519 3.40000000
 C	5.68109114 -14.75992209 3.40000000
 C	29.11575987 -1.22990979 3.40000000
 C	9.94197163 -12.29990159 3.40000000
 C	-15.62301307 -27.05985239 3.40000000
 C	31.24607584 0.00002871 3.40000000
 C	-17.75342846 -28.28984829 3.40000000
 C	33.37654094 1.23005331 3.40000000
 C	-19.88389356 -29.51987289 3.40000000
 C	35.50695633 2.46004921 3.40000000
 C	-22.01420954 -30.74981139 3.40000000
 C	37.63732202 3.69001641 3.40000000
 C	-24.14467464 -31.97983599 3.40000000
 C	3.55077517 -15.98986059 3.40000000
 C	12.07233731 -11.06993439 3.40000000
 C	1.42031006 -17.21988519 3.40000000
 C	14.20280242 -9.83990979 3.40000000
 C	-0.71015504 -18.44990979 3.40000000
 C	16.33326752 -8.60988519 3.40000000
 C	-2.13031597 -18.44976630 3.40000000
 C	17.04327342 -7.37988930 3.40000000
 C	6.39124617 -13.52984010 3.40000000
 C	8.52171128 -12.29981550 3.40000000
 C	-4.26078108 -19.67979090 3.40000000
 C	19.17373853 -6.14986470 3.40000000
 C	-6.39124618 -20.90981550 3.40000000
 C	21.30420363 -4.91984010 3.40000000
 C	-8.52171128 -22.13984010 3.40000000
 C	23.43466873 -3.68981550 3.40000000
 C	-10.65202725 -23.36977860 3.40000000
 C	25.56498470 -2.45987700 3.40000000
 C	-12.78249235 -24.59980320 3.40000000
 C	27.69544980 -1.22985240 3.40000000
 C	-14.91280833 -25.82974170 3.40000000
 C	29.82576577 0.00008610 3.40000000
 C	-17.04327343 -27.05976630 3.40000000
 C	31.95623088 1.23011070 3.40000000
 C	-19.17373853 -28.28979090 3.40000000
 C	34.08669598 2.46013530 3.40000000
 C	-21.30420363 -29.51981550 3.40000000
 C	36.21716108 3.69015990 3.40000000
 C	-23.43451960 -30.74975400 3.40000000
 C	38.34747705 4.92009840 3.40000000
 C	4.26078107 -14.75986470 3.40000000
 C	10.65217638 -11.06979090 3.40000000
 C	2.13046510 -15.98980320 3.40000000
 C	12.78249235 -9.83985240 3.40000000
 C	-0.00000000 -17.21982780 3.40000000
 C	14.91295745 -8.60982780 3.40000000
 C	-2.84052072 -17.21994260 3.40000000
 C	16.33326752 -6.14995080 3.40000000
 C	5.68109114 -12.29998770 3.40000000
 C	7.81155624 -11.06996310 3.40000000
 C	-4.97093611 -18.44993850 3.40000000
 C	18.46358349 -4.92001230 3.40000000
 C	-7.10140121 -19.67996310 3.40000000
 C	20.59404859 -3.68998770 3.40000000
 C	-9.23171718 -20.90990160 3.40000000
 C	22.72446398 -2.45999180 3.40000000
 C	-11.36218229 -22.13992620 3.40000000
 C	24.85482967 -1.23002460 3.40000000
 C	-13.49264739 -23.36995080 3.40000000
 C	26.98529477 0.00000000 3.40000000
 C	-15.62301307 -24.59991800 3.40000000
 C	29.11575987 1.23002460 3.40000000
 C	-17.75342846 -25.82991390 3.40000000
 C	31.24607584 2.45996310 3.40000000
 C	-19.88389356 -27.05993850 3.40000000
 C	33.37654094 3.68998770 3.40000000
 C	-22.01420954 -28.28987700 3.40000000
 C	35.50695634 4.91998360 3.40000000
 C	-24.14467464 -29.51990160 3.40000000
 C	37.63732202 6.14995080 3.40000000
 C	3.55077517 -13.52992620 3.40000000
 C	9.94197163 -9.83996720 3.40000000
 C	1.42031007 -14.75995080 3.40000000
 C	12.07233731 -8.61000000 3.40000000
 C	-0.71015504 -15.98997540 3.40000000
 C	14.20280242 -7.37997540 3.40000000
 C	6.39124618 -11.06996310 3.40000000
 C	-4.26078107 -17.21991390 3.40000000
 C	17.04327342 -4.92001230 3.40000000
 C	-6.39124618 -18.44993850 3.40000000
 C	19.17373853 -3.68998770 3.40000000
 C	-8.52171128 -19.67996310 3.40000000
 C	21.30420363 -2.45996310 3.40000000
 C	-10.65202725 -20.90990160 3.40000000
 C	23.43466873 -1.22993850 3.40000000
 C	-12.78249235 -22.13992620 3.40000000
 C	25.56498470 0.00000000 3.40000000
 C	-14.91280832 -23.36986470 3.40000000
 C	27.69544980 1.23002460 3.40000000
 C	4.26078107 -12.29998770 3.40000000
 C	8.52171128 -9.83993850 3.40000000
 C	-17.04327343 -24.59988930 3.40000000
 C	29.82576578 2.45996310 3.40000000
 C	-19.17373853 -25.82991390 3.40000000
 C	31.95623088 3.68998770 3.40000000
 C	-21.30420363 -27.05993850 3.40000000
 C	34.08669598 4.92001230 3.40000000
 C	-23.43451960 -28.28987700 3.40000000
 C	36.21716108 6.15003690 3.40000000
 C	38.34747705 7.37997540 3.40000000
 C	2.13046510 -13.52992620 3.40000000
 C	10.65217638 -8.60991390 3.40000000
 C	-0.00000000 -14.75995080 3.40000000
 C	12.78249235 -7.37997540 3.40000000
 C	-2.13031597 -15.98988930 3.40000000
 C	14.91295745 -6.14995080 3.40000000
 C	5.68109114 -9.83993850 3.40000000
 C	-4.97093611 -15.98988930 3.40000000
 C	16.33326752 -3.68990160 3.40000000
 C	-7.10140121 -17.21991390 3.40000000
 C	18.46358349 -2.45996310 3.40000000
 C	-9.23171718 -18.44985240 3.40000000
 C	20.59404859 -1.22993850 3.40000000
 C	-11.36218229 -19.67987700 3.40000000
 C	22.72446399 0.00005740 3.40000000
 C	-13.49264739 -20.90990160 3.40000000
 C	24.85482967 1.23002460 3.40000000
 C	3.55077517 -11.06987700 3.40000000
 C	-15.62301307 -22.13986880 3.40000000
 C	26.98529477 2.46004920 3.40000000
 C	7.81155624 -8.60991390 3.40000000
 C	-17.75342846 -23.36986470 3.40000000
 C	29.11575987 3.69007380 3.40000000
 C	-19.88389356 -24.59988930 3.40000000
 C	31.24607584 4.92001230 3.40000000
 C	-22.01420954 -25.82982780 3.40000000
 C	33.37654094 6.15003690 3.40000000
 C	-24.14467464 -27.05985240 3.40000000
 C	35.50695634 7.38003280 3.40000000
 C	37.63732202 8.61000000 3.40000000
 C	1.42031007 -12.29990160 3.40000000
 C	9.94197163 -7.37991800 3.40000000
 C	-0.71015504 -13.52992620 3.40000000
 C	12.07233732 -6.14995080 3.40000000
 C	-2.84052072 -14.75989340 3.40000000
 C	14.20280242 -4.91992620 3.40000000
 C	-4.26078107 -14.75986470 3.40000000
 C	14.91295745 -3.68990160 3.40000000
 C	4.26078107 -9.83993850 3.40000000
 C	6.39124618 -8.60991390 3.40000000
 C	-6.39124618 -15.98988930 3.40000000
 C	17.04327343 -2.45996310 3.40000000
 C	-8.52171128 -17.21991390 3.40000000
 C	19.17373853 -1.22993850 3.40000000
 C	-10.65202725 -18.44985240 3.40000000
 C	21.30420363 0.00008610 3.40000000
 C	-12.78249235 -19.67987700 3.40000000
 C	23.43466873 1.23011070 3.40000000
 C	-14.91280832 -20.90981550 3.40000000
 C	25.56498470 2.46004920 3.40000000
 C	-17.04327343 -22.13984010 3.40000000
 C	27.69544980 3.69007380 3.40000000
 C	-19.17373853 -23.36986470 3.40000000
 C	29.82576578 4.92001230 3.40000000
 C	-21.30420363 -24.59988930 3.40000000
 C	31.95623088 6.15003690 3.40000000
 C	-23.43451960 -25.82982780 3.40000000
 C	34.08669598 7.38006150 3.40000000
 C	36.21716108 8.61008610 3.40000000
 C	2.13046510 -11.06987700 3.40000000
 C	8.52171128 -7.37988930 3.40000000
 C	38.34747705 9.84002460 3.40000000
 C	0.00000000 -12.29990160 3.40000000
 C	10.65217638 -6.14986470 3.40000000
 C	-2.13031597 -13.52984010 3.40000000
 C	12.78249235 -4.91992620 3.40000000
 C	-4.97093611 -13.52984010 3.40000000
 C	14.20280242 -2.45987700 3.40000000
 C	3.55077517 -8.60982780 3.40000000
 C	5.68109114 -7.37988930 3.40000000
 C	-7.10140121 -14.75986470 3.40000000
 C	16.33326752 -1.22985240 3.40000000
 C	-9.23171718 -15.98980320 3.40000000
 C	18.46358349 0.00008610 3.40000000
 C	-11.36218228 -17.21982780 3.40000000
 C	20.59404859 1.23011070 3.40000000
 C	-13.49264739 -18.44985240 3.40000000
 C	22.72446399 2.46010660 3.40000000
 C	-15.62301307 -19.67981960 3.40000000
 C	24.85482967 3.69007380 3.40000000
 C	-17.75342846 -20.90981550 3.40000000
 C	26.98529477 4.92009840 3.40000000
 C	-19.88389356 -22.13984010 3.40000000
 C	29.11575987 6.15012300 3.40000000
 C	-22.01420953 -23.36977860 3.40000000
 C	31.24607584 7.38006150 3.40000000
 C	-24.14467464 -24.59980320 3.40000000
 C	33.37654095 8.61008610 3.40000000
 C	35.50695634 9.84008200 3.40000000
 C	1.42031007 -9.83985240 3.40000000
 C	7.81155624 -6.14986470 3.40000000
 C	37.63732202 11.07004920 3.40000000
 C	-0.71015503 -11.06987700 3.40000000
 C	9.94197163 -4.91986880 3.40000000
 C	-2.84052072 -12.29984420 3.40000000
 C	12.07233732 -3.68990160 3.40000000
 C	4.26078108 -7.38006150 3.40000000
 C	-6.39124617 -13.53001230 3.40000000
 C	14.91295745 -1.23002460 3.40000000
 C	17.04327343 -0.00008610 3.40000000
 C	-8.52171128 -14.76003690 3.40000000
 C	-10.65202725 -15.98997540 3.40000000
 C	19.17373853 1.22993850 3.40000000
 C	-12.78249235 -17.22000000 3.40000000
 C	21.30420363 2.45996310 3.40000000
 C	-14.91280832 -18.44993850 3.40000000
 C	23.43466873 3.68998770 3.40000000
 C	2.13046510 -8.61000000 3.40000000
 C	6.39124618 -6.15003690 3.40000000
 C	-17.04327342 -19.67996310 3.40000000
 C	25.56498470 4.91992620 3.40000000
 C	-19.17373853 -20.90998770 3.40000000
 C	27.69544981 6.14995080 3.40000000
 C	29.82576578 7.37988930 3.40000000
 C	-21.30420363 -22.14001230 3.40000000
 C	-23.43451960 -23.36995080 3.40000000
 C	31.95623088 8.60991390 3.40000000
 C	34.08669598 9.83993850 3.40000000
 C	36.21716108 11.06996310 3.40000000
 C	38.34747706 12.29990160 3.40000000
 C	0.00000000 -9.84002460 3.40000000
 C	8.52171128 -4.92001230 3.40000000
 C	-2.13031597 -11.06996310 3.40000000
 C	10.65217638 -3.68998770 3.40000000
 C	-4.26078107 -12.29998770 3.40000000
 C	12.78249235 -2.46004920 3.40000000
 C	3.55077517 -6.14995080 3.40000000
 C	-7.10140121 -12.29998770 3.40000000
 C	14.20280242 -0.00000000 3.40000000
 C	-9.23171718 -13.52992620 3.40000000
 C	16.33326752 1.23002460 3.40000000
 C	-11.36218228 -14.75995080 3.40000000
 C	18.46358349 2.45996310 3.40000000
 C	-13.49264739 -15.98997540 3.40000000
 C	20.59404860 3.68998770 3.40000000
 C	-15.62301307 -17.21994260 3.40000000
 C	22.72446399 4.91998360 3.40000000
 C	1.42031007 -7.37997540 3.40000000
 C	5.68109114 -4.92001230 3.40000000
 C	-17.75342846 -18.44993850 3.40000000
 C	24.85482967 6.14995080 3.40000000
 C	-19.88389356 -19.67996310 3.40000000
 C	26.98529477 7.37997540 3.40000000
 C	-22.01420953 -20.90990160 3.40000000
 C	29.11575987 8.61000000 3.40000000
 C	-24.14467463 -22.13992620 3.40000000
 C	31.24607584 9.83993850 3.40000000
 C	33.37654095 11.06996310 3.40000000
 C	35.50695634 12.29995900 3.40000000
 C	37.63732202 13.52992620 3.40000000
 C	-0.71015503 -8.61000000 3.40000000
 C	7.81155624 -3.68998770 3.40000000
 C	-2.84052072 -9.83996720 3.40000000
 C	9.94197164 -2.45999180 3.40000000
 C	-4.97093611 -11.06996310 3.40000000
 C	12.07233732 -1.23002460 3.40000000
 C	-6.39124618 -11.06996310 3.40000000
 C	12.78249235 0.00000000 3.40000000
 C	2.13046510 -6.14995080 3.40000000
 C	4.26078107 -4.92001230 3.40000000
 C	-8.52171128 -12.29998770 3.40000000
 C	14.91295745 1.23002460 3.40000000
 C	-10.65202725 -13.52992620 3.40000000
 C	17.04327342 2.45996310 3.40000000
 C	-12.78249235 -14.75995080 3.40000000
 C	19.17373852 3.68998770 3.40000000
 C	-14.91280833 -15.98988930 3.40000000
 C	21.30420363 4.92001230 3.40000000
 C	-17.04327343 -17.21991390 3.40000000
 C	23.43466873 6.15003690 3.40000000
 C	-19.17373853 -18.44993850 3.40000000
 C	25.56498470 7.37997540 3.40000000
 C	-21.30420363 -19.67996310 3.40000000
 C	27.69544980 8.61000000 3.40000000
 C	-23.43451960 -20.90990160 3.40000000
 C	29.82576577 9.83993850 3.40000000
 C	31.95623088 11.06996310 3.40000000
 C	34.08669598 12.29998770 3.40000000
 C	-0.00000000 -7.37997540 3.40000000
 C	6.39124617 -3.68998770 3.40000000
 C	36.21716108 13.53001230 3.40000000
 C	38.34747705 14.75995080 3.40000000
 C	-2.13031598 -8.60991390 3.40000000
 C	8.52171127 -2.45996310 3.40000000
 C	-4.26078108 -9.83993850 3.40000000
 C	10.65217638 -1.22993850 3.40000000
 C	-7.10140121 -9.83993850 3.40000000
 C	12.07233732 1.23002460 3.40000000
 C	1.42031007 -4.91992620 3.40000000
 C	3.55077517 -3.68990160 3.40000000
 C	-9.23171718 -11.06987700 3.40000000
 C	14.20280242 2.46004920 3.40000000
 C	-11.36218228 -12.29990160 3.40000000
 C	16.33326752 3.69007380 3.40000000
 C	-13.49264738 -13.52992620 3.40000000
 C	18.46358349 4.92001230 3.40000000
 C	-15.62301307 -14.75989340 3.40000000
 C	20.59404860 6.15003690 3.40000000
 C	-17.75342846 -15.98988930 3.40000000
 C	22.72446399 7.38003280 3.40000000
 C	-19.88389356 -17.21991390 3.40000000
 C	24.85482967 8.61000000 3.40000000
 C	-22.01420953 -18.44985240 3.40000000
 C	26.98529477 9.84002460 3.40000000
 C	-24.14467463 -19.67987700 3.40000000
 C	29.11575987 11.07004920 3.40000000
 C	31.24607585 12.29998770 3.40000000
 C	33.37654095 13.53001230 3.40000000
 C	-0.71015503 -6.14995080 3.40000000
 C	5.68109114 -2.45996310 3.40000000
 C	35.50695634 14.76000820 3.40000000
 C	37.63732202 15.98997540 3.40000000
 C	-2.84052071 -7.37991800 3.40000000
 C	7.81155624 -1.22993850 3.40000000
 C	-4.97093611 -8.60991390 3.40000000
 C	9.94197164 0.00005740 3.40000000
 C	2.13046510 -3.68990160 3.40000000
 C	-8.52171128 -9.83993850 3.40000000
 C	12.78249235 2.46004920 3.40000000
 C	-10.65202725 -11.06987700 3.40000000
 C	14.91295745 3.69007380 3.40000000
 C	-12.78249235 -12.29990160 3.40000000
 C	17.04327342 4.92001230 3.40000000
 C	-14.91280833 -13.52984010 3.40000000
 C	19.17373853 6.15003690 3.40000000
 C	-17.04327343 -14.75986470 3.40000000
 C	21.30420363 7.38006150 3.40000000
 C	-0.00000000 -4.91992620 3.40000000
 C	4.26078107 -2.45996310 3.40000000
 C	-19.17373853 -15.98988930 3.40000000
 C	23.43466873 8.61008610 3.40000000
 C	-21.30420363 -17.21991390 3.40000000
 C	25.56498470 9.84002460 3.40000000
 C	-23.43451960 -18.44985240 3.40000000
 C	27.69544980 11.07004920 3.40000000
 C	29.82576577 12.29998770 3.40000000
 C	31.95623088 13.53001230 3.40000000
 C	34.08669598 14.76003690 3.40000000
 C	36.21716108 15.99006150 3.40000000
 C	38.34747705 17.22000000 3.40000000
 C	-2.13031597 -6.14986470 3.40000000
 C	6.39124617 -1.22993850 3.40000000
 C	-4.26078108 -7.37988930 3.40000000
 C	8.52171128 0.00008610 3.40000000
 C	-6.39124618 -8.60991390 3.40000000
 C	10.65217638 1.23011070 3.40000000
 C	1.42031006 -2.45993439 3.40000000
 C	-9.23171718 -8.60988519 3.40000000
 C	12.07233731 3.69001641 3.40000000
 C	-11.36218229 -9.83990979 3.40000000
 C	14.20280242 4.92004101 3.40000000
 C	-13.49264739 -11.06993439 3.40000000
 C	16.33326752 6.15006561 3.40000000
 C	-15.62301307 -12.29990159 3.40000000
 C	18.46358349 7.38000411 3.40000000
 C	-17.75342846 -13.52989749 3.40000000
 C	20.59404859 8.61002871 3.40000000
 C	-19.88389356 -14.75992209 3.40000000
 C	-0.71015504 -3.68995899 3.40000000
 C	22.72446398 9.84002461 3.40000000
 C	3.55077517 -1.22990979 3.40000000
 C	-22.01420954 -15.98986059 3.40000000
 C	24.85482967 11.06999181 3.40000000
 C	-24.14467464 -17.21988519 3.40000000
 C	26.98529477 12.30001641 3.40000000
 C	29.11575987 13.53004101 3.40000000
 C	31.24607584 14.75997951 3.40000000
 C	33.37654094 15.99000411 3.40000000
 C	35.50695634 17.22000001 3.40000000
 C	37.63732202 18.44996721 3.40000000
 C	-2.84052072 -4.91992619 3.40000000
 C	5.68109114 0.00002871 3.40000000
 C	-4.97093611 -6.14992209 3.40000000
 C	7.81155624 1.23005331 3.40000000
 C	-7.10140121 -7.37994669 3.40000000
 C	9.94197163 2.46004921 3.40000000
 C	-8.52171128 -7.37988930 3.40000000
 C	10.65217638 3.69015990 3.40000000
 C	-0.00000000 -2.45987700 3.40000000
 C	2.13046510 -1.22985240 3.40000000
 C	-10.65202725 -8.60982780 3.40000000
 C	12.78249235 4.92009840 3.40000000
 C	-12.78249235 -9.83985240 3.40000000
 C	14.91295745 6.15012300 3.40000000
 C	-14.91280832 -11.06979090 3.40000000
 C	17.04327342 7.38006150 3.40000000
 C	-17.04327343 -12.29981550 3.40000000
 C	19.17373853 8.61008610 3.40000000
 C	-19.17373853 -13.52984010 3.40000000
 C	21.30420363 9.84011070 3.40000000
 C	-21.30420363 -14.75986470 3.40000000
 C	23.43466873 11.07013530 3.40000000
 C	-23.43451960 -15.98980320 3.40000000
 C	25.56498470 12.30007380 3.40000000
 C	27.69544980 13.53009840 3.40000000
 C	29.82576578 14.76003690 3.40000000
 C	31.95623088 15.99006150 3.40000000
 C	-2.13031597 -3.68981550 3.40000000
 C	4.26078107 0.00008610 3.40000000
 C	34.08669598 17.22008610 3.40000000
 C	36.21716108 18.45011070 3.40000000
 C	38.34747705 19.68004920 3.40000000
 C	-4.26078108 -4.91984010 3.40000000
 C	6.39124617 1.23011070 3.40000000
 C	-6.39124618 -6.14986470 3.40000000
 C	8.52171128 2.46013530 3.40000000
 C	-9.23171718 -6.14995080 3.40000000
 C	9.94197163 4.91998360 3.40000000
 C	-0.71015504 -1.23002460 3.40000000
 C	1.42031007 0.00000000 3.40000000
 C	-11.36218229 -7.37997540 3.40000000
 C	12.07233732 6.14995080 3.40000000
 C	-13.49264739 -8.61000000 3.40000000
 C	14.20280242 7.37997540 3.40000000
 C	-15.62301307 -9.83996720 3.40000000
 C	16.33326752 8.61000000 3.40000000
 C	-17.75342846 -11.06996310 3.40000000
 C	18.46358349 9.83993850 3.40000000
 C	-19.88389356 -12.29998770 3.40000000
 C	20.59404859 11.06996310 3.40000000
 C	-22.01420954 -13.52992620 3.40000000
 C	22.72446398 12.29995900 3.40000000
 C	-24.14467464 -14.75995080 3.40000000
 C	24.85482967 13.52992620 3.40000000
 C	26.98529477 14.75995080 3.40000000
 C	29.11575987 15.98997540 3.40000000
 C	31.24607584 17.21991390 3.40000000
 C	-2.84052072 -2.45999180 3.40000000
 C	3.55077517 1.23002460 3.40000000
 C	33.37654094 18.44993850 3.40000000
 C	35.50695634 19.67993440 3.40000000
 C	37.63732202 20.90990160 3.40000000
 C	-4.97093611 -3.68998770 3.40000000
 C	5.68109114 2.45996310 3.40000000
 C	-7.10140121 -4.92001230 3.40000000
 C	7.81155624 3.68998770 3.40000000
 C	0.00000000 0.00000000 3.40000000
 C	-10.65202725 -6.14995080 3.40000000
 C	10.65217638 6.15003690 3.40000000
 C	-12.78249235 -7.37997540 3.40000000
 C	12.78249235 7.37997540 3.40000000
 C	-14.91280832 -8.60991390 3.40000000
 C	14.91295745 8.61000000 3.40000000
 C	-17.04327343 -9.83993850 3.40000000
 C	17.04327343 9.83993850 3.40000000
 C	-19.17373853 -11.06996310 3.40000000
 C	19.17373853 11.06996310 3.40000000
 C	-2.13031597 -1.22993850 3.40000000
 C	-21.30420363 -12.29998770 3.40000000
 C	21.30420363 12.29998770 3.40000000
 C	2.13046510 1.23002460 3.40000000
 C	-23.43451960 -13.52992620 3.40000000
 C	23.43466873 13.53001230 3.40000000
 C	25.56498470 14.75995080 3.40000000
 C	27.69544980 15.98997540 3.40000000
 C	29.82576578 17.21991390 3.40000000
 C	31.95623088 18.44993850 3.40000000
 C	34.08669598 19.67996310 3.40000000
 C	36.21716108 20.90998770 3.40000000
 C	38.34747705 22.13992620 3.40000000
 C	-4.26078107 -2.45996310 3.40000000
 C	4.26078107 2.45996310 3.40000000
 C	-6.39124618 -3.68998770 3.40000000
 C	6.39124618 3.68998770 3.40000000
 C	-8.52171128 -4.92001230 3.40000000
 C	8.52171128 4.92001230 3.40000000
 C	-0.71015504 1.23002460 3.40000000
 C	-11.36218228 -4.91992620 3.40000000
 C	9.94197163 7.38003280 3.40000000
 C	-13.49264739 -6.14995080 3.40000000
 C	12.07233732 8.61000000 3.40000000
 C	-15.62301307 -7.37991800 3.40000000
 C	14.20280242 9.84002460 3.40000000
 C	-17.75342846 -8.60991390 3.40000000
 C	16.33326752 11.07004920 3.40000000
 C	-19.88389356 -9.83993850 3.40000000
 C	18.46358349 12.29998770 3.40000000
 C	-2.84052072 0.00005740 3.40000000
 C	-22.01420953 -11.06987700 3.40000000
 C	20.59404859 13.53001230 3.40000000
 C	1.42031007 2.46004920 3.40000000
 C	-24.14467464 -12.29990160 3.40000000
 C	22.72446399 14.76000820 3.40000000
 C	24.85482967 15.98997540 3.40000000
 C	26.98529477 17.22000000 3.40000000
 C	29.11575987 18.45002460 3.40000000
 C	31.24607584 19.67996310 3.40000000
 C	33.37654095 20.90998770 3.40000000
 C	35.50695634 22.13998360 3.40000000
 C	37.63732202 23.36995080 3.40000000
 C	-4.97093611 -1.22993850 3.40000000
 C	3.55077517 3.69007380 3.40000000
 C	-7.10140121 -2.45996310 3.40000000
 C	5.68109114 4.92001230 3.40000000
 C	-9.23171718 -3.68990160 3.40000000
 C	7.81155624 6.15003690 3.40000000
 C	-10.65202725 -3.68990160 3.40000000
 C	8.52171128 7.38006150 3.40000000
 C	-2.13031597 1.23011070 3.40000000
 C	0.00000000 2.46004920 3.40000000
 C	-12.78249235 -4.91992620 3.40000000
 C	10.65217638 8.61008610 3.40000000
 C	-14.91280832 -6.14986470 3.40000000
 C	12.78249235 9.84002460 3.40000000
 C	-17.04327342 -7.37988930 3.40000000
 C	14.91295745 11.07004920 3.40000000
 C	-19.17373853 -8.60991390 3.40000000
 C	17.04327343 12.29998770 3.40000000
 C	-21.30420363 -9.83993850 3.40000000
 C	19.17373853 13.53001230 3.40000000
 C	-23.43451960 -11.06987700 3.40000000
 C	21.30420363 14.76003690 3.40000000
 C	23.43466873 15.99006150 3.40000000
 C	25.56498470 17.22000000 3.40000000
 C	27.69544981 18.45002460 3.40000000
 C	29.82576578 19.67996310 3.40000000
 C	-4.26078107 0.00008610 3.40000000
 C	2.13046510 3.69007380 3.40000000
 C	31.95623088 20.90998770 3.40000000
 C	34.08669598 22.14001230 3.40000000
 C	36.21716108 23.37003690 3.40000000
 C	38.34747706 24.59997540 3.40000000
 C	-6.39124617 -1.22993850 3.40000000
 C	4.26078107 4.92001230 3.40000000
 C	-8.52171128 -2.45996310 3.40000000
 C	6.39124618 6.15003690 3.40000000
 C	-11.36218228 -2.45987700 3.40000000
 C	7.81155624 8.61008610 3.40000000
 C	-2.84052072 2.46010660 3.40000000
 C	-0.71015503 3.69007380 3.40000000
 C	-13.49264739 -3.68990160 3.40000000
 C	9.94197164 9.84008200 3.40000000
 C	-15.62301307 -4.91986880 3.40000000
 C	12.07233732 11.07004920 3.40000000
 C	-17.75342846 -6.14986470 3.40000000
 C	14.20280242 12.30007380 3.40000000
 C	-19.88389356 -7.37988930 3.40000000
 C	16.33326752 13.53009840 3.40000000
 C	-22.01420953 -8.60982780 3.40000000
 C	18.46358349 14.76003690 3.40000000
 C	-24.14467464 -9.83985240 3.40000000
 C	20.59404859 15.99006150 3.40000000
 C	22.72446399 17.22005740 3.40000000
 C	24.85482967 18.45002460 3.40000000
 C	26.98529477 19.68004920 3.40000000
 C	29.11575987 20.91007380 3.40000000
 C	-4.97093611 1.23011070 3.40000000
 C	1.42031007 4.92009840 3.40000000
 C	31.24607584 22.14001230 3.40000000
 C	33.37654095 23.37003690 3.40000000
 C	35.50695634 24.60003280 3.40000000
 C	37.63732202 25.83000000 3.40000000
 C	-7.10140121 0.00008610 3.40000000
 C	3.55077517 6.15012300 3.40000000
 C	-9.23171718 -1.22985240 3.40000000
 C	5.68109114 7.38006150 3.40000000
 C	-2.13031597 3.68998770 3.40000000
 C	-12.78249235 -2.46004920 3.40000000
 C	8.52171128 9.83993850 3.40000000
 C	-14.91280832 -3.68998770 3.40000000
 C	10.65217638 11.06996310 3.40000000
 C	-17.04327342 -4.92001230 3.40000000
 C	12.78249235 12.29990160 3.40000000
 C	-19.17373853 -6.15003690 3.40000000
 C	14.91295746 13.52992620 3.40000000
 C	17.04327343 14.75986470 3.40000000
 C	-21.30420363 -7.38006150 3.40000000
 C	-4.26078107 2.45996310 3.40000000
 C	0.00000000 4.91992620 3.40000000
 C	-23.43451960 -8.61000000 3.40000000
 C	19.17373853 15.98988930 3.40000000
 C	21.30420363 17.21991390 3.40000000
 C	23.43466873 18.44993850 3.40000000
 C	25.56498470 19.67987700 3.40000000
 C	27.69544981 20.90990160 3.40000000
 C	29.82576578 22.13984010 3.40000000
 C	31.95623088 23.36986470 3.40000000
 C	34.08669598 24.59988930 3.40000000
 C	36.21716108 25.82991390 3.40000000
 C	38.34747706 27.05985240 3.40000000
 C	-6.39124617 1.22993850 3.40000000
 C	2.13046510 6.14995080 3.40000000
 C	4.26078108 7.37988930 3.40000000
 C	-8.52171128 -0.00008610 3.40000000
 C	-10.65202725 -1.23002460 3.40000000
 C	6.39124618 8.60991390 3.40000000
 C	-2.84052072 4.91998360 3.40000000
 C	-13.49264738 -1.23002460 3.40000000
 C	7.81155624 11.06996310 3.40000000
 C	-15.62301307 -2.45999180 3.40000000
 C	9.94197164 12.29995900 3.40000000
 C	-17.75342846 -3.68998770 3.40000000
 C	12.07233732 13.52992620 3.40000000
 C	-19.88389356 -4.92001230 3.40000000
 C	14.20280242 14.75995080 3.40000000
 C	-22.01420953 -6.14995080 3.40000000
 C	16.33326752 15.98997540 3.40000000
 C	-4.97093611 3.68998770 3.40000000
 C	-0.71015503 6.14995080 3.40000000
 C	-24.14467463 -7.37997540 3.40000000
 C	18.46358349 17.21991390 3.40000000
 C	20.59404860 18.44993850 3.40000000
 C	22.72446399 19.67993440 3.40000000
 C	24.85482967 20.90990160 3.40000000
 C	26.98529477 22.13992620 3.40000000
 C	29.11575987 23.36995080 3.40000000
 C	31.24607585 24.59988930 3.40000000
 C	33.37654095 25.82991390 3.40000000
 C	35.50695634 27.05990980 3.40000000
 C	37.63732202 28.28987700 3.40000000
 C	-7.10140121 2.45996310 3.40000000
 C	1.42031007 7.37997540 3.40000000
 C	-9.23171718 1.23002460 3.40000000
 C	3.55077517 8.61000000 3.40000000
 C	-11.36218228 -0.00000000 3.40000000
 C	5.68109114 9.83993850 3.40000000
 C	-12.78249235 0.00000000 3.40000000
 C	6.39124617 11.06996310 3.40000000
 C	-4.26078108 4.92001230 3.40000000
 C	-2.13031597 6.15003690 3.40000000
 C	-14.91280833 -1.22993850 3.40000000
 C	8.52171128 12.29998770 3.40000000
 C	-17.04327343 -2.45996310 3.40000000
 C	10.65217638 13.53001230 3.40000000
 C	-19.17373853 -3.68998770 3.40000000
 C	12.78249235 14.75995080 3.40000000
 C	-21.30420363 -4.92001230 3.40000000
 C	14.91295745 15.98997540 3.40000000
 C	-23.43451960 -6.14995080 3.40000000
 C	17.04327342 17.21991390 3.40000000
 C	19.17373852 18.44993850 3.40000000
 C	21.30420363 19.67996310 3.40000000
 C	23.43466873 20.90998770 3.40000000
 C	25.56498470 22.13992620 3.40000000
 C	27.69544980 23.36995080 3.40000000
 C	-6.39124618 3.68998770 3.40000000
 C	-0.00000000 7.37997540 3.40000000
 C	29.82576577 24.59988930 3.40000000
 C	31.95623088 25.82991390 3.40000000
 C	34.08669598 27.05993850 3.40000000
 C	36.21716108 28.28996310 3.40000000
 C	38.34747705 29.51990160 3.40000000
 C	-8.52171128 2.45996310 3.40000000
 C	2.13046510 8.61000000 3.40000000
 C	-10.65202725 1.23002460 3.40000000
 C	4.26078107 9.83993850 3.40000000
 C	-13.49264738 1.23002460 3.40000000
 C	5.68109114 12.29998770 3.40000000
 C	-4.97093611 6.15003690 3.40000000
 C	-2.84052071 7.38003280 3.40000000
 C	-15.62301307 0.00005740 3.40000000
 C	7.81155625 13.53001230 3.40000000
 C	-17.75342846 -1.22993850 3.40000000
 C	9.94197164 14.76000820 3.40000000
 C	-19.88389356 -2.45996310 3.40000000
 C	12.07233732 15.98997540 3.40000000
 C	-22.01420953 -3.68990160 3.40000000
 C	14.20280242 17.22000000 3.40000000
 C	-24.14467463 -4.91992620 3.40000000
 C	16.33326752 18.45002460 3.40000000
 C	18.46358349 19.67996310 3.40000000
 C	20.59404860 20.90998770 3.40000000
 C	22.72446399 22.13998360 3.40000000
 C	24.85482967 23.36995080 3.40000000
 C	26.98529477 24.59997540 3.40000000
 C	-7.10140121 4.92001230 3.40000000
 C	-0.71015503 8.61000000 3.40000000
 C	29.11575987 25.83000000 3.40000000
 C	31.24607585 27.05993850 3.40000000
 C	33.37654095 28.28996310 3.40000000
 C	35.50695634 29.51995900 3.40000000
 C	37.63732202 30.74992620 3.40000000
 C	-9.23171718 3.69007380 3.40000000
 C	1.42031007 9.84002460 3.40000000
 C	-11.36218228 2.46004920 3.40000000
 C	3.55077517 11.07004920 3.40000000
 C	-4.26078108 7.38006150 3.40000000
 C	-14.91280832 1.23011070 3.40000000
 C	6.39124617 13.53001230 3.40000000
 C	-17.04327343 0.00008610 3.40000000
 C	8.52171128 14.76003690 3.40000000
 C	-19.17373853 -1.22993850 3.40000000
 C	10.65217638 15.99006150 3.40000000
 C	-21.30420363 -2.45996310 3.40000000
 C	12.78249235 17.22000000 3.40000000
 C	-23.43451960 -3.68990160 3.40000000
 C	14.91295745 18.45002460 3.40000000
 C	-6.39124618 6.15003690 3.40000000
 C	17.04327342 19.67996310 3.40000000
 C	-2.13031597 8.61008610 3.40000000
 C	19.17373853 20.90998770 3.40000000
 C	21.30420363 22.14001230 3.40000000
 C	23.43466873 23.37003690 3.40000000
 C	25.56498470 24.59997540 3.40000000
 C	27.69544980 25.83000000 3.40000000
 C	29.82576578 27.05993850 3.40000000
 C	31.95623088 28.28996310 3.40000000
 C	34.08669598 29.51998770 3.40000000
 C	36.21716108 30.75001230 3.40000000
 C	38.34747705 31.97995080 3.40000000
 C	-8.52171128 4.92001230 3.40000000
 C	-0.00000000 9.84002460 3.40000000
 C	-10.65202725 3.69007380 3.40000000
 C	2.13046510 11.07004920 3.40000000
 C	-12.78249235 2.46004920 3.40000000
 C	4.26078107 12.29998770 3.40000000
 C	-4.97093611 8.61002870 3.40000000
 C	-15.62301307 2.46004920 3.40000000
 C	5.68109114 14.75997950 3.40000000
 C	-17.75342846 1.23005330 3.40000000
 C	7.81155624 15.99000410 3.40000000
 C	-19.88389356 0.00002870 3.40000000
 C	9.94197163 17.22000000 3.40000000
 C	-22.01420954 -1.22990980 3.40000000
 C	12.07233732 18.44996720 3.40000000
 C	-24.14467464 -2.45993440 3.40000000
 C	14.20280242 19.67999180 3.40000000
 C	-7.10140121 7.38000410 3.40000000
 C	16.33326752 20.91001640 3.40000000
 C	-2.84052072 9.84002460 3.40000000
 C	18.46358349 22.13995490 3.40000000
 C	20.59404859 23.36997950 3.40000000
 C	22.72446398 24.59997540 3.40000000
 C	24.85482967 25.82994260 3.40000000
 C	26.98529477 27.05996720 3.40000000
 C	29.11575987 28.28999180 3.40000000
 C	31.24607584 29.51993030 3.40000000
 C	33.37654094 30.74995490 3.40000000
 C	35.50695634 31.97995080 3.40000000
 C	-9.23171718 6.15006560 3.40000000
 C	37.63732202 33.20991800 3.40000000
 C	-0.71015504 11.06999180 3.40000000
 C	-11.36218229 4.92004100 3.40000000
 C	1.42031007 12.30001640 3.40000000
 C	-13.49264739 3.69001640 3.40000000
 C	3.55077517 13.53004100 3.40000000
 C	-14.91280832 3.69015990 3.40000000
 C	4.26078107 14.76003690 3.40000000
 C	-6.39124618 8.61008610 3.40000000
 C	-4.26078107 9.84011070 3.40000000
 C	-17.04327343 2.46013530 3.40000000
 C	6.39124618 15.99006150 3.40000000
 C	-19.17373853 1.23011070 3.40000000
 C	8.52171128 17.22008610 3.40000000
 C	-21.30420363 0.00008610 3.40000000
 C	10.65217638 18.45011070 3.40000000
 C	-23.43451960 -1.22985240 3.40000000
 C	12.78249235 19.68004920 3.40000000
 C	14.91295745 20.91007380 3.40000000
 C	17.04327342 22.14001230 3.40000000
 C	19.17373853 23.37003690 3.40000000
 C	21.30420363 24.60006150 3.40000000
 C	23.43466873 25.83008610 3.40000000
 C	25.56498470 27.06002460 3.40000000
 C	-8.52171128 7.38006150 3.40000000
 C	-2.13031597 11.07013530 3.40000000
 C	27.69544980 28.29004920 3.40000000
 C	29.82576578 29.51998770 3.40000000
 C	31.95623088 30.75001230 3.40000000
 C	34.08669598 31.98003690 3.40000000
 C	36.21716108 33.21006150 3.40000000
 C	38.34747705 34.44000000 3.40000000
 C	-10.65202725 6.15012300 3.40000000
 C	-0.00000000 12.30007380 3.40000000
 C	-12.78249235 4.92009840 3.40000000
 C	2.13046510 13.53009840 3.40000000
 C	-15.62301307 4.91998360 3.40000000
 C	3.55077517 15.98997540 3.40000000
 C	-7.10140121 9.83993850 3.40000000
 C	-4.97093611 11.06996310 3.40000000
 C	-17.75342846 3.68998770 3.40000000
 C	5.68109114 17.21991390 3.40000000
 C	-19.88389356 2.45996310 3.40000000
 C	7.81155624 18.44993850 3.40000000
 C	-22.01420953 1.23002460 3.40000000
 C	9.94197163 19.67993440 3.40000000
 C	-24.14467464 0.00000000 3.40000000
 C	12.07233732 20.90990160 3.40000000
 C	14.20280242 22.13992620 3.40000000
 C	16.33326752 23.36995080 3.40000000
 C	18.46358349 24.59988930 3.40000000
 C	20.59404859 25.82991390 3.40000000
 C	22.72446399 27.05990980 3.40000000
 C	24.85482967 28.28987700 3.40000000
 C	-9.23171718 8.61000000 3.40000000
 C	-2.84052072 12.29995900 3.40000000
 C	26.98529477 29.51990160 3.40000000
 C	29.11575987 30.74992620 3.40000000
 C	31.24607584 31.97986470 3.40000000
 C	33.37654095 33.20988930 3.40000000
 C	35.50695634 34.43988520 3.40000000
 C	37.63732202 35.66985240 3.40000000
 C	-11.36218228 7.37997540 3.40000000
 C	-0.71015504 13.52992620 3.40000000
 C	-13.49264739 6.14995080 3.40000000
 C	1.42031007 14.75995080 3.40000000
 C	-6.39124618 11.06996310 3.40000000
 C	-17.04327342 4.92001230 3.40000000
 C	4.26078107 17.21991390 3.40000000
 C	-19.17373853 3.68998770 3.40000000
 C	6.39124618 18.44993850 3.40000000
 C	-21.30420363 2.45996310 3.40000000
 C	8.52171128 19.67996310 3.40000000
 C	-23.43451960 1.23002460 3.40000000
 C	10.65217638 20.90998770 3.40000000
 C	12.78249235 22.13992620 3.40000000
 C	14.91295745 23.36995080 3.40000000
 C	-8.52171128 9.83993850 3.40000000
 C	-4.26078107 12.29998770 3.40000000
 C	17.04327343 24.59988930 3.40000000
 C	19.17373853 25.82991390 3.40000000
 C	21.30420363 27.05993850 3.40000000
 C	23.43466873 28.28996310 3.40000000
 C	25.56498470 29.51990160 3.40000000
 C	27.69544981 30.74992620 3.40000000
 C	29.82576578 31.97986470 3.40000000
 C	31.95623088 33.20988930 3.40000000
 C	34.08669598 34.43991390 3.40000000
 C	-10.65202725 8.61000000 3.40000000
 C	36.21716108 35.66993850 3.40000000
 C	-2.13031597 13.53001230 3.40000000
 C	38.34747705 36.89987700 3.40000000
 C	-12.78249235 7.37997540 3.40000000
 C	0.00000000 14.75995080 3.40000000
 C	-14.91280832 6.15003690 3.40000000
 C	2.13046510 15.98997540 3.40000000
 C	-7.10140121 12.29998770 3.40000000
 C	-17.75342846 6.15003690 3.40000000
 C	3.55077517 18.45002460 3.40000000
 C	-19.88389356 4.92001230 3.40000000
 C	5.68109114 19.67996310 3.40000000
 C	-22.01420953 3.69007380 3.40000000
 C	7.81155624 20.90998770 3.40000000
 C	-24.14467464 2.46004920 3.40000000
 C	9.94197164 22.13998360 3.40000000
 C	12.07233732 23.36995080 3.40000000
 C	-9.23171718 11.07004920 3.40000000
 C	14.20280242 24.59997540 3.40000000
 C	-4.97093611 13.53001230 3.40000000
 C	16.33326752 25.83000000 3.40000000
 C	18.46358349 27.05993850 3.40000000
 C	20.59404859 28.28996310 3.40000000
 C	22.72446399 29.51995900 3.40000000
 C	24.85482967 30.74992620 3.40000000
 C	26.98529477 31.97995080 3.40000000
 C	29.11575987 33.20997540 3.40000000
 C	31.24607584 34.43991390 3.40000000
 C	33.37654095 35.66993850 3.40000000
 C	-11.36218228 9.84002460 3.40000000
 C	35.50695634 36.89993440 3.40000000
 C	-2.84052072 14.76000820 3.40000000
 C	37.63732202 38.12990160 3.40000000
 C	-13.49264739 8.61000000 3.40000000
 C	-0.71015503 15.98997540 3.40000000
 C	-15.62301307 7.38003280 3.40000000
 C	1.42031007 17.22000000 3.40000000
 C	-17.04327342 7.38006150 3.40000000
 C	2.13046510 18.45002460 3.40000000
 C	-8.52171128 12.29998770 3.40000000
 C	-6.39124617 13.53001230 3.40000000
 C	-19.17373853 6.15003690 3.40000000
 C	4.26078108 19.67996310 3.40000000
 C	-21.30420363 4.92001230 3.40000000
 C	6.39124618 20.90998770 3.40000000
 C	-23.43451960 3.69007380 3.40000000
 C	8.52171128 22.14001230 3.40000000
 C	10.65217638 23.37003690 3.40000000
 C	12.78249235 24.59997540 3.40000000
 C	14.91295745 25.83000000 3.40000000
 C	17.04327343 27.05993850 3.40000000
 C	19.17373853 28.28996310 3.40000000
 C	21.30420363 29.51998770 3.40000000
 C	23.43466873 30.75001230 3.40000000
 C	-10.65202725 11.07004920 3.40000000
 C	-4.26078107 14.76003690 3.40000000
 C	25.56498470 31.97995080 3.40000000
 C	27.69544981 33.20997540 3.40000000
 C	29.82576578 34.43991390 3.40000000
 C	31.95623088 35.66993850 3.40000000
 C	34.08669598 36.89996310 3.40000000
 C	36.21716108 38.12998770 3.40000000
 C	38.34747706 39.35992620 3.40000000
 C	-12.78249235 9.84002460 3.40000000
 C	-2.13031597 15.99006150 3.40000000
 C	-14.91280832 8.61008610 3.40000000
 C	0.00000000 17.22000000 3.40000000
 C	-17.75342846 8.61008610 3.40000000
 C	1.42031007 19.68004920 3.40000000
 C	-9.23171718 13.53009840 3.40000000
 C	-7.10140121 14.76003690 3.40000000
 C	-19.88389356 7.38006150 3.40000000
 C	3.55077517 20.91007380 3.40000000
 C	-22.01420953 6.15012300 3.40000000
 C	5.68109114 22.14001230 3.40000000
 C	-24.14467463 4.92009840 3.40000000
 C	7.81155624 23.37003690 3.40000000
 C	9.94197164 24.60003280 3.40000000
 C	12.07233732 25.83000000 3.40000000
 C	14.20280242 27.06002460 3.40000000
 C	16.33326752 28.29004920 3.40000000
 C	18.46358349 29.51998770 3.40000000
 C	20.59404860 30.75001230 3.40000000
 C	22.72446399 31.98000820 3.40000000
 C	-11.36218228 12.30007380 3.40000000
 C	-4.97093611 15.99006150 3.40000000
 C	24.85482967 33.20997540 3.40000000
 C	26.98529477 34.44000000 3.40000000
 C	29.11575987 35.67002460 3.40000000
 C	31.24607585 36.89996310 3.40000000
 C	33.37654095 38.12998770 3.40000000
 C	35.50695634 39.35998360 3.40000000
 C	37.63732202 40.58995080 3.40000000
 C	-13.49264738 11.07004920 3.40000000
 C	-2.84052072 17.22005740 3.40000000
 C	-15.62301307 9.84008200 3.40000000
 C	-0.71015503 18.45002460 3.40000000
 C	-8.52171127 14.75986470 3.40000000
 C	-19.17373852 8.60991390 3.40000000
 C	2.13046510 20.90990160 3.40000000
 C	4.26078108 22.13984010 3.40000000
 C	-21.30420363 7.37988930 3.40000000
 C	-23.43451960 6.14995080 3.40000000
 C	6.39124618 23.36986470 3.40000000
 C	8.52171128 24.59988930 3.40000000
 C	10.65217638 25.82991390 3.40000000
 C	-10.65202725 13.52992620 3.40000000
 C	-6.39124617 15.98988930 3.40000000
 C	12.78249235 27.05985240 3.40000000
 C	14.91295746 28.28987700 3.40000000
 C	17.04327343 29.51981550 3.40000000
 C	19.17373853 30.74984010 3.40000000
 C	21.30420363 31.97986470 3.40000000
 C	23.43466873 33.20988930 3.40000000
 C	25.56498471 34.43982780 3.40000000
 C	27.69544981 35.66985240 3.40000000
 C	29.82576578 36.89979090 3.40000000
 C	31.95623088 38.12981550 3.40000000
 C	34.08669598 39.35984010 3.40000000
 C	-12.78249235 12.29990160 3.40000000
 C	-4.26078107 17.21991390 3.40000000
 C	36.21716108 40.58986470 3.40000000
 C	38.34747706 41.81980320 3.40000000
 C	-14.91280832 11.06996310 3.40000000
 C	-2.13031597 18.44993850 3.40000000
 C	-17.04327342 9.83993850 3.40000000
 C	0.00000000 19.67987700 3.40000000
 C	-9.23171718 15.98997540 3.40000000
 C	-19.88389356 9.83993850 3.40000000
 C	1.42031007 22.13992620 3.40000000
 C	-22.01420953 8.61000000 3.40000000
 C	3.55077517 23.36995080 3.40000000
 C	-24.14467463 7.37997540 3.40000000
 C	5.68109114 24.59988930 3.40000000
 C	7.81155625 25.82991390 3.40000000
 C	9.94197164 27.05990980 3.40000000
 C	-11.36218228 14.75995080 3.40000000
 C	-7.10140121 17.21991390 3.40000000
 C	12.07233732 28.28987700 3.40000000
 C	14.20280242 29.51990160 3.40000000
 C	16.33326752 30.74992620 3.40000000
 C	18.46358349 31.97986470 3.40000000
 C	20.59404860 33.20988930 3.40000000
 C	22.72446399 34.43988520 3.40000000
 C	24.85482967 35.66985240 3.40000000
 C	26.98529477 36.89987700 3.40000000
 C	29.11575987 38.12990160 3.40000000
 C	31.24607585 39.35984010 3.40000000
 C	33.37654095 40.58986470 3.40000000
 C	-13.49264738 13.52992620 3.40000000
 C	-4.97093611 18.44993850 3.40000000
 C	35.50695634 41.81986060 3.40000000
 C	37.63732202 43.04982780 3.40000000
 C	-15.62301307 12.29995900 3.40000000
 C	-2.84052071 19.67993440 3.40000000
 C	-17.75342846 11.06996310 3.40000000
 C	-0.71015503 20.90990160 3.40000000
 C	-19.17373853 11.06996310 3.40000000
 C	-0.00000000 22.13992620 3.40000000
 C	-10.65202725 15.98997540 3.40000000
 C	-8.52171128 17.21991390 3.40000000
 C	-21.30420363 9.83993850 3.40000000
 C	2.13046510 23.36995080 3.40000000
 C	-23.43451960 8.61000000 3.40000000
 C	4.26078107 24.59988930 3.40000000
 C	6.39124617 25.82991390 3.40000000
 C	8.52171128 27.05993850 3.40000000
 C	10.65217638 28.28996310 3.40000000
 C	12.78249235 29.51990160 3.40000000
 C	14.91295745 30.74992620 3.40000000
 C	17.04327342 31.97986470 3.40000000
 C	19.17373853 33.20988930 3.40000000
 C	21.30420363 34.43991390 3.40000000
 C	-12.78249235 14.75995080 3.40000000
 C	-6.39124618 18.44993850 3.40000000
 C	23.43466873 35.66993850 3.40000000
 C	25.56498470 36.89987700 3.40000000
 C	27.69544980 38.12990160 3.40000000
 C	29.82576578 39.35984010 3.40000000
 C	31.95623088 40.58986470 3.40000000
 C	34.08669598 41.81988930 3.40000000
 C	36.21716108 43.04991390 3.40000000
 C	38.34747705 44.27985240 3.40000000
 C	-14.91280833 13.53001230 3.40000000
 C	-4.26078108 19.67996310 3.40000000
 C	-17.04327343 12.29998770 3.40000000
 C	-2.13031597 20.90998770 3.40000000
 C	-19.88389356 12.29998770 3.40000000
 C	-0.71015503 23.36995080 3.40000000
 C	-11.36218228 17.22000000 3.40000000
 C	-9.23171718 18.45002460 3.40000000
 C	-22.01420953 11.07004920 3.40000000
 C	1.42031007 24.59997540 3.40000000
 C	-24.14467463 9.84002460 3.40000000
 C	3.55077517 25.83000000 3.40000000
 C	5.68109114 27.05993850 3.40000000
 C	7.81155625 28.28996310 3.40000000
 C	9.94197164 29.51995900 3.40000000
 C	12.07233732 30.74992620 3.40000000
 C	14.20280242 31.97995080 3.40000000
 C	16.33326752 33.20997540 3.40000000
 C	18.46358350 34.43991390 3.40000000
 C	20.59404860 35.66993850 3.40000000
 C	-13.49264738 15.98997540 3.40000000
 C	-7.10140121 19.67996310 3.40000000
 C	22.72446399 36.89993440 3.40000000
 C	24.85482967 38.12990160 3.40000000
 C	26.98529477 39.35992620 3.40000000
 C	29.11575987 40.58995080 3.40000000
 C	31.24607585 41.81988930 3.40000000
 C	33.37654095 43.04991390 3.40000000
 C	35.50695634 44.27990980 3.40000000
 C	37.63732202 45.50987700 3.40000000
 C	-15.62301306 14.76000820 3.40000000
 C	-4.97093611 20.90998770 3.40000000
 C	-17.75342846 13.53001230 3.40000000
 C	-2.84052071 22.13998360 3.40000000
 C	-10.65202725 18.45002460 3.40000000
 C	-21.30420363 12.29998770 3.40000000
 C	-0.00000000 24.59997540 3.40000000
 C	-23.43451960 11.07004920 3.40000000
 C	2.13046510 25.83000000 3.40000000
 C	4.26078107 27.05993850 3.40000000
 C	6.39124618 28.28996310 3.40000000
 C	8.52171128 29.51998770 3.40000000
 C	-12.78249235 17.22000000 3.40000000
 C	-8.52171128 19.67996310 3.40000000
 C	10.65217638 30.75001230 3.40000000
 C	12.78249235 31.97995080 3.40000000
 C	14.91295745 33.20997540 3.40000000
 C	17.04327342 34.43991390 3.40000000
 C	19.17373853 35.66993850 3.40000000
 C	21.30420363 36.89996310 3.40000000
 C	23.43466873 38.12998770 3.40000000
 C	25.56498470 39.35992620 3.40000000
 C	27.69544980 40.58995080 3.40000000
 C	29.82576578 41.81988930 3.40000000
 C	-14.91280832 15.99006150 3.40000000
 C	31.95623088 43.04991390 3.40000000
 C	-6.39124618 20.90998770 3.40000000
 C	34.08669598 44.27993850 3.40000000
 C	36.21716108 45.50996310 3.40000000
 C	38.34747705 46.73990160 3.40000000
 C	-17.04327343 14.76003690 3.40000000
 C	-4.26078107 22.14001230 3.40000000
 C	-19.17373853 13.53001230 3.40000000
 C	-2.13031597 23.37003690 3.40000000
 C	-11.36218229 19.67999180 3.40000000
 C	-22.01420953 13.53004100 3.40000000
 C	-0.71015504 25.82994260 3.40000000
 C	-24.14467464 12.30001640 3.40000000
 C	1.42031007 27.05996720 3.40000000
 C	3.55077517 28.28999180 3.40000000
 C	5.68109114 29.51993030 3.40000000
 C	7.81155624 30.74995490 3.40000000
 C	-13.49264739 18.44996720 3.40000000
 C	9.94197163 31.97995080 3.40000000
 C	-9.23171718 20.91001640 3.40000000
 C	12.07233732 33.20991800 3.40000000
 C	14.20280242 34.43994260 3.40000000
 C	16.33326752 35.66996720 3.40000000
 C	18.46358349 36.89990570 3.40000000
 C	20.59404859 38.12993030 3.40000000
 C	22.72446399 39.35992620 3.40000000
 C	24.85482967 40.58989340 3.40000000
 C	26.98529477 41.81991800 3.40000000
 C	29.11575987 43.04994260 3.40000000
 C	-15.62301307 17.22000000 3.40000000
 C	31.24607584 44.27988110 3.40000000
 C	-7.10140121 22.13995490 3.40000000
 C	33.37654094 45.50990570 3.40000000
 C	35.50695634 46.73990160 3.40000000
 C	37.63732202 47.96986880 3.40000000
 C	-17.75342846 15.99000410 3.40000000
 C	-4.97093611 23.36997950 3.40000000
 C	-19.88389356 14.75997950 3.40000000
 C	-2.84052072 24.59997540 3.40000000
 C	-21.30420363 14.76003690 3.40000000
 C	-2.13031597 25.83008610 3.40000000
 C	-12.78249235 19.68004920 3.40000000
 C	-10.65202725 20.91007380 3.40000000
 C	-23.43451960 13.53009840 3.40000000
 C	0.00000000 27.06002460 3.40000000
 C	2.13046510 28.29004920 3.40000000
 C	4.26078107 29.51998770 3.40000000
 C	6.39124618 30.75001230 3.40000000
 C	8.52171128 31.98003690 3.40000000
 C	10.65217638 33.21006150 3.40000000
 C	12.78249235 34.44000000 3.40000000
 C	14.91295745 35.67002460 3.40000000
 C	17.04327343 36.89996310 3.40000000
 C	19.17373853 38.12998770 3.40000000
 C	-14.91280832 18.45011070 3.40000000
 C	-8.52171128 22.14001230 3.40000000
 C	21.30420363 39.36001230 3.40000000
 C	23.43466873 40.59003690 3.40000000
 C	25.56498470 41.81997540 3.40000000
 C	27.69544980 43.05000000 3.40000000
 C	29.82576578 44.27993850 3.40000000
 C	31.95623088 45.50996310 3.40000000
 C	34.08669598 46.73998770 3.40000000
 C	36.21716108 47.97001230 3.40000000
 C	38.34747705 49.19995080 3.40000000
 C	-17.04327343 17.22008610 3.40000000
 C	-6.39124618 23.37003690 3.40000000
 C	-19.17373853 15.99006150 3.40000000
 C	-4.26078107 24.60006150 3.40000000
 C	-22.01420953 15.98997540 3.40000000
 C	-2.84052072 27.05990980 3.40000000
 C	-13.49264739 20.90990160 3.40000000
 C	-11.36218228 22.13992620 3.40000000
 C	-24.14467464 14.75995080 3.40000000
 C	-0.71015503 28.28987700 3.40000000
 C	1.42031007 29.51990160 3.40000000
 C	3.55077517 30.74992620 3.40000000
 C	5.68109114 31.97986470 3.40000000
 C	7.81155624 33.20988930 3.40000000
 C	9.94197163 34.43988520 3.40000000
 C	12.07233732 35.66985240 3.40000000
 C	14.20280242 36.89987700 3.40000000
 C	16.33326752 38.12990160 3.40000000
 C	18.46358349 39.35984010 3.40000000
 C	-15.62301307 19.67993440 3.40000000
 C	-9.23171718 23.36995080 3.40000000
 C	20.59404859 40.58986470 3.40000000
 C	22.72446399 41.81986060 3.40000000
 C	24.85482967 43.04982780 3.40000000
 C	26.98529477 44.27985240 3.40000000
 C	29.11575987 45.50987700 3.40000000
 C	31.24607584 46.73981550 3.40000000
 C	33.37654095 47.96984010 3.40000000
 C	35.50695634 49.19983600 3.40000000
 C	37.63732202 50.42980320 3.40000000
 C	-17.75342846 18.44993850 3.40000000
 C	-7.10140121 24.59988930 3.40000000
 C	-19.88389356 17.21991390 3.40000000
 C	-4.97093611 25.82991390 3.40000000
 C	-12.78249235 22.13992620 3.40000000
 C	-23.43451960 15.98997540 3.40000000
 C	-2.13031597 28.28996310 3.40000000
 C	0.00000000 29.51990160 3.40000000
 C	2.13046510 30.74992620 3.40000000
 C	4.26078108 31.97986470 3.40000000
 C	6.39124618 33.20988930 3.40000000
 C	-14.91280832 20.90998770 3.40000000
 C	8.52171128 34.43991390 3.40000000
 C	-10.65202725 23.36995080 3.40000000
 C	10.65217638 35.66993850 3.40000000
 C	12.78249235 36.89987700 3.40000000
 C	14.91295745 38.12990160 3.40000000
 C	17.04327343 39.35984010 3.40000000
 C	19.17373853 40.58986470 3.40000000
 C	21.30420363 41.81988930 3.40000000
 C	23.43466873 43.04991390 3.40000000
 C	25.56498470 44.27985240 3.40000000
 C	27.69544981 45.50987700 3.40000000
 C	-17.04327342 19.67996310 3.40000000
 C	-8.52171128 24.59988930 3.40000000
 C	29.82576578 46.73981550 3.40000000
 C	31.95623088 47.96984010 3.40000000
 C	34.08669598 49.19986470 3.40000000
 C	36.21716108 50.42988930 3.40000000
 C	38.34747706 51.65982780 3.40000000
 C	-19.17373853 18.44993850 3.40000000
 C	-6.39124617 25.82991390 3.40000000
 C	-21.30420363 17.21991390 3.40000000
 C	-4.26078107 27.05993850 3.40000000
 C	-13.49264739 23.36995080 3.40000000
 C	-24.14467463 17.22000000 3.40000000
 C	-2.84052072 29.51995900 3.40000000
 C	-0.71015503 30.74992620 3.40000000
 C	1.42031007 31.97995080 3.40000000
 C	3.55077517 33.20997540 3.40000000
 C	5.68109114 34.43991390 3.40000000
 C	-15.62301307 22.13998360 3.40000000
 C	7.81155624 35.66993850 3.40000000
 C	-11.36218228 24.59997540 3.40000000
 C	9.94197164 36.89993440 3.40000000
 C	12.07233732 38.12990160 3.40000000
 C	14.20280242 39.35992620 3.40000000
 C	16.33326752 40.58995080 3.40000000
 C	18.46358349 41.81988930 3.40000000
 C	20.59404860 43.04991390 3.40000000
 C	22.72446399 44.27990980 3.40000000
 C	24.85482967 45.50987700 3.40000000
 C	26.98529477 46.73990160 3.40000000
 C	-17.75342846 20.90998770 3.40000000
 C	29.11575987 47.96992620 3.40000000
 C	-9.23171718 25.83000000 3.40000000
 C	31.24607584 49.19986470 3.40000000
 C	33.37654095 50.42988930 3.40000000
 C	35.50695634 51.65988520 3.40000000
 C	37.63732202 52.88985240 3.40000000
 C	-19.88389356 19.67996310 3.40000000
 C	-7.10140121 27.05993850 3.40000000
 C	-22.01420953 18.45002460 3.40000000
 C	-4.97093611 28.28996310 3.40000000
 C	-23.43451960 18.45002460 3.40000000
 C	-4.26078107 29.51998770 3.40000000
 C	-14.91280832 23.37003690 3.40000000
 C	-12.78249235 24.59997540 3.40000000
 C	-2.13031597 30.75001230 3.40000000
 C	0.00000000 31.97995080 3.40000000
 C	2.13046510 33.20997540 3.40000000
 C	4.26078108 34.43991390 3.40000000
 C	6.39124618 35.66993850 3.40000000
 C	8.52171128 36.89996310 3.40000000
 C	10.65217638 38.12998770 3.40000000
 C	12.78249235 39.35992620 3.40000000
 C	14.91295746 40.58995080 3.40000000
 C	17.04327343 41.81988930 3.40000000
 C	-17.04327342 22.14001230 3.40000000
 C	-10.65202725 25.83000000 3.40000000
 C	19.17373853 43.04991390 3.40000000
 C	21.30420363 44.27993850 3.40000000
 C	23.43466873 45.50996310 3.40000000
 C	25.56498471 46.73990160 3.40000000
 C	27.69544981 47.96992620 3.40000000
 C	29.82576578 49.19986470 3.40000000
 C	31.95623088 50.42988930 3.40000000
 C	34.08669598 51.65991390 3.40000000
 C	36.21716108 52.88993850 3.40000000
 C	38.34747706 54.11987700 3.40000000
 C	-19.17373852 20.90998770 3.40000000
 C	-8.52171128 27.05993850 3.40000000
 C	-21.30420363 19.67996310 3.40000000
 C	-6.39124617 28.28996310 3.40000000
 C	-24.14467463 19.68004920 3.40000000
 C	-4.97093611 30.75001230 3.40000000
 C	-15.62301307 24.60003280 3.40000000
 C	-13.49264738 25.83000000 3.40000000
 C	-2.84052071 31.98000820 3.40000000
 C	-0.71015503 33.20997540 3.40000000
 C	1.42031007 34.44000000 3.40000000
 C	3.55077517 35.67002460 3.40000000
 C	5.68109114 36.89996310 3.40000000
 C	7.81155624 38.12998770 3.40000000
 C	9.94197164 39.35998360 3.40000000
 C	12.07233732 40.58995080 3.40000000
 C	14.20280242 41.81997540 3.40000000
 C	16.33326752 43.05000000 3.40000000
 C	-17.75342846 23.37003690 3.40000000
 C	-11.36218228 27.06002460 3.40000000
 C	18.46358349 44.27993850 3.40000000
 C	20.59404860 45.50996310 3.40000000
 C	22.72446399 46.73995900 3.40000000
 C	24.85482967 47.96992620 3.40000000
 C	26.98529477 49.19995080 3.40000000
 C	29.11575987 50.42997540 3.40000000
 C	31.24607585 51.65991390 3.40000000
 C	33.37654095 52.88993850 3.40000000
 C	35.50695634 54.11993440 3.40000000
 C	37.63732202 55.34990160 3.40000000
 C	-19.88389356 22.14001230 3.40000000
 C	-9.23171718 28.29004920 3.40000000
 C	-22.01420953 20.91007380 3.40000000
 C	-7.10140121 29.51998770 3.40000000
 C	-14.91280832 25.82991389 3.40000000
 C	-4.26078107 31.97986469 3.40000000
 C	-2.13031597 33.20988929 3.40000000
 C	0.00000000 34.43982779 3.40000000
 C	2.13046511 35.66985239 3.40000000
 C	4.26078108 36.89979089 3.40000000
 C	-17.04327342 24.59988929 3.40000000
 C	-12.78249235 27.05985239 3.40000000
 C	6.39124618 38.12981549 3.40000000
 C	8.52171128 39.35984009 3.40000000
 C	10.65217638 40.58986469 3.40000000
 C	12.78249235 41.81980319 3.40000000
 C	14.91295746 43.04982779 3.40000000
 C	17.04327343 44.27976629 3.40000000
 C	19.17373853 45.50979089 3.40000000
 C	21.30420363 46.73981549 3.40000000
 C	23.43466873 47.96984009 3.40000000
 C	25.56498471 49.19977859 3.40000000
 C	27.69544981 50.42980319 3.40000000
 C	-19.17373852 23.36986469 3.40000000
 C	-10.65202725 28.28987699 3.40000000
 C	29.82576578 51.65974169 3.40000000
 C	31.95623088 52.88976629 3.40000000
 C	34.08669598 54.11979089 3.40000000
 C	36.21716109 55.34981549 3.40000000
 C	38.34747706 56.57975399 3.40000000
 C	-8.52171127 29.51981549 3.40000000
 C	-21.30420363 22.13984009 3.40000000
 C	-23.43451960 20.90990159 3.40000000
 C	-6.39124617 30.74984009 3.40000000
 C	-15.62301307 27.05990980 3.40000000
 C	-4.97093611 33.20988930 3.40000000
 C	-2.84052071 34.43988520 3.40000000
 C	-0.71015503 35.66985240 3.40000000
 C	1.42031007 36.89987700 3.40000000
 C	3.55077517 38.12990160 3.40000000
 C	-17.75342846 25.82991390 3.40000000
 C	-13.49264738 28.28987700 3.40000000
 C	5.68109114 39.35984010 3.40000000
 C	7.81155625 40.58986470 3.40000000
 C	9.94197164 41.81986060 3.40000000
 C	12.07233732 43.04982780 3.40000000
 C	14.20280242 44.27985240 3.40000000
 C	16.33326752 45.50987700 3.40000000
 C	18.46358350 46.73981550 3.40000000
 C	20.59404860 47.96984010 3.40000000
 C	22.72446399 49.19983600 3.40000000
 C	24.85482967 50.42980320 3.40000000
 C	26.98529477 51.65982780 3.40000000
 C	-19.88389356 24.59988930 3.40000000
 C	-11.36218228 29.51990160 3.40000000
 C	29.11575987 52.88985240 3.40000000
 C	31.24607585 54.11979090 3.40000000
 C	33.37654095 55.34981550 3.40000000
 C	35.50695634 56.57981140 3.40000000
 C	37.63732202 57.80977860 3.40000000
 C	-22.01420953 23.36995080 3.40000000
 C	-9.23171718 30.74992620 3.40000000
 C	-24.14467463 22.13992620 3.40000000
 C	-7.10140121 31.97986470 3.40000000
 C	-6.39124618 33.20988930 3.40000000
 C	-17.04327343 27.05993850 3.40000000
 C	-14.91280832 28.28996310 3.40000000
 C	-4.26078107 34.43991390 3.40000000
 C	-2.13031597 35.66993850 3.40000000
 C	-0.00000000 36.89987700 3.40000000
 C	2.13046510 38.12990160 3.40000000
 C	4.26078107 39.35984010 3.40000000
 C	6.39124617 40.58986470 3.40000000
 C	8.52171128 41.81988930 3.40000000
 C	10.65217638 43.04991390 3.40000000
 C	12.78249235 44.27985240 3.40000000
 C	14.91295745 45.50987700 3.40000000
 C	-19.17373853 25.82991390 3.40000000
 C	-12.78249235 29.51990160 3.40000000
 C	17.04327342 46.73981550 3.40000000
 C	19.17373853 47.96984010 3.40000000
 C	21.30420363 49.19986470 3.40000000
 C	23.43466873 50.42988930 3.40000000
 C	25.56498470 51.65982780 3.40000000
 C	27.69544980 52.88985240 3.40000000
 C	29.82576578 54.11979090 3.40000000
 C	31.95623088 55.34981550 3.40000000
 C	34.08669598 56.57984010 3.40000000
 C	36.21716108 57.80986470 3.40000000
 C	-21.30420363 24.59988930 3.40000000
 C	-10.65202725 30.74992620 3.40000000
 C	38.34747705 59.03980320 3.40000000
 C	-23.43451960 23.36995080 3.40000000
 C	-8.52171128 31.97986470 3.40000000
 C	-7.10140121 34.43991389 3.40000000
 C	-17.75342846 28.28996309 3.40000000
 C	-15.62301306 29.51995899 3.40000000
 C	-4.97093610 35.66993849 3.40000000
 C	-2.84052071 36.89993439 3.40000000
 C	-0.71015503 38.12990159 3.40000000
 C	1.42031007 39.35992619 3.40000000
 C	3.55077517 40.58995079 3.40000000
 C	5.68109114 41.81988929 3.40000000
 C	7.81155625 43.04991389 3.40000000
 C	9.94197164 44.27990979 3.40000000
 C	12.07233732 45.50987699 3.40000000
 C	14.20280242 46.73990159 3.40000000
 C	-19.88389356 27.05993849 3.40000000
 C	-13.49264738 30.74992619 3.40000000
 C	16.33326752 47.96992619 3.40000000
 C	18.46358350 49.19986469 3.40000000
 C	20.59404860 50.42988929 3.40000000
 C	22.72446399 51.65988519 3.40000000
 C	24.85482967 52.88985239 3.40000000
 C	26.98529477 54.11987699 3.40000000
 C	29.11575988 55.34990159 3.40000000
 C	31.24607585 56.57984009 3.40000000
 C	33.37654095 57.80986469 3.40000000
 C	35.50695634 59.03986059 3.40000000
 C	-22.01420953 25.82999999 3.40000000
 C	-11.36218228 31.97995079 3.40000000
 C	37.63732202 60.26982779 3.40000000
 C	-24.14467463 24.59997539 3.40000000
 C	-9.23171718 33.20997539 3.40000000
 C	-17.04327343 29.51998770 3.40000000
 C	-6.39124618 35.66993850 3.40000000
 C	-4.26078107 36.89996310 3.40000000
 C	-2.13031597 38.12998770 3.40000000
 C	0.00000000 39.35992620 3.40000000
 C	2.13046510 40.58995080 3.40000000
 C	-19.17373853 28.28996310 3.40000000
 C	4.26078107 41.81988930 3.40000000
 C	-14.91280832 30.75001230 3.40000000
 C	6.39124618 43.04991390 3.40000000
 C	8.52171128 44.27993850 3.40000000
 C	10.65217638 45.50996310 3.40000000
 C	12.78249235 46.73990160 3.40000000
 C	14.91295745 47.96992620 3.40000000
 C	17.04327343 49.19986470 3.40000000
 C	19.17373853 50.42988930 3.40000000
 C	21.30420363 51.65991390 3.40000000
 C	23.43466873 52.88993850 3.40000000
 C	25.56498470 54.11987700 3.40000000
 C	-21.30420363 27.05993850 3.40000000
 C	-12.78249235 31.97995080 3.40000000
 C	27.69544980 55.34990160 3.40000000
 C	29.82576578 56.57984010 3.40000000
 C	31.95623088 57.80986470 3.40000000
 C	34.08669598 59.03988930 3.40000000
 C	36.21716108 60.26991390 3.40000000
 C	38.34747705 61.49985240 3.40000000
 C	-23.43451960 25.83000000 3.40000000
 C	-10.65202725 33.20997540 3.40000000
 C	-8.52171128 34.43991390 3.40000000
 C	-17.75342846 30.74995490 3.40000000
 C	-7.10140121 36.89990570 3.40000000
 C	-4.97093611 38.12993030 3.40000000
 C	-2.84052072 39.35992620 3.40000000
 C	-0.71015503 40.58989340 3.40000000
 C	1.42031007 41.81991800 3.40000000
 C	-19.88389356 29.51993030 3.40000000
 C	3.55077517 43.04994260 3.40000000
 C	-15.62301307 31.97995080 3.40000000
 C	5.68109114 44.27988110 3.40000000
 C	7.81155624 45.50990570 3.40000000
 C	9.94197163 46.73990160 3.40000000
 C	12.07233732 47.96986880 3.40000000
 C	14.20280242 49.19989340 3.40000000
 C	16.33326752 50.42991800 3.40000000
 C	18.46358349 51.65985650 3.40000000
 C	20.59404859 52.88988110 3.40000000
 C	22.72446399 54.11987700 3.40000000
 C	-22.01420953 28.28999180 3.40000000
 C	24.85482967 55.34984420 3.40000000
 C	-13.49264739 33.20991800 3.40000000
 C	26.98529477 56.57986880 3.40000000
 C	29.11575987 57.80989340 3.40000000
 C	31.24607584 59.03983190 3.40000000
 C	33.37654095 60.26985650 3.40000000
 C	35.50695634 61.49985240 3.40000000
 C	37.63732202 62.72981960 3.40000000
 C	-24.14467464 27.05996720 3.40000000
 C	-11.36218228 34.43994260 3.40000000
 C	-9.23171718 35.66996720 3.40000000
 C	-8.52171128 36.89996310 3.40000000
 C	-19.17373853 30.75001230 3.40000000
 C	-17.04327342 31.98003690 3.40000000
 C	-6.39124617 38.12998770 3.40000000
 C	-4.26078107 39.36001230 3.40000000
 C	-2.13031597 40.59003690 3.40000000
 C	0.00000000 41.81997540 3.40000000
 C	2.13046510 43.05000000 3.40000000
 C	4.26078107 44.27993850 3.40000000
 C	6.39124618 45.50996310 3.40000000
 C	8.52171128 46.73998770 3.40000000
 C	10.65217638 47.97001230 3.40000000
 C	12.78249235 49.19995080 3.40000000
 C	-21.30420363 29.51998770 3.40000000
 C	-14.91280832 33.21006150 3.40000000
 C	14.91295745 50.42997540 3.40000000
 C	17.04327343 51.65991390 3.40000000
 C	19.17373853 52.88993850 3.40000000
 C	21.30420363 54.11996310 3.40000000
 C	23.43466873 55.34998770 3.40000000
 C	25.56498470 56.57992620 3.40000000
 C	27.69544981 57.80995080 3.40000000
 C	29.82576578 59.03988930 3.40000000
 C	31.95623088 60.26991390 3.40000000
 C	34.08669598 61.49993850 3.40000000
 C	-23.43451960 28.29004920 3.40000000
 C	-12.78249235 34.44000000 3.40000000
 C	36.21716108 62.72996310 3.40000000
 C	38.34747706 63.95990160 3.40000000
 C	-10.65202725 35.67002460 3.40000000
 C	-9.23171718 38.12990160 3.40000000
 C	-19.88389356 31.97986470 3.40000000
 C	-17.75342846 33.20988930 3.40000000
 C	-7.10140121 39.35984010 3.40000000
 C	-4.97093611 40.58986470 3.40000000
 C	-2.84052072 41.81986060 3.40000000
 C	-0.71015503 43.04982780 3.40000000
 C	1.42031007 44.27985240 3.40000000
 C	3.55077517 45.50987700 3.40000000
 C	5.68109114 46.73981550 3.40000000
 C	7.81155624 47.96984010 3.40000000
 C	9.94197164 49.19983600 3.40000000
 C	12.07233732 50.42980320 3.40000000
 C	-22.01420953 30.74992620 3.40000000
 C	-15.62301307 34.43988520 3.40000000
 C	14.20280242 51.65982780 3.40000000
 C	16.33326752 52.88985240 3.40000000
 C	18.46358349 54.11979090 3.40000000
 C	20.59404860 55.34981550 3.40000000
 C	22.72446399 56.57981140 3.40000000
 C	24.85482967 57.80977860 3.40000000
 C	26.98529477 59.03980320 3.40000000
 C	29.11575987 60.26982780 3.40000000
 C	31.24607584 61.49976630 3.40000000
 C	33.37654095 62.72979090 3.40000000
 C	-24.14467463 29.51990160 3.40000000
 C	-13.49264739 35.66985240 3.40000000
 C	35.50695634 63.95978680 3.40000000
 C	37.63732202 65.18975400 3.40000000
 C	-11.36218228 36.89987700 3.40000000
 C	-19.17373853 33.20988930 3.40000000
 C	-8.52171128 39.35984010 3.40000000
 C	-6.39124617 40.58986470 3.40000000
 C	-4.26078107 41.81988930 3.40000000
 C	-2.13031597 43.04991390 3.40000000
 C	0.00000000 44.27985240 3.40000000
 C	2.13046510 45.50987700 3.40000000
 C	-21.30420363 31.97986470 3.40000000
 C	-17.04327342 34.43991390 3.40000000
 C	4.26078108 46.73981550 3.40000000
 C	6.39124618 47.96984010 3.40000000
 C	8.52171128 49.19986470 3.40000000
 C	10.65217638 50.42988930 3.40000000
 C	12.78249235 51.65982780 3.40000000
 C	14.91295746 52.88985240 3.40000000
 C	17.04327343 54.11979090 3.40000000
 C	19.17373853 55.34981550 3.40000000
 C	21.30420363 56.57984010 3.40000000
 C	-23.43451960 30.74992620 3.40000000
 C	23.43466873 57.80986470 3.40000000
 C	-14.91280832 35.66993850 3.40000000
 C	25.56498470 59.03980320 3.40000000
 C	27.69544981 60.26982780 3.40000000
 C	29.82576578 61.49976630 3.40000000
 C	31.95623088 62.72979090 3.40000000
 C	34.08669598 63.95981550 3.40000000
 C	36.21716108 65.18984010 3.40000000
 C	-12.78249235 36.89987700 3.40000000
 C	-10.65202725 38.12990160 3.40000000
 H	-21.52746178 -41.43308655 3.40000000
 H	-19.39704356 -40.20308903 3.40000000
 H	-17.26657846 -38.97306443 3.40000000
 H	-15.13612899 -37.74304886 3.40000000
 H	-13.00579739 -36.51310133 3.40000000
 H	-10.87533229 -35.28307673 3.40000000
 H	-8.74496942 -34.05311115 3.40000000
 H	-6.61455121 -32.82311363 3.40000000
 H	-4.48408611 -31.59308903 3.40000000
 H	-2.35363664 -30.36307346 3.40000000
 H	-0.22330504 -29.13312593 3.40000000
 H	1.90716007 -27.90310133 3.40000000
 H	4.03752293 -26.67313575 3.40000000
 H	6.16794114 -25.44313823 3.40000000
 H	8.29840624 -24.21311363 3.40000000
 H	10.42885571 -22.98309806 3.40000000
 H	12.55918732 -21.75315053 3.40000000
 H	14.68965242 -20.52312593 3.40000000
 H	16.82001528 -19.29316035 3.40000000
 H	18.95043349 -18.06316283 3.40000000
 H	21.08089859 -16.83313823 3.40000000
 H	23.21134806 -15.60312266 3.40000000
 H	25.34167967 -14.37317513 3.40000000
 H	27.47214477 -13.14315053 3.40000000
 H	29.60250763 -11.91318495 3.40000000
 H	31.73292584 -10.68318743 3.40000000
 H	33.86339094 -9.45316283 3.40000000
 H	35.99384041 -8.22314726 3.40000000
 H	38.12417202 -6.99319973 3.40000000
 H	39.32117706 -4.91992620 3.40000000
 H	39.32117705 -2.45993115 3.40000000
 H	39.32117705 0.00000000 3.40000000
 H	39.32117705 2.46004920 3.40000000
 H	39.32117705 4.92005905 3.40000000
 H	39.32117706 7.37997540 3.40000000
 H	39.32117706 9.84002460 3.40000000
 H	39.32117705 12.30001965 3.40000000
 H	39.32117705 14.75995080 3.40000000
 H	39.32117705 17.22000000 3.40000000
 H	39.32117705 19.68000985 3.40000000
 H	39.32117706 22.13992620 3.40000000
 H	39.32117706 24.59997540 3.40000000
 H	39.32117705 27.05997045 3.40000000
 H	39.32117705 29.51990160 3.40000000
 H	39.32117705 31.97995080 3.40000000
 H	39.32117705 34.43996065 3.40000000
 H	39.32117706 36.89987700 3.40000000
 H	39.32117706 39.35992620 3.40000000
 H	39.32117705 41.81992125 3.40000000
 H	39.32117705 44.27985240 3.40000000
 H	39.32117705 46.73990160 3.40000000
 H	39.32117705 49.19991145 3.40000000
 H	39.32117706 51.65982780 3.40000000
 H	39.32117706 54.11987700 3.40000000
 H	39.32117705 56.57987205 3.40000000
 H	39.32117705 59.03980320 3.40000000
 H	39.32117705 61.49985240 3.40000000
 H	39.32117706 63.95986225 3.40000000
 H	38.12417202 66.03300294 3.40000000
 H	35.73027701 66.03306936 3.40000000
 H	33.59984598 64.80306443 3.40000000
 H	31.46938088 63.57303983 3.40000000
 H	29.33901802 62.34307425 3.40000000
 H	27.20859981 61.11307673 3.40000000
 H	25.07813470 59.88305213 3.40000000
 H	22.94778465 58.65309396 3.40000000
 H	20.81735363 57.42308903 3.40000000
 H	18.68688853 56.19306443 3.40000000
 H	16.55652567 54.96309885 3.40000000
 H	14.42610746 53.73310133 3.40000000
 H	12.29564235 52.50307673 3.40000000
 H	10.16529230 51.27311856 3.40000000
 H	8.03486128 50.04311363 3.40000000
 H	5.90439618 48.81308903 3.40000000
 H	3.77403332 47.58312345 3.40000000
 H	1.64361510 46.35312593 3.40000000
 H	-0.48685000 45.12310133 3.40000000
 H	-2.61720005 43.89314316 3.40000000
 H	-4.74763107 42.66313823 3.40000000
 H	-6.87809617 41.43311363 3.40000000
 H	-9.00845904 40.20314805 3.40000000
 H	-11.13887725 38.97315053 3.40000000
 H	-13.26934235 37.74312593 3.40000000
 H	-15.39969240 36.51316776 3.40000000
 H	-17.53012342 35.28316283 3.40000000
 H	-19.66058853 34.05313823 3.40000000
 H	-21.79095139 32.82317265 3.40000000
 H	-23.92136960 31.59317513 3.40000000
 H	-25.11837464 29.51990160 3.40000000
 H	-25.11837464 27.06000655 3.40000000
 H	-25.11837463 24.59997540 3.40000000
 H	-25.11837463 22.13992620 3.40000000
 H	-25.11837463 19.67993114 3.40000000
 H	-25.11837464 17.22000000 3.40000000
 H	-25.11837464 14.75995080 3.40000000
 H	-25.11837464 12.30005575 3.40000000
 H	-25.11837463 9.84002460 3.40000000
 H	-25.11837463 7.37997540 3.40000000
 H	-25.11837463 4.91998034 3.40000000
 H	-25.11837464 2.46004920 3.40000000
 H	-25.11837464 0.00000000 3.40000000
 H	-25.11837464 -2.45989504 3.40000000
 H	-25.11837463 -4.91992620 3.40000000
 H	-25.11837463 -7.37997540 3.40000000
 H	-25.11837463 -9.83997045 3.40000000
 H	-25.11837464 -12.29990160 3.40000000
 H	-25.11837464 -14.75995080 3.40000000
 H	-25.11837464 -17.21984584 3.40000000
 H	-25.11837463 -19.67987700 3.40000000
 H	-25.11837463 -22.13992620 3.40000000
 H	-25.11837463 -24.59992125 3.40000000
 H	-25.11837464 -27.05985240 3.40000000
 H	-25.11837464 -29.51990160 3.40000000
 H	-25.11837464 -31.97979664 3.40000000
 H	-25.11837463 -34.43982780 3.40000000
 H	-25.11837463 -36.89987700 3.40000000
 H	-25.11837463 -39.35987205 3.40000000
 H	-23.92136961 -41.43302754 3.40000000
