 C	7.46111478 -22.96295014 3.40000000
 C	-4.23678678 -26.76382876 3.40000000
 C	19.15912553 -19.16203604 3.40000000
 C	-6.57643260 -27.52402577 3.40000000
 C	21.49866217 -18.40187451 3.40000000
 C	-8.91596924 -28.28418731 3.40000000
 C	23.83830799 -17.64167750 3.40000000
 C	-11.25556048 -29.04436658 3.40000000
 C	26.17795382 -16.88148049 3.40000000
 C	-13.59520630 -29.80456359 3.40000000
 C	28.51743587 -16.12133669 3.40000000
 C	5.12157814 -23.72311168 3.40000000
 C	-15.93468835 -30.56470739 3.40000000
 C	30.85708169 -15.36113968 3.40000000
 C	9.80076061 -22.20275313 3.40000000
 C	-18.27433417 -31.32490440 3.40000000
 C	33.19667292 -14.60096041 3.40000000
 C	-20.61397999 -32.08510141 3.40000000
 C	35.53620956 -13.84079887 3.40000000
 C	-22.95351663 -32.84526294 3.40000000
 C	-25.29310786 -33.60544221 3.40000000
 C	-27.63275369 -34.36563922 3.40000000
 C	-29.97223574 -35.12578302 3.40000000
 C	2.78198691 -24.48329095 3.40000000
 C	12.14040643 -21.44255612 3.40000000
 C	0.44234109 -25.24348796 3.40000000
 C	14.47988848 -20.68241232 3.40000000
 C	-1.89714096 -26.00363175 3.40000000
 C	16.81953430 -19.92221531 3.40000000
 C	-3.28641384 -25.70833269 3.40000000
 C	17.76990724 -18.86671924 3.40000000
 C	6.07200567 -22.66759786 3.40000000
 C	8.41148772 -21.90745407 3.40000000
 C	-5.62605967 -26.46852970 3.40000000
 C	20.10955306 -18.10652223 3.40000000
 C	-7.96554172 -27.22867350 3.40000000
 C	22.44903511 -17.34637843 3.40000000
 C	-10.30518754 -27.98887051 3.40000000
 C	24.78868093 -16.58618142 3.40000000
 C	-12.64483336 -28.74906752 3.40000000
 C	27.12816298 -15.82603763 3.40000000
 C	-14.98447918 -29.50926453 3.40000000
 C	29.46780881 -15.06584062 3.40000000
 C	-17.32396123 -30.26940832 3.40000000
 C	31.80745463 -14.30564361 3.40000000
 C	-19.66360705 -31.02960533 3.40000000
 C	34.14710045 -13.54544660 3.40000000
 C	-22.00308910 -31.78974913 3.40000000
 C	36.48658250 -12.78530280 3.40000000
 C	-24.34273493 -32.54994614 3.40000000
 C	-26.68238075 -33.31014315 3.40000000
 C	3.73235985 -23.42779487 3.40000000
 C	10.75113354 -21.14725706 3.40000000
 C	-29.02202657 -34.07034016 3.40000000
 C	-31.36150862 -34.83048396 3.40000000
 C	1.39271403 -24.18799188 3.40000000
 C	13.09061559 -20.38711326 3.40000000
 C	-0.94693179 -24.94818889 3.40000000
 C	15.43026142 -19.62691625 3.40000000
 C	-3.72531379 -24.35753754 3.40000000
 C	17.33100729 -17.51592409 3.40000000
 C	5.63305113 -21.31682045 3.40000000
 C	7.97258777 -20.55665892 3.40000000
 C	-6.06495962 -25.11773455 3.40000000
 C	19.67059852 -16.75574482 3.40000000
 C	-8.40449626 -25.87789609 3.40000000
 C	22.01013516 -15.99558329 3.40000000
 C	-10.74408749 -26.63807536 3.40000000
 C	24.34978098 -15.23538628 3.40000000
 C	-13.08373331 -27.39827237 3.40000000
 C	26.68942681 -14.47518927 3.40000000
 C	-15.42321536 -28.15841617 3.40000000
 C	29.02890886 -13.71504547 3.40000000
 C	-17.76286118 -28.91861318 3.40000000
 C	31.36855468 -12.95484846 3.40000000
 C	-20.10250700 -29.67881019 3.40000000
 C	33.70814591 -12.19466919 3.40000000
 C	-22.44204364 -30.43897172 3.40000000
 C	36.04768255 -11.43450765 3.40000000
 C	-24.78163488 -31.19915099 3.40000000
 C	-27.12128070 -31.95934800 3.40000000
 C	3.29345990 -22.07699973 3.40000000
 C	10.31223360 -19.79646191 3.40000000
 C	-29.46076275 -32.71949180 3.40000000
 C	-31.80040857 -33.47968881 3.40000000
 C	0.95381408 -22.83719674 3.40000000
 C	12.65187942 -19.03626490 3.40000000
 C	-1.38566797 -23.59734053 3.40000000
 C	14.99136147 -18.27612110 3.40000000
 C	6.58344286 -20.26147508 3.40000000
 C	-5.11462248 -24.06240692 3.40000000
 C	18.28134443 -16.46059646 3.40000000
 C	-7.45410453 -24.82255071 3.40000000
 C	20.62099025 -15.70039945 3.40000000
 C	-9.79375035 -25.58274772 3.40000000
 C	22.96047230 -14.94025565 3.40000000
 C	-12.13339617 -26.34294473 3.40000000
 C	25.30011812 -14.18005864 3.40000000
 C	27.63960017 -13.41991484 3.40000000
 C	-14.47304200 -27.10314174 3.40000000
 C	4.24379704 -21.02167209 3.40000000
 C	8.92292491 -19.50133128 3.40000000
 C	-16.81252405 -27.86328554 3.40000000
 C	29.97924599 -12.65971783 3.40000000
 C	-19.15216987 -28.62348255 3.40000000
 C	32.31889181 -11.89952082 3.40000000
 C	-21.49165192 -29.38362635 3.40000000
 C	34.65853764 -11.13932381 3.40000000
 C	-23.83129774 -30.14382336 3.40000000
 C	36.99801969 -10.37918002 3.40000000
 C	-26.17094356 -30.90402037 3.40000000
 C	-28.51058938 -31.66421738 3.40000000
 C	-30.85007143 -32.42436117 3.40000000
 C	1.90415122 -21.78186910 3.40000000
 C	11.26257073 -18.74113427 3.40000000
 C	13.60205278 -17.98099048 3.40000000
 C	-0.43549461 -22.54206611 3.40000000
 C	-2.77497666 -23.30220991 3.40000000
 C	15.94169860 -17.22079347 3.40000000
 C	6.14448832 -18.91069767 3.40000000
 C	-5.55352243 -22.71161177 3.40000000
 C	17.84244448 -15.10980131 3.40000000
 C	-7.89305907 -23.47177330 3.40000000
 C	20.18203571 -14.34962204 3.40000000
 C	-10.23265030 -24.23195258 3.40000000
 C	22.52157235 -13.58946050 3.40000000
 C	-12.57229612 -24.99214959 3.40000000
 C	24.86121817 -12.82926349 3.40000000
 C	-14.91177817 -25.75229338 3.40000000
 C	27.20086399 -12.06906648 3.40000000
 C	3.80489709 -19.67087694 3.40000000
 C	8.48402496 -18.15053614 3.40000000
 C	-17.25142399 -26.51249039 3.40000000
 C	29.54034604 -11.30892269 3.40000000
 C	-19.59106982 -27.27268740 3.40000000
 C	31.87999187 -10.54872568 3.40000000
 C	-21.93060646 -28.03284894 3.40000000
 C	34.21958310 -9.78854640 3.40000000
 C	-24.27019769 -28.79302821 3.40000000
 C	36.55911974 -9.02838487 3.40000000
 C	-26.60984351 -29.55322522 3.40000000
 C	-28.94932556 -30.31336902 3.40000000
 C	-31.28897138 -31.07356603 3.40000000
 C	1.46525127 -20.43107395 3.40000000
 C	10.82367078 -17.39033913 3.40000000
 C	-0.87423078 -21.19121775 3.40000000
 C	13.16331660 -16.63014212 3.40000000
 C	-3.21387661 -21.95141476 3.40000000
 C	15.50279865 -15.86999832 3.40000000
 C	-4.60314949 -21.65611569 3.40000000
 C	16.45317159 -14.81450224 3.40000000
 C	4.75527002 -18.61538086 3.40000000
 C	7.09491585 -17.85518385 3.40000000
 C	-6.94263154 -22.41625948 3.40000000
 C	18.79281741 -14.05430523 3.40000000
 C	-9.28227737 -23.17645649 3.40000000
 C	21.13246323 -13.29410822 3.40000000
 C	-11.62192319 -23.93665350 3.40000000
 C	23.47194528 -12.53396442 3.40000000
 C	-13.96156901 -24.69685051 3.40000000
 C	25.81159111 -11.77376741 3.40000000
 C	-16.30105106 -25.45699431 3.40000000
 C	28.15107316 -11.01362361 3.40000000
 C	-18.64069688 -26.21719132 3.40000000
 C	30.49071898 -10.25342660 3.40000000
 C	-20.98017893 -26.97733512 3.40000000
 C	32.83036480 -9.49322959 3.40000000
 C	-23.31982475 -27.73753213 3.40000000
 C	35.17001062 -8.73303258 3.40000000
 C	-25.65947058 -28.49772914 3.40000000
 C	37.50949267 -7.97288879 3.40000000
 C	-27.99911640 -29.25792615 3.40000000
 C	2.41562420 -19.37557787 3.40000000
 C	9.43439790 -17.09504005 3.40000000
 C	-30.33859845 -30.01806994 3.40000000
 C	0.07597838 -20.13577488 3.40000000
 C	11.77404372 -16.33484304 3.40000000
 C	-2.26350367 -20.89591868 3.40000000
 C	14.11352577 -15.57469925 3.40000000
 C	-5.04204944 -20.30532055 3.40000000
 C	16.01427164 -13.46370710 3.40000000
 C	4.31637008 -17.26458572 3.40000000
 C	6.65596131 -16.50440645 3.40000000
 C	-7.38158608 -21.06548208 3.40000000
 C	18.35391747 -12.70351009 3.40000000
 C	-9.72117731 -21.82566136 3.40000000
 C	20.69350870 -11.94333082 3.40000000
 C	-12.06082313 -22.58585837 3.40000000
 C	23.03304534 -11.18316928 3.40000000
 C	-14.40030518 -23.34600216 3.40000000
 C	25.37269116 -10.42297227 3.40000000
 C	-16.73995101 -24.10619917 3.40000000
 C	27.71233698 -9.66277526 3.40000000
 C	-19.07959683 -24.86639618 3.40000000
 C	30.05181903 -8.90263147 3.40000000
 C	-21.41913347 -25.62655772 3.40000000
 C	32.39146485 -8.14243446 3.40000000
 C	-23.75872470 -26.38673699 3.40000000
 C	34.73105609 -7.38225518 3.40000000
 C	-26.09837052 -27.14693400 3.40000000
 C	37.07059273 -6.62209365 3.40000000
 C	-28.43785257 -27.90707780 3.40000000
 C	1.97672426 -18.02478273 3.40000000
 C	8.99549795 -15.74424492 3.40000000
 C	-30.77749839 -28.66727481 3.40000000
 C	-0.36275779 -18.78492653 3.40000000
 C	11.33514377 -14.98404791 3.40000000
 C	-2.70240362 -19.54512354 3.40000000
 C	13.67478959 -14.22385090 3.40000000
 C	5.26674301 -16.20908964 3.40000000
 C	-6.43115855 -20.00996826 3.40000000
 C	16.96464458 -12.40821102 3.40000000
 C	-8.77080438 -20.77016527 3.40000000
 C	19.30429040 -11.64801401 3.40000000
 C	-11.11045020 -21.53036228 3.40000000
 C	21.64393622 -10.88781700 3.40000000
 C	-13.45009602 -22.29055929 3.40000000
 C	23.98341827 -10.12767320 3.40000000
 C	-15.78957807 -23.05070309 3.40000000
 C	26.32306410 -9.36747619 3.40000000
 C	2.92709719 -16.96928665 3.40000000
 C	-18.12922389 -23.81090010 3.40000000
 C	28.66254615 -8.60733239 3.40000000
 C	7.60638883 -15.44889263 3.40000000
 C	-20.46870594 -24.57104390 3.40000000
 C	31.00219197 -7.84713538 3.40000000
 C	-22.80835176 -25.33124091 3.40000000
 C	33.34183779 -7.08693837 3.40000000
 C	-25.14799759 -26.09143792 3.40000000
 C	35.68148361 -6.32674136 3.40000000
 C	-27.48764341 -26.85163493 3.40000000
 C	38.02096566 -5.56659757 3.40000000
 C	-29.82712546 -27.61177872 3.40000000
 C	0.58745137 -17.72948366 3.40000000
 C	9.94587088 -14.68874883 3.40000000
 C	-1.75203068 -18.48962746 3.40000000
 C	12.28551671 -13.92855182 3.40000000
 C	-4.09167650 -19.24982447 3.40000000
 C	14.62499876 -13.16840802 3.40000000
 C	4.82783113 -14.85835064 3.40000000
 C	-6.87012503 -18.65924700 3.40000000
 C	16.52573270 -11.05747201 3.40000000
 C	-9.20971626 -19.41942627 3.40000000
 C	18.86537852 -10.29727500 3.40000000
 C	-11.54936208 -20.17962328 3.40000000
 C	21.20496975 -9.53709573 3.40000000
 C	-13.88884413 -20.93976708 3.40000000
 C	23.54450639 -8.77693420 3.40000000
 C	-16.22848995 -21.69996409 3.40000000
 C	25.88415221 -8.01673719 3.40000000
 C	-18.56813578 -22.46016110 3.40000000
 C	2.48818531 -15.61854765 3.40000000
 C	28.22379803 -7.25654018 3.40000000
 C	7.16742236 -14.09817137 3.40000000
 C	-20.90767242 -23.22032263 3.40000000
 C	30.56328008 -6.49639638 3.40000000
 C	-23.24726365 -23.98050190 3.40000000
 C	32.90292591 -5.73619937 3.40000000
 C	-25.58690947 -24.74069891 3.40000000
 C	35.24251714 -4.97602010 3.40000000
 C	-27.92639152 -25.50084271 3.40000000
 C	37.58205378 -4.21585856 3.40000000
 C	-30.26603734 -26.26103972 3.40000000
 C	0.14870326 -16.37869144 3.40000000
 C	9.50695900 -13.33800983 3.40000000
 C	-2.19094256 -17.13888845 3.40000000
 C	11.84660482 -12.57781282 3.40000000
 C	-4.53058839 -17.89908546 3.40000000
 C	14.18625065 -11.81761581 3.40000000
 C	-5.91968556 -17.60367704 3.40000000
 C	15.13647175 -10.76211680 3.40000000
 C	3.43857018 -14.56299543 3.40000000
 C	5.77821600 -13.80279842 3.40000000
 C	-8.25933139 -18.36387405 3.40000000
 C	17.47611757 -10.00191979 3.40000000
 C	-10.59897721 -19.12407106 3.40000000
 C	19.81576339 -9.24172278 3.40000000
 C	-12.93862303 -19.88426807 3.40000000
 C	22.15540921 -8.48152577 3.40000000
 C	-15.27810508 -20.64441187 3.40000000
 C	24.49489126 -7.72138198 3.40000000
 C	-17.61775090 -21.40460888 3.40000000
 C	26.83453708 -6.96118497 3.40000000
 C	-19.95723295 -22.16475267 3.40000000
 C	29.17401913 -6.20104117 3.40000000
 C	-22.29687878 -22.92494968 3.40000000
 C	31.51366496 -5.44084416 3.40000000
 C	-24.63652460 -23.68514669 3.40000000
 C	33.85331078 -4.68064715 3.40000000
 C	-26.97617042 -24.44534370 3.40000000
 C	36.19295660 -3.92045014 3.40000000
 C	-29.31565247 -25.20548750 3.40000000
 C	38.53243865 -3.16030634 3.40000000
 C	1.09892436 -15.32319244 3.40000000
 C	8.11786182 -13.04260141 3.40000000
 C	-1.24055769 -16.08333623 3.40000000
 C	10.45734387 -12.28245761 3.40000000
 C	-3.58020351 -16.84353324 3.40000000
 C	12.79698970 -11.52226060 3.40000000
 C	-6.35867591 -16.25306807 3.40000000
 C	14.69769977 -9.41143688 3.40000000
 C	2.99963443 -13.21236872 3.40000000
 C	5.33928025 -12.45217171 3.40000000
 C	-8.69826714 -17.01324734 3.40000000
 C	17.03718182 -8.65129308 3.40000000
 C	-11.03791296 -17.77344435 3.40000000
 C	19.37682764 -7.89109607 3.40000000
 C	-13.37739501 -18.53358815 3.40000000
 C	21.71641887 -7.13091680 3.40000000
 C	-15.71704083 -19.29378516 3.40000000
 C	24.05595551 -6.37075527 3.40000000
 C	-18.05668665 -20.05398217 3.40000000
 C	26.39560133 -5.61055826 3.40000000
 C	-20.39622330 -20.81414370 3.40000000
 C	28.73524716 -4.85036125 3.40000000
 C	-22.73581453 -21.57432297 3.40000000
 C	31.07472921 -4.09021745 3.40000000
 C	-25.07546035 -22.33451998 3.40000000
 C	33.41437503 -3.33002044 3.40000000
 C	-27.41494240 -23.09466378 3.40000000
 C	35.75396626 -2.56984117 3.40000000
 C	-29.75458822 -23.85486079 3.40000000
 C	38.09350290 -1.80967963 3.40000000
 C	0.66015238 -13.97251251 3.40000000
 C	7.67887148 -11.69199244 3.40000000
 C	-1.67949344 -14.73270952 3.40000000
 C	10.01840812 -10.93183090 3.40000000
 C	-4.01913927 -15.49290653 3.40000000
 C	12.35805394 -10.17163389 3.40000000
 C	3.95000737 -12.15687264 3.40000000
 C	-7.74789420 -15.95775127 3.40000000
 C	15.64790893 -8.35599402 3.40000000
 C	-10.08754002 -16.71794828 3.40000000
 C	17.98755476 -7.59579701 3.40000000
 C	-12.42718584 -17.47814529 3.40000000
 C	20.32720058 -6.83560000 3.40000000
 C	-14.76666789 -18.23828908 3.40000000
 C	22.66684640 -6.07540299 3.40000000
 C	-17.10631372 -18.99848609 3.40000000
 C	25.00632845 -5.31525919 3.40000000
 C	-19.44579577 -19.75862989 3.40000000
 C	27.34597427 -4.55506218 3.40000000
 C	1.61036154 -12.91706965 3.40000000
 C	6.28965319 -11.39667563 3.40000000
 C	-21.78544159 -20.51882690 3.40000000
 C	29.68545632 -3.79491839 3.40000000
 C	-24.12508741 -21.27902391 3.40000000
 C	32.02510214 -3.03472138 3.40000000
 C	-26.46473323 -22.03922092 3.40000000
 C	34.36474797 -2.27452437 3.40000000
 C	-28.80421528 -22.79936472 3.40000000
 C	36.70439379 -1.51432736 3.40000000
 C	39.04387584 -0.75418356 3.40000000
 C	-0.72912051 -13.67721345 3.40000000
 C	8.62929901 -10.63647862 3.40000000
 C	-3.06876633 -14.43741046 3.40000000
 C	10.96878106 -9.87633483 3.40000000
 C	-5.40824838 -15.19755426 3.40000000
 C	13.30842688 -9.11613782 3.40000000
 C	3.51110742 -10.80607750 3.40000000
 C	-8.18679415 -14.60695612 3.40000000
 C	15.20917276 -7.00514566 3.40000000
 C	-10.52643997 -15.36715313 3.40000000
 C	17.54865481 -6.24500186 3.40000000
 C	-12.86592202 -16.12729693 3.40000000
 C	19.88830063 -5.48480485 3.40000000
 C	-15.20556784 -16.88749394 3.40000000
 C	22.22789186 -4.72462558 3.40000000
 C	-17.54521367 -17.64769095 3.40000000
 C	24.56742850 -3.96446405 3.40000000
 C	1.17162537 -11.56622129 3.40000000
 C	-19.88475031 -18.40785248 3.40000000
 C	26.90707432 -3.20426704 3.40000000
 C	5.85075324 -10.04588049 3.40000000
 C	-22.22434154 -19.16803175 3.40000000
 C	29.24672014 -2.44407003 3.40000000
 C	-24.56398736 -19.92822876 3.40000000
 C	31.58620219 -1.68392623 3.40000000
 C	-26.90346941 -20.68837256 3.40000000
 C	33.92584802 -0.92372922 3.40000000
 C	-29.24311523 -21.44856957 3.40000000
 C	36.26543925 -0.16354995 3.40000000
 C	38.60497589 0.59661159 3.40000000
 C	-1.16802045 -12.32641830 3.40000000
 C	8.19034447 -9.28570121 3.40000000
 C	-3.50766628 -13.08661531 3.40000000
 C	10.52988111 -8.52553968 3.40000000
 C	-5.84720292 -13.84677685 3.40000000
 C	12.86952693 -7.76534267 3.40000000
 C	-7.23642121 -13.55146005 3.40000000
 C	13.81989987 -6.70984660 3.40000000
 C	2.12183453 -10.51077843 3.40000000
 C	4.46148036 -9.75058142 3.40000000
 C	-9.57606703 -14.31165706 3.40000000
 C	16.15938192 -5.94970280 3.40000000
 C	-11.91571285 -15.07185407 3.40000000
 C	18.49902774 -5.18950579 3.40000000
 C	-14.25519490 -15.83199786 3.40000000
 C	20.83867357 -4.42930878 3.40000000
 C	-16.59484073 -16.59219487 3.40000000
 C	23.17831939 -3.66911177 3.40000000
 C	-18.93432278 -17.35233867 3.40000000
 C	25.51780144 -2.90896797 3.40000000
 C	-21.27396860 -18.11253568 3.40000000
 C	27.85744726 -2.14877096 3.40000000
 C	-23.61361442 -18.87273269 3.40000000
 C	30.19692931 -1.38862717 3.40000000
 C	-25.95326024 -19.63292970 3.40000000
 C	32.53657513 -0.62843016 3.40000000
 C	-28.29274229 -20.39307350 3.40000000
 C	34.87622095 0.13176685 3.40000000
 C	37.21586678 0.89196386 3.40000000
 C	-0.21764752 -11.27092223 3.40000000
 C	6.80112618 -8.99038441 3.40000000
 C	39.55534883 1.65210766 3.40000000
 C	-2.55729334 -12.03111924 3.40000000
 C	9.14077200 -8.23018740 3.40000000
 C	-4.89677539 -12.79126304 3.40000000
 C	11.48025405 -7.47004361 3.40000000
 C	-7.67532116 -12.20066490 3.40000000
 C	13.38099992 -5.35905145 3.40000000
 C	1.68309836 -9.15993007 3.40000000
 C	4.02258041 -8.39978628 3.40000000
 C	-10.01496698 -12.96086191 3.40000000
 C	15.72064575 -4.59885444 3.40000000
 C	-12.35444903 -13.72100571 3.40000000
 C	18.06012780 -3.83871064 3.40000000
 C	-14.69409485 -14.48120272 3.40000000
 C	20.39977362 -3.07851363 3.40000000
 C	-17.03374068 -15.24139973 3.40000000
 C	22.73936485 -2.31833436 3.40000000
 C	-19.37327732 -16.00156126 3.40000000
 C	25.07890149 -1.55817283 3.40000000
 C	-21.71286855 -16.76174053 3.40000000
 C	27.41854731 -0.79797582 3.40000000
 C	-24.05251437 -17.52193754 3.40000000
 C	29.75819313 -0.03777881 3.40000000
 C	-26.39199642 -18.28208134 3.40000000
 C	32.09767518 0.72236499 3.40000000
 C	-28.73164224 -19.04227835 3.40000000
 C	34.43732101 1.48256200 3.40000000
 C	36.77691224 2.24274127 3.40000000
 C	-0.65654747 -9.92012708 3.40000000
 C	6.36222623 -7.63958927 3.40000000
 C	39.11644888 3.00290281 3.40000000
 C	-2.99619329 -10.68032409 3.40000000
 C	8.70181746 -6.87940999 3.40000000
 C	-5.33572993 -11.44048563 3.40000000
 C	11.04135410 -6.11924846 3.40000000
 C	2.63327172 -8.10465565 3.40000000
 C	-9.06462985 -11.90553427 3.40000000
 C	14.33133706 -4.30372381 3.40000000
 C	16.67081911 -3.54358002 3.40000000
 C	-11.40427567 -12.66573128 3.40000000
 C	-13.74375772 -13.42587508 3.40000000
 C	19.01046493 -2.78338301 3.40000000
 C	-16.08340354 -14.18607209 3.40000000
 C	21.35011075 -2.02318600 3.40000000
 C	-18.42288559 -14.94621589 3.40000000
 C	23.68975658 -1.26298899 3.40000000
 C	0.29378967 -8.86479945 3.40000000
 C	4.97291754 -7.34445864 3.40000000
 C	-20.76253141 -15.70641290 3.40000000
 C	26.02923863 -0.50284519 3.40000000
 C	-23.10217723 -16.46660991 3.40000000
 C	28.36888445 0.25735182 3.40000000
 C	30.70836650 1.01749562 3.40000000
 C	-25.44182306 -17.22680692 3.40000000
 C	-27.78130511 -17.98695071 3.40000000
 C	33.04801232 1.77769263 3.40000000
 C	35.38765814 2.53788964 3.40000000
 C	37.72730396 3.29808665 3.40000000
 C	40.06678601 4.05823044 3.40000000
 C	-2.04585615 -9.62499646 3.40000000
 C	7.31256336 -6.58426163 3.40000000
 C	-4.38533820 -10.38514025 3.40000000
 C	9.65220919 -5.82406462 3.40000000
 C	-6.72498402 -11.14533726 3.40000000
 C	11.99169124 -5.06392082 3.40000000
 C	2.19453554 -6.75380729 3.40000000
 C	-9.50352979 -10.55473913 3.40000000
 C	13.89243711 -2.95292867 3.40000000
 C	-11.84301184 -11.31488292 3.40000000
 C	16.23208293 -2.19273166 3.40000000
 C	-14.18265767 -12.07507993 3.40000000
 C	18.57156498 -1.43258786 3.40000000
 C	-16.52230349 -12.83527694 3.40000000
 C	20.91121080 -0.67239085 3.40000000
 C	-18.86184013 -13.59543848 3.40000000
 C	23.25080204 0.08778842 3.40000000
 C	-0.14511028 -7.51400430 3.40000000
 C	4.53401759 -5.99366349 3.40000000
 C	-21.20143136 -14.35561775 3.40000000
 C	25.59033868 0.84794996 3.40000000
 C	-23.54107718 -15.11581476 3.40000000
 C	27.92998450 1.60814697 3.40000000
 C	-25.88055923 -15.87595856 3.40000000
 C	30.26963032 2.36834398 3.40000000
 C	-28.22020506 -16.63615557 3.40000000
 C	32.60911237 3.12848777 3.40000000
 C	34.94875819 3.88868478 3.40000000
 C	37.28834942 4.64886406 3.40000000
 C	39.62788607 5.40902559 3.40000000
 C	-2.48475610 -8.27420131 3.40000000
 C	6.87366342 -5.23346648 3.40000000
 C	-4.82429274 -9.03436284 3.40000000
 C	9.21325465 -4.47328721 3.40000000
 C	-7.16388397 -9.79454212 3.40000000
 C	11.55279129 -3.71312568 3.40000000
 C	-8.55315686 -9.49924304 3.40000000
 C	12.50316422 -2.65762959 3.40000000
 C	0.80526266 -6.45850822 3.40000000
 C	3.14474471 -5.69836442 3.40000000
 C	-10.89280268 -10.25944005 3.40000000
 C	14.84281005 -1.89743258 3.40000000
 C	-13.23228473 -11.01958385 3.40000000
 C	17.18229210 -1.13728879 3.40000000
 C	-15.57193055 -11.77978086 3.40000000
 C	19.52193792 -0.37709178 3.40000000
 C	-17.91141260 -12.53992466 3.40000000
 C	21.86158374 0.38310523 3.40000000
 C	-20.25105843 -13.30012167 3.40000000
 C	24.20122956 1.14330224 3.40000000
 C	-22.59070425 -14.06031868 3.40000000
 C	26.54071161 1.90344604 3.40000000
 C	-24.93035007 -14.82051569 3.40000000
 C	28.88035743 2.66364305 3.40000000
 C	-27.26983212 -15.58065948 3.40000000
 C	31.21983948 3.42378685 3.40000000
 C	33.55948531 4.18398386 3.40000000
 C	35.89913113 4.94418087 3.40000000
 C	-1.53438317 -7.21870523 3.40000000
 C	5.48439053 -4.93816741 3.40000000
 C	38.23877695 5.70437788 3.40000000
 C	40.57825900 6.46452167 3.40000000
 C	-3.87386522 -7.97884902 3.40000000
 C	7.82403635 -4.17797040 3.40000000
 C	-6.21351104 -8.73904603 3.40000000
 C	10.16368217 -3.41777339 3.40000000
 C	-8.99205681 -8.14844790 3.40000000
 C	12.06426428 -1.30683445 3.40000000
 C	0.36636271 -5.10771308 3.40000000
 C	2.70600853 -4.34751607 3.40000000
 C	-11.33153886 -8.90859170 3.40000000
 C	14.40391010 -0.54663744 3.40000000
 C	-13.67118468 -9.66878871 3.40000000
 C	16.74355592 0.21355957 3.40000000
 C	-16.01083050 -10.42898572 3.40000000
 C	19.08303797 0.97370336 3.40000000
 C	-18.35036714 -11.18914726 3.40000000
 C	21.42268379 1.73390037 3.40000000
 C	-20.68995837 -11.94932653 3.40000000
 C	23.76227503 2.49407964 3.40000000
 C	-23.02960419 -12.70952354 3.40000000
 C	26.10181167 3.25424118 3.40000000
 C	-25.36908624 -13.46966733 3.40000000
 C	28.44145749 4.01443819 3.40000000
 C	-27.70873207 -14.22986434 3.40000000
 C	30.78110331 4.77463520 3.40000000
 C	33.12058536 5.53477900 3.40000000
 C	35.46023118 6.29497601 3.40000000
 C	-1.97328311 -5.86791009 3.40000000
 C	5.04549058 -3.58737227 3.40000000
 C	37.79982241 7.05515528 3.40000000
 C	40.13935905 7.81531681 3.40000000
 C	-4.31281975 -6.62807162 3.40000000
 C	7.38513641 -2.82717526 3.40000000
 C	-6.65241098 -7.38825089 3.40000000
 C	9.72472764 -2.06699599 3.40000000
 C	1.31673565 -4.05221699 3.40000000
 C	-10.38132969 -7.85314883 3.40000000
 C	13.01463721 -0.25133837 3.40000000
 C	-12.72081174 -8.61329263 3.40000000
 C	15.35428303 0.50885864 3.40000000
 C	-15.06045756 -9.37348964 3.40000000
 C	17.69376508 1.26900244 3.40000000
 C	-17.39993961 -10.13363343 3.40000000
 C	20.03341091 2.02919945 3.40000000
 C	-19.73958544 -10.89383044 3.40000000
 C	22.37305673 2.78939646 3.40000000
 C	-1.02291018 -4.81241400 3.40000000
 C	3.65621770 -3.29207320 3.40000000
 C	-22.07923126 -11.65402745 3.40000000
 C	24.71270255 3.54959347 3.40000000
 C	-24.41887708 -12.41422446 3.40000000
 C	27.05218460 4.30973726 3.40000000
 C	-26.75835913 -13.17436826 3.40000000
 C	29.39183042 5.06993427 3.40000000
 C	31.73131247 5.83007807 3.40000000
 C	34.07095830 6.59027508 3.40000000
 C	36.41060412 7.35047209 3.40000000
 C	38.75024994 8.11066910 3.40000000
 C	41.08973199 8.87081290 3.40000000
 C	-3.36239223 -5.57255780 3.40000000
 C	5.99586352 -2.53187619 3.40000000
 C	-5.70203805 -6.33275481 3.40000000
 C	8.33550934 -1.77167918 3.40000000
 C	-8.04168387 -7.09295182 3.40000000
 C	10.67515516 -1.01148217 3.40000000
 C	0.87782376 -2.70147799 3.40000000
 C	-10.82007780 -6.50235662 3.40000000
 C	12.57572533 1.09940063 3.40000000
 C	-13.15972363 -7.26255363 3.40000000
 C	14.91537115 1.85959764 3.40000000
 C	-15.49936945 -8.02275064 3.40000000
 C	17.25501697 2.61979465 3.40000000
 C	-17.83890609 -8.78291217 3.40000000
 C	19.59449902 3.37993845 3.40000000
 C	-20.17849732 -9.54309144 3.40000000
 C	21.93414485 4.14013546 3.40000000
 C	-22.51814314 -10.30328845 3.40000000
 C	-1.46182206 -3.46167500 3.40000000
 C	24.27373608 4.90031473 3.40000000
 C	3.21746958 -1.94128098 3.40000000
 C	-24.85762519 -11.06343225 3.40000000
 C	26.61327272 5.66047626 3.40000000
 C	-27.19727101 -11.82362926 3.40000000
 C	28.95291854 6.42067327 3.40000000
 C	31.29256436 7.18087028 3.40000000
 C	33.63204641 7.94101408 3.40000000
 C	35.97169223 8.70121109 3.40000000
 C	38.31128347 9.46139036 3.40000000
 C	40.65082011 10.22155190 3.40000000
 C	-3.80135870 -4.22183654 3.40000000
 C	5.55695164 -1.18113719 3.40000000
 C	-6.14094993 -4.98201581 3.40000000
 C	7.89659746 -0.42094018 3.40000000
 C	-8.48059575 -5.74221282 3.40000000
 C	10.23618869 0.33923910 3.40000000
 C	-9.86985670 -5.44685761 3.40000000
 C	11.18662815 1.39480905 3.40000000
 C	-0.51143719 -2.40612278 3.40000000
 C	1.82820864 -1.64592577 3.40000000
 C	-12.20933875 -6.20700141 3.40000000
 C	13.52611020 2.15495285 3.40000000
 C	-14.54898458 -6.96719842 3.40000000
 C	15.86575602 2.91514986 3.40000000
 C	-16.88846663 -7.72734221 3.40000000
 C	18.20523807 3.67529366 3.40000000
 C	-19.22811245 -8.48753922 3.40000000
 C	20.54488390 4.43549067 3.40000000
 C	-21.56775827 -9.24773623 3.40000000
 C	22.88452972 5.19568768 3.40000000
 C	-23.90740409 -10.00793324 3.40000000
 C	25.22417554 5.95588469 3.40000000
 C	-26.24688614 -10.76807704 3.40000000
 C	27.56365759 6.71602848 3.40000000
 C	29.90330341 7.47622549 3.40000000
 C	32.24278546 8.23636929 3.40000000
 C	34.58243128 8.99656630 3.40000000
 C	-2.85091924 -3.16626658 3.40000000
 C	4.16769069 -0.88578198 3.40000000
 C	36.92207711 9.75676331 3.40000000
 C	39.26172293 10.51696032 3.40000000
 C	41.60120498 11.27710412 3.40000000
 C	-5.19056506 -3.92646359 3.40000000
 C	6.50733651 -0.12558497 3.40000000
 C	-7.53021088 -4.68666060 3.40000000
 C	8.84698233 0.63461204 3.40000000
 C	-10.30862868 -4.09617769 3.40000000
 C	10.74763781 2.74541802 3.40000000
 C	-0.95037294 -1.05549607 3.40000000
 C	1.38927288 -0.29529906 3.40000000
 C	-12.64827450 -4.85637470 3.40000000
 C	13.08717445 3.50557956 3.40000000
 C	-14.98792033 -5.61657171 3.40000000
 C	15.42682027 4.26577657 3.40000000
 C	-17.32745697 -6.37673324 3.40000000
 C	17.76646609 5.02597358 3.40000000
 C	-19.66704820 -7.13691251 3.40000000
 C	20.10594814 5.78611738 3.40000000
 C	-22.00669402 -7.89710952 3.40000000
 C	22.44559397 6.54631439 3.40000000
 C	-24.34617607 -8.65725332 3.40000000
 C	24.78518520 7.30649366 3.40000000
 C	-26.68582189 -9.41745033 3.40000000
 C	27.12472184 8.06665519 3.40000000
 C	29.46436766 8.82685220 3.40000000
 C	31.80401348 9.58704921 3.40000000
 C	34.14349553 10.34719301 3.40000000
 C	-3.28990958 -1.81565761 3.40000000
 C	3.72891871 0.46489795 3.40000000
 C	36.48314136 11.10739002 3.40000000
 C	38.82273259 11.86756929 3.40000000
 C	41.16226923 12.62773083 3.40000000
 C	-5.62950081 -2.57583688 3.40000000
 C	6.06840076 1.22504174 3.40000000
 C	-7.96914663 -3.33603389 3.40000000
 C	8.40804658 1.98523875 3.40000000
 C	0.00000000 0.00000000 3.40000000
 C	-11.69790157 -3.80087862 3.40000000
 C	11.69806534 3.80093184 3.40000000
 C	-14.03754739 -4.56107563 3.40000000
 C	14.03754739 4.56107563 3.40000000
 C	-16.37702944 -5.32121943 3.40000000
 C	16.37719321 5.32127264 3.40000000
 C	-18.71667526 -6.08141644 3.40000000
 C	18.71667526 6.08141644 3.40000000
 C	-21.05632108 -6.84161345 3.40000000
 C	21.05632108 6.84161345 3.40000000
 C	-2.33948205 -0.76014380 3.40000000
 C	-23.39596690 -7.60181046 3.40000000
 C	23.39596690 7.60181046 3.40000000
 C	2.33964582 0.76019701 3.40000000
 C	-25.73544896 -8.36195426 3.40000000
 C	25.73561273 8.36200747 3.40000000
 C	28.07509478 9.12215127 3.40000000
 C	30.41474060 9.88234828 3.40000000
 C	32.75422265 10.64249207 3.40000000
 C	35.09386847 11.40268908 3.40000000
 C	37.43351429 12.16288609 3.40000000
 C	39.77316012 12.92308310 3.40000000
 C	42.11264217 13.68322690 3.40000000
 C	-4.67912787 -1.52034081 3.40000000
 C	4.67912787 1.52034081 3.40000000
 C	-7.01877369 -2.28053782 3.40000000
 C	7.01877369 2.28053782 3.40000000
 C	-9.35841952 -3.04073483 3.40000000
 C	9.35841952 3.04073483 3.40000000
 C	-0.43889995 1.35079515 3.40000000
 C	-12.13680152 -2.45008348 3.40000000
 C	11.25911080 5.15170925 3.40000000
 C	-14.47644734 -3.21028049 3.40000000
 C	13.59864744 5.91187078 3.40000000
 C	-16.81598398 -3.97044202 3.40000000
 C	15.93829326 6.67206779 3.40000000
 C	-19.15557521 -4.73062129 3.40000000
 C	18.27793908 7.43226480 3.40000000
 C	-21.49522103 -5.49081830 3.40000000
 C	20.61742113 8.19240860 3.40000000
 C	-2.77843659 0.59063361 3.40000000
 C	-23.83470308 -6.25096210 3.40000000
 C	22.95706696 8.95260561 3.40000000
 C	1.90074587 2.11099216 3.40000000
 C	-26.17434890 -7.01115911 3.40000000
 C	25.29665819 9.71278488 3.40000000
 C	27.63619483 10.47294641 3.40000000
 C	29.97584065 11.23314342 3.40000000
 C	32.31548647 11.99334043 3.40000000
 C	34.65496852 12.75348423 3.40000000
 C	36.99461434 13.51368124 3.40000000
 C	39.33420558 14.27386051 3.40000000
 C	41.67374222 15.03402205 3.40000000
 C	-5.11802782 -0.16954566 3.40000000
 C	4.24039170 2.87118917 3.40000000
 C	-7.45767364 -0.92974267 3.40000000
 C	6.57987375 3.63133296 3.40000000
 C	-9.79715569 -1.68988647 3.40000000
 C	8.91951957 4.39152997 3.40000000
 C	-11.18642858 -1.39458740 3.40000000
 C	9.86989251 5.44702605 3.40000000
 C	-1.82800906 1.64614742 3.40000000
 C	0.51147299 2.40629122 3.40000000
 C	-13.52607440 -2.15478441 3.40000000
 C	12.20953833 6.20722306 3.40000000
 C	-15.86555645 -2.91492821 3.40000000
 C	14.54902038 6.96736685 3.40000000
 C	-18.20520227 -3.67512522 3.40000000
 C	16.88866620 7.72756386 3.40000000
 C	-20.54484809 -4.43532223 3.40000000
 C	19.22814825 8.48770766 3.40000000
 C	-22.88449392 -5.19551924 3.40000000
 C	21.56779407 9.24790467 3.40000000
 C	-25.22397597 -5.95566304 3.40000000
 C	23.90743989 10.00810168 3.40000000
 C	26.24708572 10.76829869 3.40000000
 C	28.58656777 11.52844249 3.40000000
 C	30.92621359 12.28863950 3.40000000
 C	33.26569564 13.04878329 3.40000000
 C	-4.16765488 0.88595041 3.40000000
 C	2.85111881 3.16648823 3.40000000
 C	35.60534146 13.80898030 3.40000000
 C	37.94498728 14.56917731 3.40000000
 C	40.28463310 15.32937432 3.40000000
 C	42.62411515 16.08951812 3.40000000
 C	-6.50730071 0.12575340 3.40000000
 C	5.19060086 3.92663203 3.40000000
 C	-8.84694653 -0.63444361 3.40000000
 C	7.53024668 4.68682904 3.40000000
 C	-11.62532853 -0.04379226 3.40000000
 C	9.43099256 6.79782119 3.40000000
 C	-2.26696360 2.99692483 3.40000000
 C	0.07257304 3.75708637 3.40000000
 C	-13.96497435 -0.80398927 3.40000000
 C	11.77058379 7.55800047 3.40000000
 C	-16.30451099 -1.56415080 3.40000000
 C	14.11012043 8.31816200 3.40000000
 C	-18.64410222 -2.32433007 3.40000000
 C	16.44976625 9.07835901 3.40000000
 C	-20.98374804 -3.08452708 3.40000000
 C	18.78941207 9.83855602 3.40000000
 C	-23.32323009 -3.84467088 3.40000000
 C	21.12889412 10.59869982 3.40000000
 C	-25.66287591 -4.60486789 3.40000000
 C	23.46853995 11.35889683 3.40000000
 C	25.80813118 12.11907610 3.40000000
 C	28.14766782 12.87923763 3.40000000
 C	30.48731364 13.63943464 3.40000000
 C	32.82695946 14.39963165 3.40000000
 C	-4.60655483 2.23674556 3.40000000
 C	2.41221886 4.51728338 3.40000000
 C	35.16644151 15.15977545 3.40000000
 C	37.50608733 15.91997246 3.40000000
 C	39.84567857 16.68015173 3.40000000
 C	42.18521521 17.44031327 3.40000000
 C	-6.94620065 1.47654855 3.40000000
 C	4.75186468 5.27748039 3.40000000
 C	-9.28568270 0.71640475 3.40000000
 C	7.09134673 6.03762418 3.40000000
 C	-1.31657187 4.05227021 3.40000000
 C	-13.01463721 0.25133837 3.40000000
 C	10.38132969 7.85314883 3.40000000
 C	-15.35411926 -0.50880543 3.40000000
 C	12.72097551 8.61334584 3.40000000
 C	-17.69376508 -1.26900244 3.40000000
 C	15.06045756 9.37348964 3.40000000
 C	-20.03341091 -2.02919945 3.40000000
 C	17.40010339 10.13368665 3.40000000
 C	19.73958544 10.89383044 3.40000000
 C	-22.37305673 -2.78939646 3.40000000
 C	-3.65621770 3.29207320 3.40000000
 C	1.02291018 4.81241400 3.40000000
 C	-24.71253878 -3.54954025 3.40000000
 C	22.07923126 11.65402745 3.40000000
 C	24.41887708 12.41422446 3.40000000
 C	26.75852290 13.17442147 3.40000000
 C	29.09800495 13.93456527 3.40000000
 C	31.43765078 14.69476228 3.40000000
 C	33.77713283 15.45490608 3.40000000
 C	36.11677865 16.21510309 3.40000000
 C	38.45642447 16.97530010 3.40000000
 C	40.79607029 17.73549711 3.40000000
 C	43.13555234 18.49564090 3.40000000
 C	-5.99586352 2.53187619 3.40000000
 C	3.36255600 5.57261101 3.40000000
 C	5.70203805 6.33275481 3.40000000
 C	-8.33550934 1.77167918 3.40000000
 C	-10.67499139 1.01153538 3.40000000
 C	8.04168387 7.09295182 3.40000000
 C	-1.75552641 5.40304762 3.40000000
 C	-13.45353716 1.60213352 3.40000000
 C	9.94242974 9.20394398 3.40000000
 C	-15.79307380 0.84197198 3.40000000
 C	12.28202098 9.96412325 3.40000000
 C	-18.13266503 0.08179271 3.40000000
 C	14.62155762 10.72428479 3.40000000
 C	-20.47231086 -0.67840430 3.40000000
 C	16.96120344 11.48448179 3.40000000
 C	-22.81179291 -1.43854810 3.40000000
 C	19.30084926 12.24467880 3.40000000
 C	-4.09511764 4.64286834 3.40000000
 C	0.58401023 6.16320915 3.40000000
 C	-25.15143873 -2.19874511 3.40000000
 C	21.64033131 13.00482260 3.40000000
 C	23.97997713 13.76501961 3.40000000
 C	26.31956836 14.52519888 3.40000000
 C	28.65910500 15.28536042 3.40000000
 C	30.99875083 16.04555743 3.40000000
 C	33.33839665 16.80575444 3.40000000
 C	35.67787870 17.56589824 3.40000000
 C	38.01752452 18.32609524 3.40000000
 C	40.35711575 19.08627452 3.40000000
 C	42.69665239 19.84643605 3.40000000
 C	-6.43476347 3.88267134 3.40000000
 C	2.92365605 6.92340616 3.40000000
 C	-8.77424552 3.12252754 3.40000000
 C	5.26330187 7.68360317 3.40000000
 C	-11.11389134 2.36233053 3.40000000
 C	7.60278392 8.44374697 3.40000000
 C	-12.50316423 2.65762960 3.40000000
 C	8.55315686 9.49924305 3.40000000
 C	-3.14474471 5.69836443 3.40000000
 C	-0.80509889 6.45856144 3.40000000
 C	-14.84264628 1.89748580 3.40000000
 C	10.89280268 10.25944006 3.40000000
 C	-17.18229210 1.13728879 3.40000000
 C	13.23244850 11.01963707 3.40000000
 C	-19.52193792 0.37709179 3.40000000
 C	15.57193055 11.77978087 3.40000000
 C	-21.86158374 -0.38310522 3.40000000
 C	17.91157637 12.53997788 3.40000000
 C	-24.20106579 -1.14324902 3.40000000
 C	20.25105842 13.30012168 3.40000000
 C	22.59070425 14.06031869 3.40000000
 C	24.93035007 14.82051569 3.40000000
 C	27.26999589 15.58071270 3.40000000
 C	29.60947794 16.34085650 3.40000000
 C	31.94912376 17.10105351 3.40000000
 C	-5.48439053 4.93816742 3.40000000
 C	1.53438316 7.21870524 3.40000000
 C	34.28860581 17.86119731 3.40000000
 C	36.62825163 18.62139432 3.40000000
 C	38.96789746 19.38159133 3.40000000
 C	41.30754328 20.14178834 3.40000000
 C	43.64702533 20.90193214 3.40000000
 C	-7.82403635 4.17797041 3.40000000
 C	3.87402898 7.97890224 3.40000000
 C	-10.16351840 3.41782661 3.40000000
 C	6.21351103 8.73904604 3.40000000
 C	-12.94206417 4.00842474 3.40000000
 C	8.11425691 10.85003819 3.40000000
 C	-3.58364466 7.04915957 3.40000000
 C	-1.24405342 7.80933884 3.40000000
 C	-15.28160081 3.24826320 3.40000000
 C	10.45390273 11.61023520 3.40000000
 C	-17.62119204 2.48808393 3.40000000
 C	12.79349396 12.37041447 3.40000000
 C	-19.96083787 1.72788692 3.40000000
 C	15.13303060 13.13057601 3.40000000
 C	-22.30031992 0.96774313 3.40000000
 C	17.47267643 13.89077302 3.40000000
 C	-24.63996574 0.20754612 3.40000000
 C	19.81232225 14.65097003 3.40000000
 C	22.15180430 15.41111382 3.40000000
 C	24.49145012 16.17131083 3.40000000
 C	26.83104135 16.93149010 3.40000000
 C	29.17057799 17.69165164 3.40000000
 C	31.51022382 18.45184865 3.40000000
 C	-5.92329048 6.28896256 3.40000000
 C	1.09548322 8.56950037 3.40000000
 C	33.84986964 19.21204566 3.40000000
 C	36.18935169 19.97218946 3.40000000
 C	38.52899751 20.73238647 3.40000000
 C	40.86858874 21.49256574 3.40000000
 C	43.20812538 22.25272727 3.40000000
 C	-8.26277253 5.52881876 3.40000000
 C	3.43512904 9.32969738 3.40000000
 C	-10.60241835 4.76862175 3.40000000
 C	5.77477486 10.08989439 3.40000000
 C	-2.63327172 8.10465565 3.40000000
 C	-14.33117329 4.30377703 3.40000000
 C	9.06462985 11.90553427 3.40000000
 C	-16.67081911 3.54358002 3.40000000
 C	11.40427567 12.66573128 3.40000000
 C	-19.01046493 2.78338301 3.40000000
 C	13.74392149 13.42592829 3.40000000
 C	-21.35011075 2.02318600 3.40000000
 C	16.08340354 14.18607209 3.40000000
 C	-23.68959280 1.26304220 3.40000000
 C	18.42304936 14.94626910 3.40000000
 C	-4.97291754 7.34445864 3.40000000
 C	20.76253141 15.70641290 3.40000000
 C	-0.29362590 8.86485266 3.40000000
 C	23.10217723 16.46660991 3.40000000
 C	25.44182306 17.22680692 3.40000000
 C	27.78146888 17.98700393 3.40000000
 C	30.12095093 18.74714772 3.40000000
 C	32.46059675 19.50734473 3.40000000
 C	34.80007880 20.26748853 3.40000000
 C	37.13972462 21.02768554 3.40000000
 C	39.47937044 21.78788255 3.40000000
 C	41.81901627 22.54807956 3.40000000
 C	44.15849832 23.30822336 3.40000000
 C	-7.31256336 6.58426163 3.40000000
 C	2.04585615 9.62499646 3.40000000
 C	-9.65204541 5.82411783 3.40000000
 C	4.38550197 10.38519347 3.40000000
 C	-11.99169124 5.06392082 3.40000000
 C	6.72498402 11.14533726 3.40000000
 C	-3.07218360 9.45539465 3.40000000
 C	-14.77013976 5.65449829 3.40000000
 C	8.62571796 13.25627327 3.40000000
 C	-17.10973099 4.89431902 3.40000000
 C	10.96536378 14.01647028 3.40000000
 C	-19.44937681 4.13412201 3.40000000
 C	13.30495502 14.77664956 3.40000000
 C	-21.78885886 3.37397821 3.40000000
 C	15.64449166 15.53681109 3.40000000
 C	-24.12850469 2.61378120 3.40000000
 C	17.98413748 16.29700810 3.40000000
 C	-5.41182943 8.69519764 3.40000000
 C	20.32378330 17.05720511 3.40000000
 C	-0.73259237 10.21557392 3.40000000
 C	22.66326535 17.81734891 3.40000000
 C	25.00291117 18.57754592 3.40000000
 C	27.34250240 19.33772519 3.40000000
 C	29.68203905 20.09788672 3.40000000
 C	32.02168487 20.85808373 3.40000000
 C	34.36133069 21.61828074 3.40000000
 C	36.70081274 22.37842454 3.40000000
 C	39.04045856 23.13862155 3.40000000
 C	41.38004979 23.89880082 3.40000000
 C	-7.75131148 7.93505384 3.40000000
 C	43.71958643 24.65896236 3.40000000
 C	1.60694427 10.97573546 3.40000000
 C	-10.09095730 7.17485683 3.40000000
 C	3.94659009 11.73593247 3.40000000
 C	-12.43060312 6.41465982 3.40000000
 C	6.28623591 12.49612948 3.40000000
 C	-13.81970030 6.71006825 3.40000000
 C	7.23645701 13.55162848 3.40000000
 C	-4.46144455 9.75074986 3.40000000
 C	-2.12179873 10.51094687 3.40000000
 C	-16.15934612 5.94987124 3.40000000
 C	9.57610283 14.31182549 3.40000000
 C	-18.49899194 5.18967423 3.40000000
 C	11.91574866 15.07202250 3.40000000
 C	-20.83863776 4.42947722 3.40000000
 C	14.25539448 15.83221951 3.40000000
 C	-23.17811981 3.66933342 3.40000000
 C	16.59487653 16.59236331 3.40000000
 C	18.93452235 17.35256032 3.40000000
 C	21.27400440 18.11270412 3.40000000
 C	23.61365022 18.87290113 3.40000000
 C	25.95329605 19.63309814 3.40000000
 C	28.29294187 20.39329515 3.40000000
 C	30.63242392 21.15343894 3.40000000
 C	-6.80109038 8.99055285 3.40000000
 C	0.21784709 11.27114388 3.40000000
 C	32.97206974 21.91363595 3.40000000
 C	35.31155179 22.67377975 3.40000000
 C	37.65119761 23.43397676 3.40000000
 C	39.99084343 24.19417377 3.40000000
 C	42.33048926 24.95437078 3.40000000
 C	44.66997131 25.71451458 3.40000000
 C	-9.14057243 8.23040905 3.40000000
 C	2.55732914 12.03128768 3.40000000
 C	-11.48021825 7.47021204 3.40000000
 C	4.89697496 12.79148469 3.40000000
 C	-14.25869064 8.06067722 3.40000000
 C	6.79768503 14.90230841 3.40000000
 C	-4.90038030 11.10137657 3.40000000
 C	-2.56073448 11.86157358 3.40000000
 C	-16.59828187 7.30049795 3.40000000
 C	9.13716708 15.66245220 3.40000000
 C	-18.93792769 6.54030094 3.40000000
 C	11.47681291 16.42264921 3.40000000
 C	-21.27740974 5.78015714 3.40000000
 C	13.81640414 17.18282849 3.40000000
 C	-23.61705557 5.01996013 3.40000000
 C	16.15594078 17.94299002 3.40000000
 C	18.49558660 18.70318703 3.40000000
 C	20.83523242 19.46338404 3.40000000
 C	23.17471447 20.22352784 3.40000000
 C	25.51436029 20.98372485 3.40000000
 C	27.85395153 21.74390412 3.40000000
 C	30.19348817 22.50406565 3.40000000
 C	-7.23986235 10.34123277 3.40000000
 C	-0.22114325 12.62175285 3.40000000
 C	32.53313399 23.26426266 3.40000000
 C	34.87277981 24.02445967 3.40000000
 C	37.21226186 24.78460347 3.40000000
 C	39.55190768 25.54480048 3.40000000
 C	41.89149891 26.30497975 3.40000000
 C	44.23103556 27.06514129 3.40000000
 C	-9.57950818 9.58103576 3.40000000
 C	2.11839339 13.38191439 3.40000000
 C	-11.91915400 8.82083875 3.40000000
 C	4.45803921 14.14211140 3.40000000
 C	-3.95000737 12.15687264 3.40000000
 C	-15.64790893 8.35599402 3.40000000
 C	7.74789420 15.95775127 3.40000000
 C	-17.98755476 7.59579701 3.40000000
 C	10.08754002 16.71794828 3.40000000
 C	-20.32720058 6.83560000 3.40000000
 C	12.42718584 17.47814529 3.40000000
 C	-22.66668263 6.07545620 3.40000000
 C	14.76683167 18.23834230 3.40000000
 C	17.10631372 18.99848609 3.40000000
 C	19.44595954 19.75868310 3.40000000
 C	-6.28965319 11.39667563 3.40000000
 C	-1.61036154 12.91706965 3.40000000
 C	21.78544159 20.51882690 3.40000000
 C	24.12508741 21.27902391 3.40000000
 C	26.46473323 22.03922092 3.40000000
 C	28.80437905 22.79941793 3.40000000
 C	31.14386110 23.55956173 3.40000000
 C	33.48350693 24.31975874 3.40000000
 C	35.82298898 25.07990253 3.40000000
 C	38.16263480 25.84009954 3.40000000
 C	40.50228062 26.60029655 3.40000000
 C	-8.62913524 10.63653184 3.40000000
 C	42.84192644 27.36049356 3.40000000
 C	0.72928428 13.67726666 3.40000000
 C	45.18140849 28.12063736 3.40000000
 C	-10.96878106 9.87633483 3.40000000
 C	3.06876633 14.43741046 3.40000000
 C	-13.30826311 9.11619103 3.40000000
 C	5.40841215 15.19760747 3.40000000
 C	-4.38890732 13.50766779 3.40000000
 C	-16.08680888 9.70678917 3.40000000
 C	7.30915802 17.30859963 3.40000000
 C	-18.42645470 8.94659216 3.40000000
 C	9.64864007 18.06874342 3.40000000
 C	-20.76593675 8.18644836 3.40000000
 C	11.98828590 18.82894043 3.40000000
 C	-23.10558258 7.42625135 3.40000000
 C	14.32787713 19.58911971 3.40000000
 C	16.66741377 20.34928124 3.40000000
 C	-6.72838937 12.74752399 3.40000000
 C	19.00705959 21.10947825 3.40000000
 C	-2.04926149 14.26786480 3.40000000
 C	21.34670541 21.86967526 3.40000000
 C	23.68618746 22.62981906 3.40000000
 C	26.02583328 23.39001607 3.40000000
 C	28.36542452 24.15019534 3.40000000
 C	30.70496116 24.91035687 3.40000000
 C	33.04460698 25.67055388 3.40000000
 C	35.38425280 26.43075089 3.40000000
 C	37.72373485 27.19089469 3.40000000
 C	40.06338067 27.95109170 3.40000000
 C	-9.06803519 11.98732698 3.40000000
 C	42.40297190 28.71127097 3.40000000
 C	0.29032974 15.02804407 3.40000000
 C	44.74250854 29.47143251 3.40000000
 C	-11.40768101 11.22712997 3.40000000
 C	2.62986638 15.78820561 3.40000000
 C	-13.74721765 10.46696844 3.40000000
 C	4.96951220 16.54840262 3.40000000
 C	-15.13643594 10.76228524 3.40000000
 C	5.91988514 17.60389869 3.40000000
 C	-5.77818020 13.80296686 3.40000000
 C	-3.43853438 14.56316386 3.40000000
 C	-17.47608177 10.00208823 3.40000000
 C	8.25936719 18.36404249 3.40000000
 C	-19.81572759 9.24189122 3.40000000
 C	10.59901301 19.12423950 3.40000000
 C	-22.15520964 8.48174742 3.40000000
 C	12.93865883 19.88443651 3.40000000
 C	15.27830466 20.64463352 3.40000000
 C	17.61778671 21.40477731 3.40000000
 C	19.95743253 22.16497432 3.40000000
 C	22.29691458 22.92511812 3.40000000
 C	24.63656040 23.68531513 3.40000000
 C	26.97620622 24.44551214 3.40000000
 C	29.31585204 25.20570915 3.40000000
 C	-8.11766225 13.04282306 3.40000000
 C	-1.09888856 15.32336087 3.40000000
 C	31.65533409 25.96585295 3.40000000
 C	33.99497992 26.72604996 3.40000000
 C	36.33446197 27.48619376 3.40000000
 C	38.67410779 28.24639076 3.40000000
 C	41.01375361 29.00658777 3.40000000
 C	43.35339943 29.76678478 3.40000000
 C	45.69288148 30.52692858 3.40000000
 C	-10.45730807 12.28262605 3.40000000
 C	1.24075727 16.08355788 3.40000000
 C	-12.79679012 11.52248225 3.40000000
 C	3.58023932 16.84370168 3.40000000
 C	-15.57533589 12.11308039 3.40000000
 C	5.48098519 18.95469384 3.40000000
 C	-6.21691638 15.15381522 3.40000000
 C	-3.87743433 15.91395901 3.40000000
 C	-17.91498171 11.35288338 3.40000000
 C	7.82063101 19.71489085 3.40000000
 C	-20.25446376 10.59273958 3.40000000
 C	10.16011306 20.47503465 3.40000000
 C	-22.59410959 9.83254257 3.40000000
 C	12.49975888 21.23523166 3.40000000
 C	14.83935012 21.99541093 3.40000000
 C	17.17888676 22.75557246 3.40000000
 C	19.51853258 23.51576947 3.40000000
 C	21.85817840 24.27596648 3.40000000
 C	24.19766045 25.03611028 3.40000000
 C	26.53730627 25.79630729 3.40000000
 C	28.87689750 26.55648656 3.40000000
 C	-8.55656220 14.39361821 3.40000000
 C	-1.53778850 16.67415602 3.40000000
 C	31.21643415 27.31664810 3.40000000
 C	33.55607997 28.07684511 3.40000000
 C	35.89572579 28.83704212 3.40000000
 C	38.23520784 29.59718591 3.40000000
 C	40.57485366 30.35738292 3.40000000
 C	42.91444489 31.11756219 3.40000000
 C	45.25398153 31.87772373 3.40000000
 C	-10.89620802 13.63342120 3.40000000
 C	0.80180273 17.43433529 3.40000000
 C	-13.23574466 12.87325966 3.40000000
 C	3.14133937 18.19449683 3.40000000
 C	-5.26674301 16.20908964 3.40000000
 C	-16.96464458 12.40821102 3.40000000
 C	6.43132233 20.01002147 3.40000000
 C	8.77080438 20.77016527 3.40000000
 C	-19.30429040 11.64801401 3.40000000
 C	-21.64377245 10.88787021 3.40000000
 C	11.11045020 21.53036228 3.40000000
 C	13.45009602 22.29055929 3.40000000
 C	15.78974184 23.05075630 3.40000000
 C	-7.60622506 15.44894584 3.40000000
 C	-2.92709719 16.96928665 3.40000000
 C	18.12922389 23.81090010 3.40000000
 C	20.46886971 24.57109711 3.40000000
 C	22.80835176 25.33124091 3.40000000
 C	25.14799759 26.09143792 3.40000000
 C	27.48764341 26.85163493 3.40000000
 C	29.82728923 27.61183193 3.40000000
 C	32.16677128 28.37197573 3.40000000
 C	34.50641710 29.13217274 3.40000000
 C	36.84589915 29.89231654 3.40000000
 C	39.18554498 30.65251355 3.40000000
 C	41.52519080 31.41271056 3.40000000
 C	-9.94587088 14.68874883 3.40000000
 C	-0.58745137 17.72948366 3.40000000
 C	43.86483662 32.17290757 3.40000000
 C	46.20431867 32.93305137 3.40000000
 C	-12.28535293 13.92860503 3.40000000
 C	1.75219445 18.48968067 3.40000000
 C	-14.62499876 13.16840802 3.40000000
 C	4.09167650 19.24982447 3.40000000
 C	-5.70547919 17.55993800 3.40000000
 C	-17.40354453 13.75900616 3.40000000
 C	5.99242238 21.36081662 3.40000000
 C	-19.74302658 12.99886237 3.40000000
 C	8.33206820 22.12101363 3.40000000
 C	-22.08267240 12.23866536 3.40000000
 C	10.67155025 22.88115743 3.40000000
 C	13.01119607 23.64135444 3.40000000
 C	15.35078730 24.40153371 3.40000000
 C	-8.04512501 16.79974099 3.40000000
 C	-3.36599714 18.32008180 3.40000000
 C	17.69032394 25.16169525 3.40000000
 C	20.02996977 25.92189226 3.40000000
 C	22.36961559 26.68208927 3.40000000
 C	24.70909764 27.44223306 3.40000000
 C	27.04874346 28.20243007 3.40000000
 C	29.38833469 28.96260934 3.40000000
 C	31.72787133 29.72277088 3.40000000
 C	34.06751715 30.48296789 3.40000000
 C	36.40716298 31.24316490 3.40000000
 C	38.74664503 32.00330870 3.40000000
 C	41.08629085 32.76350571 3.40000000
 C	-10.38477083 16.03954398 3.40000000
 C	-1.02635132 19.08027881 3.40000000
 C	43.42588208 33.52368498 3.40000000
 C	45.76541872 34.28384651 3.40000000
 C	-12.72430747 15.27938244 3.40000000
 C	1.31323991 19.84045808 3.40000000
 C	-15.06389871 14.51920317 3.40000000
 C	3.65277655 20.60061961 3.40000000
 C	-16.45317159 14.81450225 3.40000000
 C	4.60314949 21.65611570 3.40000000
 C	-7.09475208 17.85523707 3.40000000
 C	-4.75527003 18.61538087 3.40000000
 C	-18.79281741 14.05430524 3.40000000
 C	6.94279531 22.41631271 3.40000000
 C	-21.13229947 13.29416144 3.40000000
 C	9.28227736 23.17645650 3.40000000
 C	11.62192318 23.93665351 3.40000000
 C	13.96156901 24.69685052 3.40000000
 C	16.30121483 25.45704753 3.40000000
 C	18.64069688 26.21719133 3.40000000
 C	20.98034270 26.97738834 3.40000000
 C	23.31982475 27.73753214 3.40000000
 C	25.65947057 28.49772915 3.40000000
 C	27.99911639 29.25792616 3.40000000
 C	-9.43439790 17.09504006 3.40000000
 C	-2.41562420 19.37557788 3.40000000
 C	30.33876222 30.01812317 3.40000000
 C	32.67824427 30.77826696 3.40000000
 C	35.01789009 31.53846397 3.40000000
 C	37.35737214 32.29860777 3.40000000
 C	39.69701796 33.05880478 3.40000000
 C	42.03666378 33.81900179 3.40000000
 C	44.37630961 34.57919880 3.40000000
 C	46.71579166 35.33934260 3.40000000
 C	-11.77387995 16.33489627 3.40000000
 C	-0.07597838 20.13577489 3.40000000
 C	-14.11352577 15.57469926 3.40000000
 C	2.26366744 20.89597190 3.40000000
 C	-16.89207154 16.16529738 3.40000000
 C	4.16424954 23.00691083 3.40000000
 C	-7.53365202 19.20603221 3.40000000
 C	-5.19400620 19.96622922 3.40000000
 C	-19.23155359 15.40515359 3.40000000
 C	6.50389537 23.76710784 3.40000000
 C	-21.57119941 14.64495658 3.40000000
 C	8.84354119 24.52730485 3.40000000
 C	11.18302324 25.28744865 3.40000000
 C	13.52266906 26.04764566 3.40000000
 C	15.86226029 26.80782493 3.40000000
 C	18.20179693 27.56798647 3.40000000
 C	20.54144275 28.32818348 3.40000000
 C	22.88108858 29.08838049 3.40000000
 C	25.22057063 29.84852428 3.40000000
 C	27.56021645 30.60872129 3.40000000
 C	-9.87329784 18.44583520 3.40000000
 C	-2.85452415 20.72637302 3.40000000
 C	29.89980768 31.36890057 3.40000000
 C	32.23934432 32.12906210 3.40000000
 C	34.57899014 32.88925911 3.40000000
 C	36.91863597 33.64945612 3.40000000
 C	39.25811802 34.40959992 3.40000000
 C	41.59776384 35.16979693 3.40000000
 C	43.93735507 35.92997620 3.40000000
 C	46.27689171 36.69013773 3.40000000
 C	-12.21283449 17.68567367 3.40000000
 C	-0.51487833 21.48657003 3.40000000
 C	-14.55242572 16.92549439 3.40000000
 C	1.82471290 22.24674930 3.40000000
 C	-6.58327909 20.26152829 3.40000000
 C	-18.28134443 16.46059646 3.40000000
 C	5.11462248 24.06240692 3.40000000
 C	-20.62082648 15.70045266 3.40000000
 C	7.45426830 24.82260393 3.40000000
 C	9.79375035 25.58274772 3.40000000
 C	12.13339617 26.34294473 3.40000000
 C	14.47304200 27.10314174 3.40000000
 C	-8.92292491 19.50133128 3.40000000
 C	-4.24379704 21.02167209 3.40000000
 C	16.81268782 27.86333875 3.40000000
 C	19.15216987 28.62348255 3.40000000
 C	21.49181569 29.38367956 3.40000000
 C	23.83129774 30.14382336 3.40000000
 C	26.17094356 30.90402037 3.40000000
 C	28.51058938 31.66421738 3.40000000
 C	30.85023521 32.42441439 3.40000000
 C	33.18971726 33.18455818 3.40000000
 C	35.52936308 33.94475519 3.40000000
 C	37.86884513 34.70489899 3.40000000
 C	-11.26240696 18.74118749 3.40000000
 C	40.20849095 35.46509600 3.40000000
 C	-1.90415122 21.78186910 3.40000000
 C	42.54813677 36.22529301 3.40000000
 C	44.88778259 36.98549002 3.40000000
 C	47.22726464 37.74563382 3.40000000
 C	-13.60205278 17.98099048 3.40000000
 C	0.43549461 22.54206611 3.40000000
 C	-15.94169860 17.22079347 3.40000000
 C	2.77514043 23.30226312 3.40000000
 C	-7.02219097 21.61226729 3.40000000
 C	-18.72009254 17.81138867 3.40000000
 C	4.67571060 25.41314592 3.40000000
 C	-21.05973836 17.05119166 3.40000000
 C	7.01535642 26.17334293 3.40000000
 C	9.35500224 26.93353994 3.40000000
 C	11.69448429 27.69368373 3.40000000
 C	14.03413011 28.45388074 3.40000000
 C	-9.36183679 20.85207028 3.40000000
 C	16.37372134 29.21406002 3.40000000
 C	-4.68254515 22.37246430 3.40000000
 C	18.71325798 29.97422155 3.40000000
 C	21.05290381 30.73441856 3.40000000
 C	23.39254963 31.49461557 3.40000000
 C	25.73203168 32.25475937 3.40000000
 C	28.07167750 33.01495638 3.40000000
 C	30.41126873 33.77513565 3.40000000
 C	32.75080537 34.53529718 3.40000000
 C	35.09045120 35.29549419 3.40000000
 C	37.43009702 36.05569120 3.40000000
 C	-11.70137343 20.09190875 3.40000000
 C	39.76957907 36.81583500 3.40000000
 C	-2.34306310 23.13260810 3.40000000
 C	42.10922489 37.57603201 3.40000000
 C	44.44881612 38.33621128 3.40000000
 C	46.78835276 39.09637282 3.40000000
 C	-14.04096466 19.33172948 3.40000000
 C	-0.00341728 23.89280511 3.40000000
 C	-16.38061049 18.57153247 3.40000000
 C	2.33617396 24.65298438 3.40000000
 C	-17.76987144 18.86688768 3.40000000
 C	3.28661342 25.70855434 3.40000000
 C	-8.41145192 21.90762250 3.40000000
 C	-6.07180610 22.66781951 3.40000000
 C	-20.10935349 18.10674388 3.40000000
 C	5.62609547 26.46869814 3.40000000
 C	7.96574129 27.22889515 3.40000000
 C	10.30522334 27.98903894 3.40000000
 C	12.64486916 28.74923595 3.40000000
 C	14.98451498 29.50943296 3.40000000
 C	17.32416081 30.26962997 3.40000000
 C	19.66364286 31.02977377 3.40000000
 C	22.00328868 31.78997078 3.40000000
 C	24.34277073 32.55011458 3.40000000
 C	26.68241655 33.31031159 3.40000000
 C	-10.75093397 21.14747871 3.40000000
 C	-3.73232405 23.42796331 3.40000000
 C	29.02206237 34.07050860 3.40000000
 C	31.36170820 34.83070561 3.40000000
 C	33.70119025 35.59084940 3.40000000
 C	36.04083607 36.35104641 3.40000000
 C	38.38031812 37.11119021 3.40000000
 C	40.71996394 37.87138722 3.40000000
 C	43.05960976 38.63158423 3.40000000
 C	45.39925558 39.39178124 3.40000000
 C	47.73873763 40.15192504 3.40000000
 C	-13.09057979 20.38728170 3.40000000
 C	-1.39267823 24.18816032 3.40000000
 C	-15.43022561 19.62708469 3.40000000
 C	0.94696760 24.94835733 3.40000000
 C	-18.20864342 20.21756760 3.40000000
 C	2.84762308 27.05916331 3.40000000
 C	-8.85038767 23.25824921 3.40000000
 C	-6.51074185 24.01844622 3.40000000
 C	-20.54828924 19.45737059 3.40000000
 C	5.18715972 27.81932485 3.40000000
 C	7.52680554 28.57952186 3.40000000
 C	9.86645136 29.33971887 3.40000000
 C	12.20593341 30.09986266 3.40000000
 C	14.54557923 30.86005967 3.40000000
 C	16.88517046 31.62023895 3.40000000
 C	19.22470711 32.38040048 3.40000000
 C	21.56435293 33.14059749 3.40000000
 C	23.90399875 33.90079450 3.40000000
 C	26.24348080 34.66093830 3.40000000
 C	-11.18992431 22.49808768 3.40000000
 C	-4.17109603 24.77864323 3.40000000
 C	28.58312662 35.42113531 3.40000000
 C	30.92271785 36.18131458 3.40000000
 C	33.26225449 36.94147611 3.40000000
 C	35.60190032 37.70167312 3.40000000
 C	37.94154614 38.46187013 3.40000000
 C	40.28102819 39.22201393 3.40000000
 C	42.62067401 39.98221094 3.40000000
 C	44.96026524 40.74239021 3.40000000
 C	47.29980188 41.50255175 3.40000000
 C	-13.52951554 21.73790841 3.40000000
 C	-1.83161398 25.53878703 3.40000000
 C	-15.86916137 20.97771140 3.40000000
 C	0.50803184 26.29898404 3.40000000
 C	-7.90001473 24.31374529 3.40000000
 C	-19.59791630 20.51286666 3.40000000
 C	3.79805061 28.11467712 3.40000000
 C	6.13753266 28.87482092 3.40000000
 C	8.47717848 29.63501793 3.40000000
 C	10.81666053 30.39516173 3.40000000
 C	13.15630635 31.15535874 3.40000000
 C	-10.23949678 23.55360149 3.40000000
 C	15.49595217 31.91555575 3.40000000
 C	-5.56036891 25.07394230 3.40000000
 C	17.83559799 32.67575276 3.40000000
 C	20.17508004 33.43589655 3.40000000
 C	22.51472587 34.19609356 3.40000000
 C	24.85420792 34.95623736 3.40000000
 C	27.19385374 35.71643437 3.40000000
 C	29.53349956 36.47663138 3.40000000
 C	31.87314538 37.23682839 3.40000000
 C	34.21262743 37.99697219 3.40000000
 C	36.55227325 38.75716920 3.40000000
 C	-12.57914261 22.79340448 3.40000000
 C	-3.22088686 25.83408609 3.40000000
 C	38.89175530 39.51731299 3.40000000
 C	41.23140113 40.27751000 3.40000000
 C	43.57104695 41.03770701 3.40000000
 C	45.91069277 41.79790402 3.40000000
 C	48.25017482 42.55804782 3.40000000
 C	-14.91878843 22.03320747 3.40000000
 C	-0.88124104 26.59428310 3.40000000
 C	-17.25843425 21.27301046 3.40000000
 C	1.45840478 27.35448011 3.40000000
 C	-8.33891468 25.66454044 3.40000000
 C	-20.03681625 21.86366181 3.40000000
 C	3.35909607 29.46545453 3.40000000
 C	5.69863271 30.22561607 3.40000000
 C	8.03827853 30.98581308 3.40000000
 C	10.37792435 31.74601009 3.40000000
 C	12.71740640 32.50615389 3.40000000
 C	-10.67845132 24.90437890 3.40000000
 C	15.05705222 33.26635089 3.40000000
 C	-5.99926886 26.42473744 3.40000000
 C	17.39664345 34.02653017 3.40000000
 C	19.73618009 34.78669170 3.40000000
 C	22.07582592 35.54688871 3.40000000
 C	24.41547174 36.30708572 3.40000000
 C	26.75495379 37.06722952 3.40000000
 C	29.09459961 37.82742653 3.40000000
 C	31.43419084 38.58760580 3.40000000
 C	33.77372748 39.34776734 3.40000000
 C	36.11337331 40.10796434 3.40000000
 C	-13.01804255 24.14419963 3.40000000
 C	38.45301913 40.86816135 3.40000000
 C	-3.65962304 27.18493445 3.40000000
 C	40.79250118 41.62830515 3.40000000
 C	43.13214700 42.38850216 3.40000000
 C	45.47173823 43.14868143 3.40000000
 C	47.81127487 43.90884297 3.40000000
 C	-15.35768838 23.38400262 3.40000000
 C	-1.32014099 27.94507825 3.40000000
 C	-17.69717043 22.62385882 3.40000000
 C	1.01950483 28.70527526 3.40000000
 C	-19.08644331 22.91915789 3.40000000
 C	1.96987777 29.76077134 3.40000000
 C	-9.72802379 25.95989271 3.40000000
 C	-7.38854174 26.72003651 3.40000000
 C	4.30952359 30.52096835 3.40000000
 C	6.64900564 31.28111214 3.40000000
 C	8.98865147 32.04130915 3.40000000
 C	11.32813352 32.80145295 3.40000000
 C	13.66777934 33.56164996 3.40000000
 C	16.00742516 34.32184697 3.40000000
 C	18.34707098 35.08204398 3.40000000
 C	20.68655303 35.84218778 3.40000000
 C	23.02619886 36.60238479 3.40000000
 C	25.36568091 37.36252858 3.40000000
 C	-12.06766962 25.19969570 3.40000000
 C	-5.04889592 27.48023352 3.40000000
 C	27.70532673 38.12272559 3.40000000
 C	30.04497255 38.88292260 3.40000000
 C	32.38461837 39.64311961 3.40000000
 C	34.72410042 40.40326341 3.40000000
 C	37.06374624 41.16346042 3.40000000
 C	39.40322829 41.92360422 3.40000000
 C	41.74287412 42.68380123 3.40000000
 C	44.08251994 43.44399824 3.40000000
 C	46.42216576 44.20419525 3.40000000
 C	48.76164781 44.96433904 3.40000000
 C	-14.40731544 24.43949869 3.40000000
 C	-2.70941387 28.24037732 3.40000000
 C	-16.74696126 23.67930168 3.40000000
 C	-0.36976805 29.00057433 3.40000000
 C	-19.52534326 24.26995303 3.40000000
 C	1.53097782 31.11156648 3.40000000
 C	-10.16697833 27.31067012 3.40000000
 C	-7.82744169 28.07083166 3.40000000
 C	3.87056905 31.87174575 3.40000000
 C	6.21010570 32.63190729 3.40000000
 C	8.54975152 33.39210430 3.40000000
 C	10.88939734 34.15230131 3.40000000
 C	13.22887939 34.91244511 3.40000000
 C	15.56852521 35.67264212 3.40000000
 C	17.90811644 36.43282139 3.40000000
 C	20.24765308 37.19298292 3.40000000
 C	22.58729891 37.95317993 3.40000000
 C	24.92694473 38.71337694 3.40000000
 C	-12.50656957 26.55049085 3.40000000
 C	-5.48779587 28.83102867 3.40000000
 C	27.26642678 39.47352074 3.40000000
 C	29.60607260 40.23371775 3.40000000
 C	31.94566383 40.99389702 3.40000000
 C	34.28520047 41.75405856 3.40000000
 C	36.62484629 42.51425557 3.40000000
 C	38.96449212 43.27445258 3.40000000
 C	41.30397417 44.03459637 3.40000000
 C	43.64361999 44.79479338 3.40000000
 C	45.98321122 45.55497265 3.40000000
 C	48.32274786 46.31513419 3.40000000
 C	-14.84621539 25.79029384 3.40000000
 C	-3.14815005 29.59122568 3.40000000
 C	-17.18569744 25.03015004 3.40000000
 C	-0.80866800 30.35136947 3.40000000
 C	-9.21658661 28.36601550 3.40000000
 C	2.48131496 32.16689412 3.40000000
 C	4.82096078 32.92709113 3.40000000
 C	7.16044283 33.68723493 3.40000000
 C	9.50008865 34.44743194 3.40000000
 C	11.83957070 35.20757573 3.40000000
 C	-11.55623243 27.60581849 3.40000000
 C	-6.87710456 29.12615929 3.40000000
 C	14.17921653 35.96777274 3.40000000
 C	16.51886235 36.72796975 3.40000000
 C	18.85850817 37.48816676 3.40000000
 C	21.19799022 38.24831056 3.40000000
 C	23.53763604 39.00850757 3.40000000
 C	25.87711809 39.76865137 3.40000000
 C	28.21676391 40.52884838 3.40000000
 C	30.55640974 41.28904539 3.40000000
 C	32.89605556 42.04924240 3.40000000
 C	35.23553761 42.80938619 3.40000000
 C	37.57518343 43.56958320 3.40000000
 C	-13.89587825 26.84562148 3.40000000
 C	-4.53745874 29.88635630 3.40000000
 C	39.91466548 44.32972700 3.40000000
 C	42.25431130 45.08992401 3.40000000
 C	44.59395712 45.85012102 3.40000000
 C	46.93360295 46.61031803 3.40000000
 C	49.27308500 47.37046183 3.40000000
 C	-2.19797668 30.64650010 3.40000000
 C	-16.23552407 26.08542447 3.40000000
 C	-18.57500612 25.32528067 3.40000000
 C	0.14166914 31.40669711 3.40000000
 C	-9.65554115 29.71679291 3.40000000
 C	2.04241501 33.51768927 3.40000000
 C	4.38200624 34.27786854 3.40000000
 C	6.72154288 35.03803007 3.40000000
 C	9.06118870 35.79822708 3.40000000
 C	11.40083453 36.55842409 3.40000000
 C	-11.99513238 28.95661363 3.40000000
 C	-7.31600451 30.47695444 3.40000000
 C	13.74031658 37.31856789 3.40000000
 C	16.07996240 38.07876490 3.40000000
 C	18.41955363 38.83894417 3.40000000
 C	20.75909027 39.59910571 3.40000000
 C	23.09873609 40.35930272 3.40000000
 C	25.43838192 41.11949973 3.40000000
 C	27.77786397 41.87964352 3.40000000
 C	30.11750979 42.63984053 3.40000000
 C	32.45710102 43.40001981 3.40000000
 C	34.79663766 44.16018134 3.40000000
 C	37.13628348 44.92037835 3.40000000
 C	-14.33477820 28.19641662 3.40000000
 C	-4.97635868 31.23715145 3.40000000
 C	39.47592930 45.68057536 3.40000000
 C	41.81541135 46.44071916 3.40000000
 C	44.15505718 47.20091617 3.40000000
 C	46.49464841 47.96109544 3.40000000
 C	48.83418505 48.72125697 3.40000000
 C	-16.67426025 27.43627283 3.40000000
 C	-2.63671286 31.99734846 3.40000000
 C	-19.01390607 26.67607582 3.40000000
 C	-0.29723081 32.75749226 3.40000000
 C	0.65314212 33.81298834 3.40000000
 C	-11.04475944 30.01210972 3.40000000
 C	-8.70511362 30.77230673 3.40000000
 C	2.99278795 34.57318535 3.40000000
 C	5.33243377 35.33338236 3.40000000
 C	7.67191582 36.09352616 3.40000000
 C	10.01156164 36.85372317 3.40000000
 C	12.35104369 37.61386696 3.40000000
 C	14.69068951 38.37406397 3.40000000
 C	17.03033533 39.13426098 3.40000000
 C	19.36998116 39.89445799 3.40000000
 C	21.70946321 40.65460179 3.40000000
 C	24.04910903 41.41479880 3.40000000
 C	-13.38440527 29.25191271 3.40000000
 C	-6.36563157 31.53245052 3.40000000
 C	26.38859108 42.17494260 3.40000000
 C	28.72823690 42.93513961 3.40000000
 C	31.06788272 43.69533662 3.40000000
 C	33.40752854 44.45553363 3.40000000
 C	35.74701059 45.21567742 3.40000000
 C	38.08665642 45.97587443 3.40000000
 C	40.42613847 46.73601823 3.40000000
 C	42.76578429 47.49621524 3.40000000
 C	45.10543011 48.25641225 3.40000000
 C	47.44507593 49.01660926 3.40000000
 C	-15.72405109 28.49171570 3.40000000
 C	-4.02598575 32.29264753 3.40000000
 C	49.78455798 49.77675306 3.40000000
 C	-18.06353314 27.73157190 3.40000000
 C	-1.68650370 33.05279133 3.40000000
 C	0.21424218 35.16378348 3.40000000
 C	-11.48365939 31.36290485 3.40000000
 C	-9.14406816 32.12308413 3.40000000
 C	2.55388800 35.92398049 3.40000000
 C	4.89347923 36.68415976 3.40000000
 C	7.23301587 37.44432129 3.40000000
 C	9.57266169 38.20451830 3.40000000
 C	11.91230752 38.96471531 3.40000000
 C	14.25178957 39.72485911 3.40000000
 C	16.59143539 40.48505612 3.40000000
 C	18.93102662 41.24523539 3.40000000
 C	21.27056326 42.00539693 3.40000000
 C	23.61020908 42.76559394 3.40000000
 C	-13.82330521 30.60270784 3.40000000
 C	-6.80453152 32.88324566 3.40000000
 C	25.94985490 43.52579095 3.40000000
 C	28.28933695 44.28593474 3.40000000
 C	30.62898278 45.04613175 3.40000000
 C	32.96857401 45.80631103 3.40000000
 C	35.30811065 46.56647256 3.40000000
 C	37.64775647 47.32666957 3.40000000
 C	39.98740229 48.08686658 3.40000000
 C	42.32688434 48.84701038 3.40000000
 C	44.66653017 49.60720739 3.40000000
 C	47.00612140 50.36738666 3.40000000
 C	-16.16278726 29.84256405 3.40000000
 C	-4.46488569 33.64344267 3.40000000
 C	49.34565804 51.12754819 3.40000000
 C	-18.50243308 29.08236704 3.40000000
 C	-2.12523987 34.40363968 3.40000000
 C	-10.53328645 32.41840094 3.40000000
 C	1.16461511 36.21927956 3.40000000
 C	3.50426093 36.97947657 3.40000000
 C	5.84390676 37.73967358 3.40000000
 C	8.18338881 38.49981738 3.40000000
 C	10.52303463 39.26001439 3.40000000
 C	-12.87293228 31.65820393 3.40000000
 C	12.86251668 40.02015818 3.40000000
 C	-8.19364063 33.17859795 3.40000000
 C	15.20216250 40.78035519 3.40000000
 C	17.54180832 41.54055220 3.40000000
 C	19.88145415 42.30074921 3.40000000
 C	22.22093620 43.06089301 3.40000000
 C	24.56058202 43.82109002 3.40000000
 C	26.90006407 44.58123382 3.40000000
 C	29.23970989 45.34143083 3.40000000
 C	31.57935571 46.10162784 3.40000000
 C	33.91900153 46.86182485 3.40000000
 C	36.25848358 47.62196864 3.40000000
 C	-15.21257810 30.89800692 3.40000000
 C	-5.85415858 33.93874174 3.40000000
 C	38.59812941 48.38216565 3.40000000
 C	40.93761146 49.14230945 3.40000000
 C	43.27725728 49.90250646 3.40000000
 C	45.61690310 50.66270347 3.40000000
 C	47.95654892 51.42290048 3.40000000
 C	50.29603097 52.18304428 3.40000000
 C	-17.55206015 30.13786312 3.40000000
 C	-3.51451276 34.69893875 3.40000000
 C	-1.17503071 35.45908255 3.40000000
 C	-10.97219834 33.76913994 3.40000000
 C	0.72570323 37.57001856 3.40000000
 C	3.06534905 38.33021557 3.40000000
 C	5.40494028 39.09039484 3.40000000
 C	7.74447692 39.85055638 3.40000000
 C	10.08412275 40.61075339 3.40000000
 C	-13.31184416 33.00894293 3.40000000
 C	12.42376857 41.37095040 3.40000000
 C	-8.63260711 34.52931921 3.40000000
 C	14.76325062 42.13109420 3.40000000
 C	17.10289644 42.89129121 3.40000000
 C	19.44248767 43.65147048 3.40000000
 C	21.78202431 44.41163201 3.40000000
 C	24.12167013 45.17182902 3.40000000
 C	26.46131596 45.93202603 3.40000000
 C	28.80079801 46.69216983 3.40000000
 C	31.14044383 47.45236684 3.40000000
 C	33.48003506 48.21254611 3.40000000
 C	-15.65132621 32.24879913 3.40000000
 C	35.81957170 48.97270765 3.40000000
 C	-6.29307046 35.28948075 3.40000000
 C	38.15921752 49.73290466 3.40000000
 C	40.49886334 50.49310167 3.40000000
 C	42.83834540 51.25324546 3.40000000
 C	45.17799122 52.01344247 3.40000000
 C	47.51758245 52.77362174 3.40000000
 C	49.85711909 53.53378328 3.40000000
 C	-17.99097203 31.48860212 3.40000000
 C	-3.95342464 36.04967776 3.40000000
 C	-1.61377882 36.80987477 3.40000000
 C	-0.66355772 37.86537377 3.40000000
 C	-12.36145929 34.06449515 3.40000000
 C	-10.02181346 34.82469216 3.40000000
 C	1.67608810 38.62557078 3.40000000
 C	4.01573392 39.38576779 3.40000000
 C	6.35537975 40.14596480 3.40000000
 C	8.69486180 40.90610860 3.40000000
 C	11.03450762 41.66630561 3.40000000
 C	13.37398967 42.42644941 3.40000000
 C	15.71363549 43.18664641 3.40000000
 C	18.05328131 43.94684342 3.40000000
 C	20.39292713 44.70704043 3.40000000
 C	22.73240918 45.46718423 3.40000000
 C	-14.70110511 33.30429814 3.40000000
 C	-7.68216764 35.58488917 3.40000000
 C	25.07205501 46.22738124 3.40000000
 C	27.41153706 46.98752504 3.40000000
 C	29.75118288 47.74772205 3.40000000
 C	32.09082870 48.50791906 3.40000000
 C	34.43047452 49.26811607 3.40000000
 C	36.76995657 50.02825986 3.40000000
 C	39.10960240 50.78845687 3.40000000
 C	41.44908445 51.54860067 3.40000000
 C	43.78873027 52.30879768 3.40000000
 C	46.12837609 53.06899469 3.40000000
 C	-17.04058716 32.54415434 3.40000000
 C	-5.34268559 36.34503296 3.40000000
 C	48.46802191 53.82919170 3.40000000
 C	50.80750396 54.58933550 3.40000000
 C	-3.00303977 37.10522997 3.40000000
 C	-1.10232970 39.21605369 3.40000000
 C	-12.80039504 35.41512186 3.40000000
 C	-10.46074922 36.17531887 3.40000000
 C	1.23715235 39.97619749 3.40000000
 C	3.57679817 40.73639450 3.40000000
 C	5.91638940 41.49657377 3.40000000
 C	8.25592604 42.25673531 3.40000000
 C	10.59557187 43.01693232 3.40000000
 C	12.93521769 43.77712933 3.40000000
 C	15.27469974 44.53727312 3.40000000
 C	17.61434556 45.29747013 3.40000000
 C	19.95393679 46.05764941 3.40000000
 C	22.29347343 46.81781094 3.40000000
 C	-15.13987709 34.65497806 3.40000000
 C	-8.12115798 36.93549814 3.40000000
 C	24.63311926 47.57800795 3.40000000
 C	26.97276508 48.33820496 3.40000000
 C	29.31224713 49.09834876 3.40000000
 C	31.65189295 49.85854577 3.40000000
 C	33.99148418 50.61872504 3.40000000
 C	36.33102082 51.37888657 3.40000000
 C	38.67066664 52.13908358 3.40000000
 C	41.01031247 52.89928059 3.40000000
 C	43.34979452 53.65942439 3.40000000
 C	45.68944034 54.41962140 3.40000000
 C	-17.47952291 33.89478105 3.40000000
 C	-5.78162134 37.69565967 3.40000000
 C	48.02903157 55.17980067 3.40000000
 C	50.36856821 55.93996221 3.40000000
 C	-3.44197552 38.45585668 3.40000000
 C	-11.85002210 36.47061793 3.40000000
 C	-0.15212053 40.27149656 3.40000000
 C	2.18752529 41.03169357 3.40000000
 C	4.52717111 41.79189058 3.40000000
 C	6.86681693 42.55208758 3.40000000
 C	9.20629898 43.31223138 3.40000000
 C	11.54594481 44.07242839 3.40000000
 C	-14.18966792 35.71042092 3.40000000
 C	-9.51037628 37.23081494 3.40000000
 C	13.88542686 44.83257219 3.40000000
 C	16.22507268 45.59276920 3.40000000
 C	18.56471850 46.35296621 3.40000000
 C	20.90436432 47.11316322 3.40000000
 C	23.24384637 47.87330702 3.40000000
 C	25.58349219 48.63350403 3.40000000
 C	27.92297424 49.39364782 3.40000000
 C	30.26262007 50.15384483 3.40000000
 C	32.60226589 50.91404184 3.40000000
 C	-16.52914997 34.95027713 3.40000000
 C	34.94191171 51.67423885 3.40000000
 C	-7.17073046 37.99101195 3.40000000
 C	37.28139376 52.43438265 3.40000000
 C	39.62103958 53.19457966 3.40000000
 C	41.96052163 53.95472346 3.40000000
 C	44.30016745 54.71492047 3.40000000
 C	46.63981328 55.47511748 3.40000000
 C	48.97945910 56.23531448 3.40000000
 C	-4.83124841 38.75115575 3.40000000
 C	-2.49160258 39.51135276 3.40000000
 H	-29.67145817 -36.05186322 3.40000000
 H	-27.33186384 -35.29168295 3.40000000
 H	-24.99221802 -34.53148594 3.40000000
 H	-22.65258936 -33.77129451 3.40000000
 H	-20.31309015 -33.01114514 3.40000000
 H	-17.97344432 -32.25094813 3.40000000
 H	-15.63391078 -31.49078759 3.40000000
 H	-13.29431645 -30.73060732 3.40000000
 H	-10.95467063 -29.97041031 3.40000000
 H	-8.61504197 -29.21021888 3.40000000
 H	-6.27554276 -28.45006950 3.40000000
 H	-3.93589693 -27.68987249 3.40000000
 H	-1.59636339 -26.92971195 3.40000000
 H	0.74323094 -26.16953169 3.40000000
 H	3.08287676 -25.40933468 3.40000000
 H	5.42250542 -24.64914325 3.40000000
 H	7.76200463 -23.88899387 3.40000000
 H	10.10165045 -23.12879686 3.40000000
 H	12.44118400 -22.36863632 3.40000000
 H	14.78077833 -21.60845605 3.40000000
 H	17.12042415 -20.84825904 3.40000000
 H	19.46005280 -20.08806761 3.40000000
 H	21.79955202 -19.32791824 3.40000000
 H	24.13919784 -18.56772123 3.40000000
 H	26.47873139 -17.80756069 3.40000000
 H	28.81832571 -17.04738042 3.40000000
 H	31.15797154 -16.28718341 3.40000000
 H	33.49760019 -15.52699198 3.40000000
 H	35.83709941 -14.76684260 3.40000000
 H	37.43900482 -12.98774641 3.40000000
 H	37.95046655 -10.58150815 3.40000000
 H	38.46191499 -8.17533240 3.40000000
 H	38.97338798 -5.76904118 3.40000000
 H	39.48485279 -3.36278845 3.40000000
 H	39.99629816 -0.95662717 3.40000000
 H	40.50777115 1.44966405 3.40000000
 H	41.01923287 3.85590231 3.40000000
 H	41.53068131 6.26207806 3.40000000
 H	42.04215430 8.66836928 3.40000000
 H	42.55361912 11.07462201 3.40000000
 H	43.06506449 13.48078329 3.40000000
 H	43.57653748 15.88707451 3.40000000
 H	44.08799920 18.29331277 3.40000000
 H	44.59944764 20.69948852 3.40000000
 H	45.11092063 23.10577974 3.40000000
 H	45.62238544 25.51203247 3.40000000
 H	46.13383082 27.91819375 3.40000000
 H	46.64530381 30.32448497 3.40000000
 H	47.15676553 32.73072323 3.40000000
 H	47.66821397 35.13689898 3.40000000
 H	48.17968696 37.54319020 3.40000000
 H	48.69115177 39.94944293 3.40000000
 H	49.20259714 42.35560421 3.40000000
 H	49.71407013 44.76189543 3.40000000
 H	50.22553186 47.16813369 3.40000000
 H	50.73698030 49.57430944 3.40000000
 H	51.24845329 51.98060066 3.40000000
 H	51.75991810 54.38685339 3.40000000
 H	51.02010069 56.66356233 3.40000000
 H	48.67853183 57.16134605 3.40000000
 H	46.33892343 56.40116120 3.40000000
 H	43.99927761 55.64096420 3.40000000
 H	41.65974406 54.88080366 3.40000000
 H	39.32014973 54.12062339 3.40000000
 H	36.98050391 53.36042638 3.40000000
 H	34.64098444 52.60027042 3.40000000
 H	32.30137604 51.84008557 3.40000000
 H	29.96173022 51.07988856 3.40000000
 H	27.62219667 50.31972802 3.40000000
 H	25.28260235 49.55954775 3.40000000
 H	22.94295652 48.79935075 3.40000000
 H	20.60343705 48.03919479 3.40000000
 H	18.26382865 47.27900994 3.40000000
 H	15.92418283 46.51881293 3.40000000
 H	13.58464928 45.75865239 3.40000000
 H	11.24505496 44.99847212 3.40000000
 H	8.90540914 44.23827511 3.40000000
 H	6.56588966 43.47811915 3.40000000
 H	4.22628126 42.71793430 3.40000000
 H	1.88663544 41.95773730 3.40000000
 H	-0.45289811 41.19757676 3.40000000
 H	-2.79249243 40.43739649 3.40000000
 H	-5.13213825 39.67719948 3.40000000
 H	-7.47165773 38.91704352 3.40000000
 H	-9.81126613 38.15685867 3.40000000
 H	-12.15091195 37.39666166 3.40000000
 H	-14.49044549 36.63650112 3.40000000
 H	-16.83003982 35.87632085 3.40000000
 H	-18.43194523 34.09722466 3.40000000
 H	-18.94338617 31.69108423 3.40000000
 H	-19.45485540 29.28481065 3.40000000
 H	-19.96632839 26.87851943 3.40000000
 H	-20.47779012 24.47228117 3.40000000
 H	-20.98923857 22.06610542 3.40000000
 H	-21.50071156 19.65981420 3.40000000
 H	-22.01215250 17.25367377 3.40000000
 H	-22.52362172 14.84740019 3.40000000
 H	-23.03509471 12.44110897 3.40000000
 H	-23.54655645 10.03487071 3.40000000
 H	-24.05800490 7.62869496 3.40000000
 H	-24.56947789 5.22240374 3.40000000
 H	-25.08091882 2.81626331 3.40000000
 H	-25.59238805 0.40998973 3.40000000
 H	-26.10386104 -1.99630149 3.40000000
 H	-26.61532278 -4.40253975 3.40000000
 H	-27.12677123 -6.80871550 3.40000000
 H	-27.63824422 -9.21500672 3.40000000
 H	-28.14968515 -11.62114715 3.40000000
 H	-28.66115438 -14.02742073 3.40000000
 H	-29.17262737 -16.43371195 3.40000000
 H	-29.68408910 -18.83995021 3.40000000
 H	-30.19553755 -21.24612596 3.40000000
 H	-30.70701054 -23.65241718 3.40000000
 H	-31.21845148 -26.05855762 3.40000000
 H	-31.72992071 -28.46483119 3.40000000
 H	-32.24139370 -30.87112241 3.40000000
 H	-32.75285543 -33.27736067 3.40000000
 H	-32.01304110 -35.55408408 3.40000000
