 C	1.26363463 -24.11158519 3.40000000
 C	-11.01941038 -24.75531230 3.40000000
 C	13.54679429 -23.46785207 3.40000000
 C	-13.47608817 -24.88406133 3.40000000
 C	16.00335744 -23.33910905 3.40000000
 C	-15.93265131 -25.01280435 3.40000000
 C	18.46003522 -23.21036003 3.40000000
 C	-18.38927178 -25.14155037 3.40000000
 C	20.91671301 -23.08161100 3.40000000
 C	-20.84594957 -25.27029940 3.40000000
 C	23.37321884 -22.95287098 3.40000000
 C	-1.19292851 -24.24032821 3.40000000
 C	-23.30245539 -25.39903942 3.40000000
 C	25.82989662 -22.82412196 3.40000000
 C	3.72031242 -23.98283617 3.40000000
 C	-25.75913318 -25.52778844 3.40000000
 C	28.28651709 -22.69537593 3.40000000
 C	-28.21581097 -25.65653747 3.40000000
 C	30.74308024 -22.56663291 3.40000000
 C	-30.67237411 -25.78528049 3.40000000
 C	-33.12899458 -25.91402651 3.40000000
 C	-35.58567237 -26.04277554 3.40000000
 C	-38.04217819 -26.17151556 3.40000000
 C	-3.64954898 -24.36907423 3.40000000
 C	6.17699021 -23.85408714 3.40000000
 C	-6.10622677 -24.49782326 3.40000000
 C	8.63349604 -23.72534712 3.40000000
 C	-8.56273259 -24.62656328 3.40000000
 C	11.09017382 -23.59659810 3.40000000
 C	-9.82823813 -23.98175600 3.40000000
 C	12.28134607 -22.82304179 3.40000000
 C	-0.00169894 -23.46676891 3.40000000
 C	2.45480689 -23.33802889 3.40000000
 C	-12.28491591 -24.11050503 3.40000000
 C	14.73802386 -22.69429277 3.40000000
 C	-14.74142174 -24.23924505 3.40000000
 C	17.19452969 -22.56555275 3.40000000
 C	-17.19809953 -24.36799407 3.40000000
 C	19.65120747 -22.43680373 3.40000000
 C	-19.65477731 -24.49674310 3.40000000
 C	22.10771330 -22.30806371 3.40000000
 C	-22.11145510 -24.62549213 3.40000000
 C	24.56439109 -22.17931468 3.40000000
 C	-24.56796093 -24.75423214 3.40000000
 C	27.02106888 -22.05056566 3.40000000
 C	-27.02463871 -24.88298117 3.40000000
 C	29.47774666 -21.92181663 3.40000000
 C	-29.48114454 -25.01172119 3.40000000
 C	31.93425249 -21.79307661 3.40000000
 C	-31.93782233 -25.14047021 3.40000000
 C	-34.39450011 -25.26921924 3.40000000
 C	-2.45837673 -23.59551793 3.40000000
 C	4.91148467 -23.20927986 3.40000000
 C	-36.85117790 -25.39796827 3.40000000
 C	-39.30768373 -25.52670828 3.40000000
 C	-4.91505451 -23.72426696 3.40000000
 C	7.36799050 -23.08053985 3.40000000
 C	-7.37173230 -23.85301599 3.40000000
 C	9.82466829 -22.95179082 3.40000000
 C	-9.90257141 -22.56339242 3.40000000
 C	12.20701279 -21.40467821 3.40000000
 C	-0.07608954 -22.04840833 3.40000000
 C	2.38047360 -21.91966531 3.40000000
 C	-12.35924920 -22.69214145 3.40000000
 C	14.66363326 -21.27593219 3.40000000
 C	-14.81581235 -22.82088447 3.40000000
 C	17.12019640 -21.14718917 3.40000000
 C	-17.27243281 -22.94963049 3.40000000
 C	19.57687419 -21.01844014 3.40000000
 C	-19.72911060 -23.07837952 3.40000000
 C	22.03355198 -20.88969111 3.40000000
 C	-22.18561642 -23.20711953 3.40000000
 C	24.49005780 -20.76095110 3.40000000
 C	-24.64229421 -23.33586856 3.40000000
 C	26.94673559 -20.63220207 3.40000000
 C	-27.09897200 -23.46461759 3.40000000
 C	29.40335606 -20.50345605 3.40000000
 C	-29.55553515 -23.59336060 3.40000000
 C	31.85991920 -20.37471303 3.40000000
 C	-32.01215561 -23.72210663 3.40000000
 C	-34.46883340 -23.85085566 3.40000000
 C	-2.53271001 -22.17715435 3.40000000
 C	4.83715139 -21.79091628 3.40000000
 C	-36.92533922 -23.97959567 3.40000000
 C	-39.38201701 -24.10834470 3.40000000
 C	-4.98938780 -22.30590338 3.40000000
 C	7.29382918 -21.66216725 3.40000000
 C	-7.44589362 -22.43464339 3.40000000
 C	9.75033500 -21.53342724 3.40000000
 C	1.11506185 -21.27500245 3.40000000
 C	-11.16815513 -21.91873858 3.40000000
 C	13.39810686 -20.63127534 3.40000000
 C	-13.62466095 -22.04747859 3.40000000
 C	15.85478465 -20.50252631 3.40000000
 C	-16.08133874 -22.17622762 3.40000000
 C	18.31129048 -20.37378630 3.40000000
 C	-18.53801653 -22.30497665 3.40000000
 C	20.76796826 -20.24503727 3.40000000
 C	23.22447409 -20.11629726 3.40000000
 C	-20.99469431 -22.43372567 3.40000000
 C	-1.34161594 -21.40375148 3.40000000
 C	3.57156768 -21.14626244 3.40000000
 C	-23.45120014 -22.56246569 3.40000000
 C	25.68115188 -19.98754823 3.40000000
 C	-25.90787793 -22.69121472 3.40000000
 C	28.13782966 -19.85879920 3.40000000
 C	-28.36438375 -22.81995473 3.40000000
 C	30.59450745 -19.73005017 3.40000000
 C	-30.82106154 -22.94870376 3.40000000
 C	33.05101328 -19.60131016 3.40000000
 C	-33.27773933 -23.07745279 3.40000000
 C	-35.73441711 -23.20620181 3.40000000
 C	-38.19092294 -23.33494183 3.40000000
 C	-3.79829373 -21.53250051 3.40000000
 C	6.02824546 -21.01751341 3.40000000
 C	8.48475129 -20.88877340 3.40000000
 C	-6.25497151 -21.66124954 3.40000000
 C	-8.71147734 -21.78998955 3.40000000
 C	10.94142908 -20.76002437 3.40000000
 C	1.04067124 -19.85664187 3.40000000
 C	-11.24248841 -20.50037499 3.40000000
 C	13.32377358 -19.21291176 3.40000000
 C	-13.69905156 -20.62911801 3.40000000
 C	15.78039404 -19.08416573 3.40000000
 C	-16.15567202 -20.75786404 3.40000000
 C	18.23695719 -18.95542271 3.40000000
 C	-18.61234981 -20.88661306 3.40000000
 C	20.69363498 -18.82667369 3.40000000
 C	-21.06885564 -21.01535308 3.40000000
 C	23.15031277 -18.69792466 3.40000000
 C	-1.41594922 -19.98538790 3.40000000
 C	3.49723439 -19.72789885 3.40000000
 C	-23.52553342 -21.14410210 3.40000000
 C	25.60681859 -18.56918464 3.40000000
 C	-25.98221121 -21.27285113 3.40000000
 C	28.06349638 -18.44043562 3.40000000
 C	-28.43877436 -21.40159415 3.40000000
 C	30.52011684 -18.31168959 3.40000000
 C	-30.89539482 -21.53034017 3.40000000
 C	32.97667999 -18.18294658 3.40000000
 C	-33.35207261 -21.65908920 3.40000000
 C	-35.80857844 -21.78782922 3.40000000
 C	-38.26525622 -21.91657824 3.40000000
 C	-3.87262701 -20.11413692 3.40000000
 C	5.95391218 -19.59914983 3.40000000
 C	-6.32913283 -20.24287694 3.40000000
 C	8.41058997 -19.47040080 3.40000000
 C	-8.78581062 -20.37162597 3.40000000
 C	10.86709579 -19.34166078 3.40000000
 C	-10.05131616 -19.72681868 3.40000000
 C	12.05826804 -18.56810447 3.40000000
 C	-0.22477697 -19.21183159 3.40000000
 C	2.23190082 -19.08308256 3.40000000
 C	-12.50782198 -19.85555870 3.40000000
 C	14.51494583 -18.43935545 3.40000000
 C	-14.96449977 -19.98430772 3.40000000
 C	16.97162362 -18.31060642 3.40000000
 C	-17.42117756 -20.11305675 3.40000000
 C	19.42812944 -18.18186640 3.40000000
 C	-19.87785535 -20.24180578 3.40000000
 C	21.88480723 -18.05311738 3.40000000
 C	-22.33436117 -20.37054579 3.40000000
 C	24.34131305 -17.92437736 3.40000000
 C	-24.79103896 -20.49929482 3.40000000
 C	26.79799084 -17.79562833 3.40000000
 C	-27.24754478 -20.62803484 3.40000000
 C	29.25466863 -17.66687931 3.40000000
 C	-29.70422257 -20.75678386 3.40000000
 C	31.71134642 -17.53813028 3.40000000
 C	-32.16090036 -20.88553289 3.40000000
 C	34.16785224 -17.40939026 3.40000000
 C	-34.61757815 -21.01428192 3.40000000
 C	-2.68145476 -19.34058061 3.40000000
 C	4.68840664 -18.95434254 3.40000000
 C	-37.07408397 -21.14302193 3.40000000
 C	-5.13813255 -19.46932964 3.40000000
 C	7.14508443 -18.82559352 3.40000000
 C	-7.59463837 -19.59806965 3.40000000
 C	9.60159025 -18.69685350 3.40000000
 C	-10.12564945 -18.30845511 3.40000000
 C	11.98393476 -17.14974090 3.40000000
 C	-0.29911026 -17.79346801 3.40000000
 C	2.15751021 -17.66472199 3.40000000
 C	-12.58221259 -18.43719813 3.40000000
 C	14.44061254 -17.02099187 3.40000000
 C	-15.03883306 -18.56594415 3.40000000
 C	16.89723301 -16.89224585 3.40000000
 C	-17.49551085 -18.69469318 3.40000000
 C	19.35379616 -16.76350283 3.40000000
 C	-19.95201667 -18.82343319 3.40000000
 C	21.81047394 -16.63475380 3.40000000
 C	-22.40869446 -18.95218222 3.40000000
 C	24.26715173 -16.50600477 3.40000000
 C	-24.86537225 -19.08093125 3.40000000
 C	26.72365756 -16.37726476 3.40000000
 C	-27.32193539 -19.20967427 3.40000000
 C	29.18033534 -16.24851573 3.40000000
 C	-29.77855586 -19.33842029 3.40000000
 C	31.63695581 -16.11976971 3.40000000
 C	-32.23523365 -19.46716932 3.40000000
 C	34.09351896 -15.99102669 3.40000000
 C	-34.69173947 -19.59590933 3.40000000
 C	-2.75578805 -17.92221704 3.40000000
 C	4.61407336 -17.53597897 3.40000000
 C	-37.14841726 -19.72465836 3.40000000
 C	-5.21229387 -18.05095705 3.40000000
 C	7.07075114 -17.40722994 3.40000000
 C	-7.66897166 -18.17970608 3.40000000
 C	9.52742893 -17.27848091 3.40000000
 C	0.89206199 -17.01991170 3.40000000
 C	-11.39098302 -17.66363881 3.40000000
 C	13.17510701 -16.37618459 3.40000000
 C	-13.84766081 -17.79238784 3.40000000
 C	15.63178479 -16.24743556 3.40000000
 C	-16.30433859 -17.92113687 3.40000000
 C	18.08846258 -16.11868653 3.40000000
 C	-18.76101638 -18.04988589 3.40000000
 C	20.54496841 -15.98994652 3.40000000
 C	-21.21752221 -18.17862591 3.40000000
 C	23.00164619 -15.86119749 3.40000000
 C	-1.56461579 -17.14866073 3.40000000
 C	-23.67419999 -18.30737494 3.40000000
 C	25.45815202 -15.73245748 3.40000000
 C	3.34873978 -16.89116267 3.40000000
 C	-26.13070582 -18.43611495 3.40000000
 C	27.91482981 -15.60370845 3.40000000
 C	-28.58738361 -18.56486398 3.40000000
 C	30.37150759 -15.47495942 3.40000000
 C	-31.04406139 -18.69361301 3.40000000
 C	32.82818538 -15.34621039 3.40000000
 C	-33.50073918 -18.82236203 3.40000000
 C	35.28469121 -15.21747038 3.40000000
 C	-35.95724501 -18.95110205 3.40000000
 C	-4.02129358 -17.27740975 3.40000000
 C	5.80524561 -16.76242266 3.40000000
 C	-6.47779941 -17.40614977 3.40000000
 C	8.26192339 -16.63367363 3.40000000
 C	-8.93447719 -17.53489880 3.40000000
 C	10.71842922 -16.50493362 3.40000000
 C	0.81770265 -15.60159926 3.40000000
 C	-11.46539968 -16.24532938 3.40000000
 C	13.10074766 -14.95787215 3.40000000
 C	-13.92202015 -16.37407540 3.40000000
 C	15.55742545 -14.82912312 3.40000000
 C	-16.37869794 -16.50282443 3.40000000
 C	18.01404592 -14.70037710 3.40000000
 C	-18.83520376 -16.63156444 3.40000000
 C	20.47060906 -14.57163408 3.40000000
 C	-21.29188155 -16.76031347 3.40000000
 C	22.92728685 -14.44288505 3.40000000
 C	-23.74855934 -16.88906250 3.40000000
 C	-1.63897514 -15.73034829 3.40000000
 C	25.38396464 -14.31413602 3.40000000
 C	3.27432312 -15.47285324 3.40000000
 C	-26.20512248 -17.01780551 3.40000000
 C	27.84047046 -14.18539601 3.40000000
 C	-28.66174295 -17.14655154 3.40000000
 C	30.29714825 -14.05664698 3.40000000
 C	-31.11842074 -17.27530057 3.40000000
 C	32.75376872 -13.92790096 3.40000000
 C	-33.57492656 -17.40404058 3.40000000
 C	35.21033186 -13.79915794 3.40000000
 C	-36.03160435 -17.53278961 3.40000000
 C	-4.09548096 -15.85908830 3.40000000
 C	5.73088626 -15.34411022 3.40000000
 C	-6.55215875 -15.98783733 3.40000000
 C	8.18756405 -15.21536119 3.40000000
 C	-9.00883654 -16.11658636 3.40000000
 C	10.64424184 -15.08661216 3.40000000
 C	-10.27414405 -15.47171893 3.40000000
 C	11.83526818 -14.31301373 3.40000000
 C	-0.44777683 -14.95674084 3.40000000
 C	2.00890096 -14.82799181 3.40000000
 C	-12.73082184 -15.60046795 3.40000000
 C	14.29194597 -14.18426470 3.40000000
 C	-15.18749963 -15.72921698 3.40000000
 C	16.74862376 -14.05551568 3.40000000
 C	-17.64417742 -15.85796601 3.40000000
 C	19.20530155 -13.92676665 3.40000000
 C	-20.10068324 -15.98670602 3.40000000
 C	21.66180737 -13.79802663 3.40000000
 C	-22.55736103 -16.11545505 3.40000000
 C	24.11848516 -13.66927761 3.40000000
 C	-25.01386685 -16.24419507 3.40000000
 C	26.57499098 -13.54053759 3.40000000
 C	-27.47054464 -16.37294409 3.40000000
 C	29.03166877 -13.41178856 3.40000000
 C	-29.92722243 -16.50169312 3.40000000
 C	31.48834656 -13.28303954 3.40000000
 C	-32.38390022 -16.63044215 3.40000000
 C	33.94502435 -13.15429051 3.40000000
 C	-34.84040604 -16.75918216 3.40000000
 C	36.40153017 -13.02555049 3.40000000
 C	-2.90445462 -15.08548987 3.40000000
 C	4.46557875 -14.69924279 3.40000000
 C	-5.36096044 -15.21422988 3.40000000
 C	6.92208457 -14.57050277 3.40000000
 C	-7.81763823 -15.34297891 3.40000000
 C	9.37876236 -14.44175375 3.40000000
 C	-10.34861284 -14.05351178 3.40000000
 C	11.76102869 -12.89479457 3.40000000
 C	-0.52218829 -13.53853069 3.40000000
 C	1.93448950 -13.40978166 3.40000000
 C	-12.80523330 -14.18225780 3.40000000
 C	14.21753451 -12.76605455 3.40000000
 C	-15.26191109 -14.31100683 3.40000000
 C	16.67421230 -12.63730552 3.40000000
 C	-17.71841692 -14.43974684 3.40000000
 C	19.13083276 -12.50855950 3.40000000
 C	-20.17509470 -14.56849587 3.40000000
 C	21.58739591 -12.37981648 3.40000000
 C	-22.63177249 -14.69724490 3.40000000
 C	24.04407370 -12.25106745 3.40000000
 C	-25.08833564 -14.82598792 3.40000000
 C	26.50075149 -12.12231843 3.40000000
 C	-27.54495610 -14.95473394 3.40000000
 C	28.95725731 -11.99357841 3.40000000
 C	-30.00163389 -15.08348297 3.40000000
 C	31.41393510 -11.86482938 3.40000000
 C	-32.45813972 -15.21222298 3.40000000
 C	33.87055556 -11.73608336 3.40000000
 C	-34.91481750 -15.34097201 3.40000000
 C	36.32711871 -11.60734034 3.40000000
 C	-2.97869412 -13.66727070 3.40000000
 C	4.39110996 -13.28103564 3.40000000
 C	-5.43537190 -13.79601973 3.40000000
 C	6.84767311 -13.15229262 3.40000000
 C	-7.89204969 -13.92476876 3.40000000
 C	9.30435090 -13.02354359 3.40000000
 C	0.66898396 -12.76497439 3.40000000
 C	-11.61406105 -13.40870150 3.40000000
 C	12.95202897 -12.12124728 3.40000000
 C	-14.07073884 -13.53745053 3.40000000
 C	15.40870676 -11.99249825 3.40000000
 C	-16.52741663 -13.66619955 3.40000000
 C	17.86538455 -11.86374922 3.40000000
 C	-18.98392245 -13.79493957 3.40000000
 C	20.32206234 -11.73500019 3.40000000
 C	-21.44060024 -13.92368860 3.40000000
 C	22.77856816 -11.60626018 3.40000000
 C	-23.89710606 -14.05242861 3.40000000
 C	25.23524595 -11.47751115 3.40000000
 C	-1.78769383 -12.89372342 3.40000000
 C	3.12566175 -12.63622536 3.40000000
 C	-26.35378385 -14.18117764 3.40000000
 C	27.69175177 -11.34877114 3.40000000
 C	-28.81046164 -14.30992667 3.40000000
 C	30.14842956 -11.22002211 3.40000000
 C	-31.26713943 -14.43867569 3.40000000
 C	32.60510735 -11.09127308 3.40000000
 C	-33.72364525 -14.56741571 3.40000000
 C	35.06178514 -10.96252406 3.40000000
 C	37.51829096 -10.83378404 3.40000000
 C	-4.24419965 -13.02246343 3.40000000
 C	5.58233954 -12.50747633 3.40000000
 C	-6.70087744 -13.15121246 3.40000000
 C	8.03884536 -12.37873632 3.40000000
 C	-9.15738326 -13.27995247 3.40000000
 C	10.49552315 -12.24998729 3.40000000
 C	0.59465067 -11.34661080 3.40000000
 C	-11.68839434 -11.99033792 3.40000000
 C	12.87786765 -10.70287468 3.40000000
 C	-14.14507213 -12.11908694 3.40000000
 C	15.33437348 -10.57413466 3.40000000
 C	-16.60157795 -12.24782696 3.40000000
 C	17.79105126 -10.44538564 3.40000000
 C	-19.05825574 -12.37657599 3.40000000
 C	20.24767173 -10.31663961 3.40000000
 C	-21.51493353 -12.50532501 3.40000000
 C	22.70423488 -10.18789660 3.40000000
 C	-1.86185515 -11.47535082 3.40000000
 C	-23.97149667 -12.63406803 3.40000000
 C	25.16091266 -10.05914757 3.40000000
 C	3.05132846 -11.21786178 3.40000000
 C	-26.42811714 -12.76281406 3.40000000
 C	27.61759045 -9.93039854 3.40000000
 C	-28.88479493 -12.89156308 3.40000000
 C	30.07409628 -9.80165853 3.40000000
 C	-31.34130075 -13.02030310 3.40000000
 C	32.53077406 -9.67290950 3.40000000
 C	-33.79797854 -13.14905212 3.40000000
 C	34.98739453 -9.54416348 3.40000000
 C	37.44395768 -9.41542046 3.40000000
 C	-4.31853294 -11.60409985 3.40000000
 C	5.50794893 -11.08911575 3.40000000
 C	-6.77521073 -11.73284887 3.40000000
 C	7.96451207 -10.96037273 3.40000000
 C	-9.23177387 -11.86159189 3.40000000
 C	10.42118986 -10.83162371 3.40000000
 C	-10.49722209 -11.21678162 3.40000000
 C	11.61236211 -10.05806741 3.40000000
 C	-0.67085486 -10.70180353 3.40000000
 C	1.78582293 -10.57305450 3.40000000
 C	-12.95389987 -11.34553064 3.40000000
 C	14.06886794 -9.92932739 3.40000000
 C	-15.41057766 -11.47427967 3.40000000
 C	16.52554573 -9.80057836 3.40000000
 C	-17.86708349 -11.60301968 3.40000000
 C	18.98222351 -9.67182934 3.40000000
 C	-20.32376127 -11.73176871 3.40000000
 C	21.43890130 -9.54308031 3.40000000
 C	-22.78026710 -11.86050873 3.40000000
 C	23.89540713 -9.41434029 3.40000000
 C	-25.23694489 -11.98925775 3.40000000
 C	26.35208491 -9.28559127 3.40000000
 C	-27.69362267 -12.11800678 3.40000000
 C	28.80859074 -9.15685125 3.40000000
 C	-30.15030046 -12.24675581 3.40000000
 C	31.26526853 -9.02810222 3.40000000
 C	-32.60680629 -12.37549582 3.40000000
 C	33.72194631 -8.89935320 3.40000000
 C	36.17862410 -8.77060417 3.40000000
 C	-3.12736069 -10.83054355 3.40000000
 C	4.24250071 -10.44430548 3.40000000
 C	38.63512993 -8.64186416 3.40000000
 C	-5.58403847 -10.95929257 3.40000000
 C	6.69917850 -10.31555645 3.40000000
 C	-8.04054430 -11.08803259 3.40000000
 C	9.15568433 -10.18681643 3.40000000
 C	-10.57155537 -9.79841803 3.40000000
 C	11.53802883 -8.63970382 3.40000000
 C	-0.74501618 -9.28343093 3.40000000
 C	1.71148964 -9.15469092 3.40000000
 C	-13.02823316 -9.92716706 3.40000000
 C	13.99470662 -8.51095479 3.40000000
 C	-15.48473898 -10.05590707 3.40000000
 C	16.45121244 -8.38221478 3.40000000
 C	-17.94141677 -10.18465610 3.40000000
 C	18.90789023 -8.25346575 3.40000000
 C	-20.39809456 -10.31340513 3.40000000
 C	21.36451070 -8.12471973 3.40000000
 C	-22.85465771 -10.44214815 3.40000000
 C	23.82107384 -7.99597671 3.40000000
 C	-25.31127817 -10.57089417 3.40000000
 C	26.27775163 -7.86722768 3.40000000
 C	-27.76795596 -10.69964320 3.40000000
 C	28.73442942 -7.73847866 3.40000000
 C	-30.22446178 -10.82838321 3.40000000
 C	31.19093524 -7.60973864 3.40000000
 C	-32.68113957 -10.95713224 3.40000000
 C	33.64761303 -7.48098961 3.40000000
 C	36.10423350 -7.35224359 3.40000000
 C	-3.20169397 -9.41217996 3.40000000
 C	4.16816743 -9.02594189 3.40000000
 C	38.56079664 -7.22350057 3.40000000
 C	-5.65837176 -9.54092899 3.40000000
 C	6.62478790 -8.89719587 3.40000000
 C	-8.11493491 -9.66967201 3.40000000
 C	9.08135104 -8.76845285 3.40000000
 C	0.44590593 -8.51003708 3.40000000
 C	-11.83713909 -9.15376419 3.40000000
 C	12.72912290 -7.86630095 3.40000000
 C	15.18562873 -7.73756094 3.40000000
 C	-14.29381687 -9.28251322 3.40000000
 C	-16.75032270 -9.41125323 3.40000000
 C	17.64230652 -7.60881191 3.40000000
 C	-19.20700049 -9.54000226 3.40000000
 C	20.09898430 -7.48006288 3.40000000
 C	-21.66350631 -9.66874227 3.40000000
 C	22.55566209 -7.35131386 3.40000000
 C	-2.01059990 -8.63877709 3.40000000
 C	2.90258371 -8.38128805 3.40000000
 C	-24.12018410 -9.79749130 3.40000000
 C	25.01216792 -7.22257384 3.40000000
 C	-26.57686189 -9.92624033 3.40000000
 C	27.46884570 -7.09382481 3.40000000
 C	29.92535153 -6.96508480 3.40000000
 C	-29.03353967 -10.05498936 3.40000000
 C	-31.49004550 -10.18372937 3.40000000
 C	32.38202932 -6.83633577 3.40000000
 C	34.83870710 -6.70758674 3.40000000
 C	37.29538489 -6.57883772 3.40000000
 C	39.75189072 -6.45009770 3.40000000
 C	-4.46727769 -8.76752612 3.40000000
 C	5.35926150 -8.25253902 3.40000000
 C	-6.92378351 -8.89626613 3.40000000
 C	7.81593929 -8.12379000 3.40000000
 C	-9.38046130 -9.02501516 3.40000000
 C	10.27244511 -7.99504998 3.40000000
 C	0.37174460 -7.09166448 3.40000000
 C	-11.91147237 -7.73540060 3.40000000
 C	12.65478962 -6.44793737 3.40000000
 C	-14.36797820 -7.86414062 3.40000000
 C	15.11146741 -6.31918834 3.40000000
 C	-16.82465598 -7.99288965 3.40000000
 C	17.56797323 -6.19044833 3.40000000
 C	-19.28133377 -8.12163867 3.40000000
 C	20.02465102 -6.06169930 3.40000000
 C	-21.73789692 -8.25038169 3.40000000
 C	22.48127148 -5.93295328 3.40000000
 C	-2.08493318 -7.22041351 3.40000000
 C	2.82825043 -6.96292447 3.40000000
 C	-24.19451738 -8.37912772 3.40000000
 C	24.93783463 -5.80421026 3.40000000
 C	-26.65119517 -8.50787674 3.40000000
 C	27.39451242 -5.67546123 3.40000000
 C	-29.10770100 -8.63661676 3.40000000
 C	29.85119021 -5.54671220 3.40000000
 C	-31.56437878 -8.76536579 3.40000000
 C	32.30769603 -5.41797219 3.40000000
 C	34.76437382 -5.28922316 3.40000000
 C	37.22099428 -5.16047714 3.40000000
 C	39.67755743 -5.03173412 3.40000000
 C	-4.54161097 -7.34916253 3.40000000
 C	5.28492822 -6.83417544 3.40000000
 C	-6.99817412 -7.47790555 3.40000000
 C	7.74154868 -6.70542941 3.40000000
 C	-9.45479458 -7.60665158 3.40000000
 C	10.19811183 -6.57668640 3.40000000
 C	-10.72030012 -6.96184429 3.40000000
 C	11.38928408 -5.80313008 3.40000000
 C	-0.89376093 -6.44685720 3.40000000
 C	1.56274489 -6.31811718 3.40000000
 C	-13.17697791 -7.09059332 3.40000000
 C	13.84596187 -5.67438106 3.40000000
 C	-15.63348373 -7.21933334 3.40000000
 C	16.30246769 -5.54564104 3.40000000
 C	-18.09016152 -7.34808236 3.40000000
 C	18.75914548 -5.41689202 3.40000000
 C	-20.54666734 -7.47682238 3.40000000
 C	21.21582327 -5.28814299 3.40000000
 C	-23.00334513 -7.60557141 3.40000000
 C	23.67250106 -5.15939396 3.40000000
 C	-25.46002292 -7.73432043 3.40000000
 C	26.12900688 -5.03065395 3.40000000
 C	-27.91670071 -7.86306946 3.40000000
 C	28.58568467 -4.90190492 3.40000000
 C	-30.37320653 -7.99180948 3.40000000
 C	31.04219049 -4.77316490 3.40000000
 C	33.49886828 -4.64441588 3.40000000
 C	35.95554607 -4.51566685 3.40000000
 C	-3.35043872 -6.57560622 3.40000000
 C	4.01942268 -6.18936815 3.40000000
 C	38.41222386 -4.38691782 3.40000000
 C	40.86872968 -4.25817781 3.40000000
 C	-5.80694454 -6.70434624 3.40000000
 C	6.47610047 -6.06061913 3.40000000
 C	-8.26362233 -6.83309527 3.40000000
 C	8.93277826 -5.93187010 3.40000000
 C	-10.79463341 -5.54348072 3.40000000
 C	11.31495080 -4.38476651 3.40000000
 C	-0.96809422 -5.02849362 3.40000000
 C	1.48858357 -4.89974460 3.40000000
 C	-13.25113923 -5.67222073 3.40000000
 C	13.77162858 -4.25601748 3.40000000
 C	-15.70781702 -5.80096976 3.40000000
 C	16.22830637 -4.12726846 3.40000000
 C	-18.16449481 -5.92971879 3.40000000
 C	18.68481220 -3.99852844 3.40000000
 C	-20.62105795 -6.05846181 3.40000000
 C	21.14148998 -3.86977941 3.40000000
 C	-23.07767842 -6.18720783 3.40000000
 C	23.59811045 -3.74103339 3.40000000
 C	-25.53435621 -6.31595686 3.40000000
 C	26.05467360 -3.61229037 3.40000000
 C	-27.99086203 -6.44469687 3.40000000
 C	28.51135138 -3.48354134 3.40000000
 C	-30.44753982 -6.57344590 3.40000000
 C	30.96802917 -3.35479232 3.40000000
 C	33.42453500 -3.22605230 3.40000000
 C	35.88121278 -3.09730327 3.40000000
 C	-3.42477201 -5.15724265 3.40000000
 C	3.94508939 -4.77100458 3.40000000
 C	38.33783325 -2.96855725 3.40000000
 C	40.79439640 -2.83981423 3.40000000
 C	-5.88133515 -5.28598567 3.40000000
 C	6.40176718 -4.64225555 3.40000000
 C	-8.33795562 -5.41473169 3.40000000
 C	8.85838765 -4.51350953 3.40000000
 C	0.22307803 -4.25493731 3.40000000
 C	-12.06013894 -4.89867344 3.40000000
 C	12.50612305 -3.61121020 3.40000000
 C	-14.51664477 -5.02741345 3.40000000
 C	14.96280083 -3.48246117 3.40000000
 C	-16.97332255 -5.15616248 3.40000000
 C	17.41930666 -3.35372116 3.40000000
 C	-19.42982838 -5.28490249 3.40000000
 C	19.87598445 -3.22497213 3.40000000
 C	-21.88650617 -5.41365152 3.40000000
 C	22.33266223 -3.09622310 3.40000000
 C	-2.23359975 -4.38368634 3.40000000
 C	2.67958386 -4.12619730 3.40000000
 C	-24.34318396 -5.54240055 3.40000000
 C	24.78934002 -2.96747408 3.40000000
 C	-26.79986174 -5.67114957 3.40000000
 C	27.24584585 -2.83873406 3.40000000
 C	-29.25636757 -5.79988959 3.40000000
 C	29.70252363 -2.70998503 3.40000000
 C	32.15902946 -2.58124502 3.40000000
 C	34.61570725 -2.45249599 3.40000000
 C	37.07238503 -2.32374696 3.40000000
 C	39.52906282 -2.19499794 3.40000000
 C	41.98556865 -2.06625792 3.40000000
 C	-4.69010558 -4.51242635 3.40000000
 C	5.13626165 -3.99744827 3.40000000
 C	-7.14678337 -4.64117538 3.40000000
 C	7.59293943 -3.86869924 3.40000000
 C	-9.60346115 -4.76992441 3.40000000
 C	10.04961722 -3.73995021 3.40000000
 C	0.14871869 -2.83662487 3.40000000
 C	-12.13432632 -3.48035198 3.40000000
 C	12.43176370 -2.19289776 3.40000000
 C	-14.59100411 -3.60910101 3.40000000
 C	14.88844149 -2.06414873 3.40000000
 C	-17.04768190 -3.73785004 3.40000000
 C	17.34511928 -1.93539970 3.40000000
 C	-19.50424504 -3.86659306 3.40000000
 C	19.80162510 -1.80665969 3.40000000
 C	-21.96086551 -3.99533908 3.40000000
 C	22.25830289 -1.67791066 3.40000000
 C	-24.41754330 -4.12408811 3.40000000
 C	-2.30795910 -2.96537390 3.40000000
 C	24.71492336 -1.54916464 3.40000000
 C	2.60539648 -2.70787584 3.40000000
 C	-26.87404912 -4.25282812 3.40000000
 C	27.17148650 -1.42042162 3.40000000
 C	-29.33072691 -4.38157715 3.40000000
 C	29.62816429 -1.29167259 3.40000000
 C	32.08484208 -1.16292357 3.40000000
 C	34.54134790 -1.03418355 3.40000000
 C	36.99802569 -0.90543452 3.40000000
 C	39.45464616 -0.77668850 3.40000000
 C	41.91120930 -0.64794548 3.40000000
 C	-4.76452224 -3.09411692 3.40000000
 C	5.06190230 -2.57913583 3.40000000
 C	-7.22114271 -3.22286294 3.40000000
 C	7.51858009 -2.45038680 3.40000000
 C	-9.67782050 -3.35161197 3.40000000
 C	9.97520056 -2.32164078 3.40000000
 C	-10.94329998 -2.70675355 3.40000000
 C	11.16645619 -1.54803033 3.40000000
 C	-1.11676079 -2.19176645 3.40000000
 C	1.33991700 -2.06301743 3.40000000
 C	-13.39980580 -2.83549357 3.40000000
 C	13.62296201 -1.41929031 3.40000000
 C	-15.85648359 -2.96424259 3.40000000
 C	16.07963980 -1.29054129 3.40000000
 C	-18.31298941 -3.09298261 3.40000000
 C	18.53614562 -1.16180127 3.40000000
 C	-20.76966720 -3.22173164 3.40000000
 C	20.99282341 -1.03305224 3.40000000
 C	-23.22634499 -3.35048066 3.40000000
 C	23.44950120 -0.90430322 3.40000000
 C	-25.68302278 -3.47922969 3.40000000
 C	25.90617899 -0.77555419 3.40000000
 C	-28.13952860 -3.60796970 3.40000000
 C	28.36268481 -0.64681418 3.40000000
 C	30.81936260 -0.51806515 3.40000000
 C	33.27586842 -0.38932513 3.40000000
 C	35.73254621 -0.26057611 3.40000000
 C	-3.57326661 -2.32050647 3.40000000
 C	3.79642282 -1.93427741 3.40000000
 C	38.18922400 -0.13182708 3.40000000
 C	40.64590179 -0.00307805 3.40000000
 C	43.10240761 0.12566196 3.40000000
 C	-6.02994440 -2.44925550 3.40000000
 C	6.25310061 -1.80552838 3.40000000
 C	-8.48662219 -2.57800452 3.40000000
 C	8.70977840 -1.67677936 3.40000000
 C	-11.01753948 -1.28853439 3.40000000
 C	11.09198740 -0.12982318 3.40000000
 C	-1.19117225 -0.77355630 3.40000000
 C	1.26550554 -0.64480727 3.40000000
 C	-13.47421726 -1.41728341 3.40000000
 C	13.54855055 -0.00108016 3.40000000
 C	-15.93089505 -1.54603244 3.40000000
 C	16.00522834 0.12766887 3.40000000
 C	-18.38745820 -1.67477546 3.40000000
 C	18.46190613 0.25641789 3.40000000
 C	-20.84407866 -1.80352148 3.40000000
 C	20.91841195 0.38515791 3.40000000
 C	-23.30075645 -1.93227051 3.40000000
 C	23.37508974 0.51390694 3.40000000
 C	-25.75726228 -2.06101052 3.40000000
 C	25.83171020 0.64265296 3.40000000
 C	-28.21394006 -2.18975955 3.40000000
 C	28.28827335 0.77139598 3.40000000
 C	30.74495114 0.90014500 3.40000000
 C	33.20162893 1.02889403 3.40000000
 C	35.65813475 1.15763405 3.40000000
 C	-3.64773540 -0.90229932 3.40000000
 C	3.72218332 -0.51605825 3.40000000
 C	38.11481254 1.28638307 3.40000000
 C	40.57143300 1.41512910 3.40000000
 C	43.02799615 1.54387212 3.40000000
 C	-6.10435586 -1.03104534 3.40000000
 C	6.17868915 -0.38731823 3.40000000
 C	-8.56103365 -1.15979437 3.40000000
 C	8.63536694 -0.25856920 3.40000000
 C	0.00000000 0.00000000 3.40000000
 C	-12.28304501 -0.64372711 3.40000000
 C	12.28321698 0.64373612 3.40000000
 C	-14.73972280 -0.77247614 3.40000000
 C	14.73972280 0.77247614 3.40000000
 C	-17.19622862 -0.90121615 3.40000000
 C	17.19640059 0.90122517 3.40000000
 C	-19.65290641 -1.02996518 3.40000000
 C	19.65290641 1.02996518 3.40000000
 C	-22.10958420 -1.15871421 3.40000000
 C	22.10958420 1.15871421 3.40000000
 C	-2.45650582 -0.12874002 3.40000000
 C	-24.56626199 -1.28746324 3.40000000
 C	24.56626199 1.28746324 3.40000000
 C	2.45667779 0.12874903 3.40000000
 C	-27.02276781 -1.41620325 3.40000000
 C	27.02293978 1.41621226 3.40000000
 C	29.47944560 1.54495228 3.40000000
 C	31.93612339 1.67370131 3.40000000
 C	34.39262921 1.80244132 3.40000000
 C	36.84930700 1.93119035 3.40000000
 C	39.30598479 2.05993938 3.40000000
 C	41.76266258 2.18868840 3.40000000
 C	44.21916840 2.31742842 3.40000000
 C	-4.91318361 -0.25748904 3.40000000
 C	4.91318361 0.25748904 3.40000000
 C	-7.36986140 -0.38623807 3.40000000
 C	7.36986140 0.38623807 3.40000000
 C	-9.82653919 -0.51498710 3.40000000
 C	9.82653919 0.51498710 3.40000000
 C	-0.07433329 1.41836358 3.40000000
 C	-12.35737830 0.77463647 3.40000000
 C	12.20882637 2.06209670 3.40000000
 C	-14.81405609 0.64588745 3.40000000
 C	14.66538951 2.19083972 3.40000000
 C	-17.27061923 0.51714443 3.40000000
 C	17.12206730 2.31958875 3.40000000
 C	-19.72723970 0.38839840 3.40000000
 C	19.57874509 2.44833778 3.40000000
 C	-22.18391749 0.25964938 3.40000000
 C	22.03525091 2.57707779 3.40000000
 C	-2.53089643 1.28962057 3.40000000
 C	-24.64042331 0.13090936 3.40000000
 C	24.49192870 2.70582682 3.40000000
 C	2.38234450 1.54711261 3.40000000
 C	-27.09710110 0.00216033 3.40000000
 C	26.94854917 2.83457284 3.40000000
 C	29.40511232 2.96331586 3.40000000
 C	31.86179010 3.09206489 3.40000000
 C	34.31846789 3.22081392 3.40000000
 C	36.77497372 3.34955393 3.40000000
 C	39.23165150 3.47830296 3.40000000
 C	41.68827197 3.60704898 3.40000000
 C	44.14483512 3.73579200 3.40000000
 C	-4.98751690 1.16087454 3.40000000
 C	4.83902229 1.67586164 3.40000000
 C	-7.44419469 1.03212551 3.40000000
 C	7.29552811 1.80460165 3.40000000
 C	-9.90070051 0.90338550 3.40000000
 C	9.75220590 1.93335068 3.40000000
 C	-11.16620605 1.54819277 3.40000000
 C	10.94337815 2.70690698 3.40000000
 C	-1.33966686 2.06317987 3.40000000
 C	1.11683897 2.19191989 3.40000000
 C	-13.62288383 1.41944375 3.40000000
 C	13.40005594 2.83565601 3.40000000
 C	-16.07938966 1.29070373 3.40000000
 C	15.85656177 2.96439602 3.40000000
 C	-18.53606745 1.16195470 3.40000000
 C	18.31323955 3.09314505 3.40000000
 C	-20.99274523 1.03320568 3.40000000
 C	20.76974538 3.22188507 3.40000000
 C	-23.44942302 0.90445665 3.40000000
 C	23.22642317 3.35063409 3.40000000
 C	-25.90592885 0.77571663 3.40000000
 C	25.68310095 3.47938312 3.40000000
 C	28.13977874 3.60813215 3.40000000
 C	30.59628457 3.73687216 3.40000000
 C	33.05296235 3.86562119 3.40000000
 C	35.50946818 3.99436121 3.40000000
 C	-3.79634465 1.93443084 3.40000000
 C	3.57351675 2.32066891 3.40000000
 C	37.96614597 4.12311023 3.40000000
 C	40.42282375 4.25185926 3.40000000
 C	42.87950154 4.38060829 3.40000000
 C	45.33600737 4.50934830 3.40000000
 C	-6.25302243 1.80568182 3.40000000
 C	6.03002258 2.44940893 3.40000000
 C	-8.70970022 1.67693279 3.40000000
 C	8.48670037 2.57815795 3.40000000
 C	-11.24053933 2.96655636 3.40000000
 C	10.86904487 4.12527057 3.40000000
 C	-1.41405747 3.48154045 3.40000000
 C	1.04250568 3.61028347 3.40000000
 C	-13.69721712 2.83780733 3.40000000
 C	13.32566534 4.25401659 3.40000000
 C	-16.15378027 2.70906431 3.40000000
 C	15.78222848 4.38275961 3.40000000
 C	-18.61040073 2.58031829 3.40000000
 C	18.23890627 4.51150864 3.40000000
 C	-21.06707852 2.45156926 3.40000000
 C	20.69558406 4.64025766 3.40000000
 C	-23.52358434 2.32282925 3.40000000
 C	23.15208988 4.76899768 3.40000000
 C	-25.98026213 2.19408022 3.40000000
 C	25.60876767 4.89774671 3.40000000
 C	28.06538814 5.02649273 3.40000000
 C	30.52195128 5.15523575 3.40000000
 C	32.97862907 5.28398478 3.40000000
 C	35.43530686 5.41273380 3.40000000
 C	-3.87067793 3.35279443 3.40000000
 C	3.49918347 3.73903250 3.40000000
 C	37.89181268 5.54147382 3.40000000
 C	40.34849047 5.67022285 3.40000000
 C	42.80511094 5.79896887 3.40000000
 C	45.26167408 5.92771189 3.40000000
 C	-6.32735572 3.22404540 3.40000000
 C	5.95586126 3.86778152 3.40000000
 C	-8.78386154 3.09530539 3.40000000
 C	8.41236708 3.99652154 3.40000000
 C	-0.22290607 4.25494632 3.40000000
 C	-12.50612305 3.61121020 3.40000000
 C	12.06013894 4.89867344 3.40000000
 C	-14.96262887 3.48247018 3.40000000
 C	14.51681673 5.02742246 3.40000000
 C	-17.41930666 3.35372116 3.40000000
 C	16.97332255 5.15616248 3.40000000
 C	-19.87598445 3.22497213 3.40000000
 C	19.43000034 5.28491151 3.40000000
 C	21.88650617 5.41365152 3.40000000
 C	-22.33266223 3.09622310 3.40000000
 C	-2.67958386 4.12619730 3.40000000
 C	2.23359975 4.38368634 3.40000000
 C	-24.78916806 2.96748309 3.40000000
 C	24.34318396 5.54240055 3.40000000
 C	26.79986174 5.67114957 3.40000000
 C	29.25653953 5.79989860 3.40000000
 C	31.71304536 5.92863862 3.40000000
 C	34.16972314 6.05738764 3.40000000
 C	36.62622897 6.18612766 3.40000000
 C	39.08290676 6.31487669 3.40000000
 C	41.53958454 6.44362571 3.40000000
 C	43.99626233 6.57237474 3.40000000
 C	46.45276816 6.70111476 3.40000000
 C	-5.13626165 3.99744827 3.40000000
 C	4.69027754 4.51243537 3.40000000
 C	7.14678337 4.64117538 3.40000000
 C	-7.59293943 3.86869924 3.40000000
 C	-10.04944526 3.73995923 3.40000000
 C	9.60346115 4.76992441 3.40000000
 C	-0.29729668 5.67330690 3.40000000
 C	-12.58045633 5.02957378 3.40000000
 C	11.98580566 6.31703702 3.40000000
 C	-15.03701948 4.90083076 3.40000000
 C	14.44242612 6.44578304 3.40000000
 C	-17.49363994 4.77208474 3.40000000
 C	16.89898927 6.57452606 3.40000000
 C	-19.95031773 4.64333571 3.40000000
 C	19.35566706 6.70327509 3.40000000
 C	-22.40682356 4.51459570 3.40000000
 C	21.81234485 6.83202412 3.40000000
 C	-2.75391714 5.54456088 3.40000000
 C	2.15926647 5.80204992 3.40000000
 C	-24.86350134 4.38584667 3.40000000
 C	24.26885067 6.96076413 3.40000000
 C	26.72552846 7.08951316 3.40000000
 C	29.18214892 7.21825918 3.40000000
 C	31.63871207 7.34700220 3.40000000
 C	34.09538986 7.47575123 3.40000000
 C	36.55206765 7.60450026 3.40000000
 C	39.00857347 7.73324027 3.40000000
 C	41.46525126 7.86198930 3.40000000
 C	43.92187172 7.99073532 3.40000000
 C	46.37843487 8.11947834 3.40000000
 C	-5.21059493 5.41581185 3.40000000
 C	4.61594426 5.93079895 3.40000000
 C	-7.66710076 5.28707184 3.40000000
 C	7.07262204 6.05954798 3.40000000
 C	-10.12377854 5.15832281 3.40000000
 C	9.52912787 6.18828799 3.40000000
 C	-11.38928408 5.80313009 3.40000000
 C	10.72030012 6.96184430 3.40000000
 C	-1.56274489 6.31811719 3.40000000
 C	0.89393290 6.44686622 3.40000000
 C	-13.84578990 5.67439008 3.40000000
 C	13.17697791 7.09059333 3.40000000
 C	-16.30246769 5.54564105 3.40000000
 C	15.63365570 7.21934236 3.40000000
 C	-18.75914548 5.41689203 3.40000000
 C	18.09016152 7.34808237 3.40000000
 C	-21.21582327 5.28814300 3.40000000
 C	20.54683931 7.47683140 3.40000000
 C	-23.67232909 5.15940298 3.40000000
 C	23.00334513 7.60557142 3.40000000
 C	25.46002292 7.73432044 3.40000000
 C	27.91670071 7.86306947 3.40000000
 C	30.37337850 7.99181850 3.40000000
 C	32.82988432 8.12055851 3.40000000
 C	35.28656211 8.24930754 3.40000000
 C	-4.01942268 6.18936816 3.40000000
 C	3.35043872 6.57560623 3.40000000
 C	37.74306793 8.37804755 3.40000000
 C	40.19974572 8.50679658 3.40000000
 C	42.65642351 8.63554561 3.40000000
 C	45.11310130 8.76429464 3.40000000
 C	47.56960712 8.89303465 3.40000000
 C	-6.47610047 6.06061914 3.40000000
 C	5.80711651 6.70435526 3.40000000
 C	-8.93260629 5.93187912 3.40000000
 C	8.26362233 6.83309528 3.40000000
 C	-11.46361737 7.22149367 3.40000000
 C	10.64596683 8.38020788 3.40000000
 C	-1.63707818 7.73648077 3.40000000
 C	0.81954229 7.86522679 3.40000000
 C	-13.92018051 7.09275065 3.40000000
 C	13.10264462 8.50895691 3.40000000
 C	-16.37680098 6.96400463 3.40000000
 C	15.55926509 8.63770293 3.40000000
 C	-18.83347877 6.83525560 3.40000000
 C	18.01582823 8.76644595 3.40000000
 C	-21.28998459 6.70651558 3.40000000
 C	20.47250602 8.89519497 3.40000000
 C	-23.74666238 6.57776656 3.40000000
 C	22.92918381 9.02394400 3.40000000
 C	25.38568964 9.15268402 3.40000000
 C	27.84236742 9.28143304 3.40000000
 C	30.29898789 9.41017907 3.40000000
 C	32.75555104 9.53892209 3.40000000
 C	35.21222882 9.66767111 3.40000000
 C	-4.09375597 7.60773174 3.40000000
 C	3.27610543 7.99396981 3.40000000
 C	37.66890661 9.79642014 3.40000000
 C	40.12541244 9.92516016 3.40000000
 C	42.58209022 10.05390918 3.40000000
 C	45.03871069 10.18265521 3.40000000
 C	47.49527384 10.31139823 3.40000000
 C	-6.55026179 7.47899172 3.40000000
 C	5.73278322 8.12271884 3.40000000
 C	-9.00693958 7.35024270 3.40000000
 C	8.18946101 8.25146786 3.40000000
 C	-0.44590593 8.51003708 3.40000000
 C	-12.72895094 7.86630997 3.40000000
 C	11.83713909 9.15376419 3.40000000
 C	-15.18562873 7.73756094 3.40000000
 C	14.29381687 9.28251322 3.40000000
 C	-17.64230652 7.60881191 3.40000000
 C	16.75049466 9.41126224 3.40000000
 C	-20.09898430 7.48006288 3.40000000
 C	19.20700049 9.54000226 3.40000000
 C	-22.55549013 7.35132287 3.40000000
 C	21.66367827 9.66875129 3.40000000
 C	-2.90258371 8.38128805 3.40000000
 C	24.12018410 9.79749130 3.40000000
 C	2.01077186 8.63878610 3.40000000
 C	26.57686189 9.92624033 3.40000000
 C	29.03353967 10.05498936 3.40000000
 C	31.49021746 10.18373838 3.40000000
 C	33.94672329 10.31247840 3.40000000
 C	36.40340107 10.44122743 3.40000000
 C	38.85990690 10.56996744 3.40000000
 C	41.31658469 10.69871647 3.40000000
 C	43.77326247 10.82746549 3.40000000
 C	46.22994026 10.95621452 3.40000000
 C	48.68644609 11.08495454 3.40000000
 C	-5.35926150 8.25253902 3.40000000
 C	4.46727769 8.76752612 3.40000000
 C	-7.81576733 8.12379901 3.40000000
 C	6.92395547 8.89627515 3.40000000
 C	-10.27244511 7.99504998 3.40000000
 C	9.38046130 9.02501516 3.40000000
 C	-0.52026527 9.92834952 3.40000000
 C	-12.80336761 9.28461940 3.40000000
 C	11.76277974 10.57207663 3.40000000
 C	-15.25998807 9.15587338 3.40000000
 C	14.21945753 10.70082566 3.40000000
 C	-17.71666586 9.02712435 3.40000000
 C	16.67607800 10.82957168 3.40000000
 C	-20.17317168 8.89838434 3.40000000
 C	19.13264114 10.95831470 3.40000000
 C	-22.62984947 8.76963531 3.40000000
 C	21.58931893 11.08706373 3.40000000
 C	-2.97694306 9.79960049 3.40000000
 C	24.04599672 11.21581275 3.40000000
 C	1.93635520 10.05709554 3.40000000
 C	26.50250254 11.34455277 3.40000000
 C	28.95918033 11.47330180 3.40000000
 C	31.41580080 11.60204782 3.40000000
 C	33.87236394 11.73079084 3.40000000
 C	36.32904173 11.85953987 3.40000000
 C	38.78571952 11.98828889 3.40000000
 C	41.24222534 12.11702891 3.40000000
 C	43.69890313 12.24577794 3.40000000
 C	46.15552360 12.37452396 3.40000000
 C	-5.43344888 9.67086048 3.40000000
 C	48.61208674 12.50326698 3.40000000
 C	4.39291834 10.18583856 3.40000000
 C	-7.89012667 9.54211145 3.40000000
 C	6.84959613 10.31458759 3.40000000
 C	-10.34680446 9.41336242 3.40000000
 C	9.30627392 10.44333661 3.40000000
 C	-11.61211197 10.05822985 3.40000000
 C	10.49730026 11.21693505 3.40000000
 C	-1.78574475 10.57320793 3.40000000
 C	0.67093304 10.70195696 3.40000000
 C	-14.06878976 9.92948082 3.40000000
 C	12.95397805 11.34568407 3.40000000
 C	-16.52546755 9.80073180 3.40000000
 C	15.41065584 11.47443310 3.40000000
 C	-18.98214534 9.67198277 3.40000000
 C	17.86733363 11.60318213 3.40000000
 C	-21.43865116 9.54324275 3.40000000
 C	20.32383945 11.73192214 3.40000000
 C	22.78051724 11.86067117 3.40000000
 C	25.23702306 11.98941119 3.40000000
 C	27.69370085 12.11816021 3.40000000
 C	30.15037864 12.24690924 3.40000000
 C	32.60705643 12.37565827 3.40000000
 C	35.06356225 12.50439828 3.40000000
 C	-4.24242254 10.44445891 3.40000000
 C	3.12761083 10.83070599 3.40000000
 C	37.52024004 12.63314731 3.40000000
 C	39.97674586 12.76188733 3.40000000
 C	42.43342365 12.89063635 3.40000000
 C	44.89010144 13.01938538 3.40000000
 C	47.34677923 13.14813441 3.40000000
 C	49.80328505 13.27687442 3.40000000
 C	-6.69892836 10.31571889 3.40000000
 C	5.58411665 10.95944600 3.40000000
 C	-9.15560615 10.18696987 3.40000000
 C	8.04079444 11.08819503 3.40000000
 C	-11.68658076 11.47643700 3.40000000
 C	10.42306076 12.63515421 3.40000000
 C	-1.86015621 11.99141809 3.40000000
 C	0.59652158 12.12016711 3.40000000
 C	-14.14320122 11.34769098 3.40000000
 C	12.87956659 12.76389423 3.40000000
 C	-16.59987901 11.21894195 3.40000000
 C	15.33624438 12.89264325 3.40000000
 C	-19.05638484 11.09020193 3.40000000
 C	17.79286484 13.02138928 3.40000000
 C	-21.51306262 10.96145291 3.40000000
 C	20.24942799 13.15013230 3.40000000
 C	22.70610578 13.27888132 3.40000000
 C	25.16278356 13.40763035 3.40000000
 C	27.61928939 13.53637037 3.40000000
 C	30.07596718 13.66511939 3.40000000
 C	32.53258764 13.79386542 3.40000000
 C	34.98915079 13.92260844 3.40000000
 C	-4.31666204 11.86267807 3.40000000
 C	3.05314204 12.24891314 3.40000000
 C	37.44582858 14.05135746 3.40000000
 C	39.90250637 14.18010649 3.40000000
 C	42.35901219 14.30884651 3.40000000
 C	44.81568998 14.43759553 3.40000000
 C	47.27231044 14.56634156 3.40000000
 C	49.72887359 14.69508457 3.40000000
 C	-6.77333982 11.73392905 3.40000000
 C	5.50970519 12.37765616 3.40000000
 C	-9.23001761 11.60518002 3.40000000
 C	7.96638298 12.50640518 3.40000000
 C	-0.66898396 12.76497439 3.40000000
 C	-12.95202897 12.12124728 3.40000000
 C	11.61406105 13.40870150 3.40000000
 C	-15.40870676 11.99249825 3.40000000
 C	14.07073884 13.53745053 3.40000000
 C	-17.86538455 11.86374922 3.40000000
 C	16.52741663 13.66619955 3.40000000
 C	-20.32189037 11.73500921 3.40000000
 C	18.98409442 13.79494858 3.40000000
 C	21.44060024 13.92368860 3.40000000
 C	23.89727803 14.05243762 3.40000000
 C	-3.12566175 12.63622536 3.40000000
 C	1.78769383 12.89372342 3.40000000
 C	26.35378385 14.18117764 3.40000000
 C	28.81046164 14.30992667 3.40000000
 C	31.26713943 14.43867569 3.40000000
 C	33.72381722 14.56742472 3.40000000
 C	36.18032304 14.69616474 3.40000000
 C	38.63700083 14.82491376 3.40000000
 C	41.09350665 14.95365378 3.40000000
 C	43.55018444 15.08240281 3.40000000
 C	46.00686223 15.21115183 3.40000000
 C	-5.58216757 12.50748535 3.40000000
 C	48.46354002 15.33990086 3.40000000
 C	4.24437162 13.02247244 3.40000000
 C	50.92004584 15.46864088 3.40000000
 C	-8.03884536 12.37873632 3.40000000
 C	6.70087744 13.15121246 3.40000000
 C	-10.49535118 12.24999630 3.40000000
 C	9.15755523 13.27996149 3.40000000
 C	-0.74331725 14.18333797 3.40000000
 C	-13.02636226 13.53961086 3.40000000
 C	11.53989973 14.82707410 3.40000000
 C	-15.48304005 13.41086183 3.40000000
 C	13.99640555 14.95581411 3.40000000
 C	-17.93954587 13.28212182 3.40000000
 C	16.45308334 15.08456314 3.40000000
 C	-20.39622366 13.15337279 3.40000000
 C	18.90970381 15.21330916 3.40000000
 C	21.36626695 15.34205218 3.40000000
 C	-3.19982307 14.05459796 3.40000000
 C	23.82294474 15.47080121 3.40000000
 C	1.71336054 14.31208700 3.40000000
 C	26.27962253 15.59955024 3.40000000
 C	28.73612835 15.72829025 3.40000000
 C	31.19280614 15.85703928 3.40000000
 C	33.64942661 15.98578530 3.40000000
 C	36.10598976 16.11452832 3.40000000
 C	38.56266754 16.24327735 3.40000000
 C	41.01934533 16.37202638 3.40000000
 C	43.47585116 16.50076639 3.40000000
 C	45.93252894 16.62951542 3.40000000
 C	-5.65650086 13.92584893 3.40000000
 C	48.38914941 16.75826144 3.40000000
 C	4.16998101 14.44083302 3.40000000
 C	50.84571256 16.88700446 3.40000000
 C	-8.11317865 13.79709990 3.40000000
 C	6.62654415 14.56957604 3.40000000
 C	-10.56974179 13.66835688 3.40000000
 C	9.08322194 14.69832507 3.40000000
 C	-11.83519001 14.31316716 3.40000000
 C	10.27439419 15.47188137 3.40000000
 C	-2.00882278 14.82814525 3.40000000
 C	0.44785501 14.95689427 3.40000000
 C	-14.29186779 14.18441813 3.40000000
 C	12.73090002 15.60062139 3.40000000
 C	-16.74854558 14.05566911 3.40000000
 C	15.18757781 15.72937041 3.40000000
 C	-19.20505141 13.92692909 3.40000000
 C	17.64425559 15.85811944 3.40000000
 C	20.10093338 15.98686847 3.40000000
 C	22.55743921 16.11560848 3.40000000
 C	25.01411699 16.24435751 3.40000000
 C	27.47062282 16.37309752 3.40000000
 C	29.92730061 16.50184655 3.40000000
 C	32.38397839 16.63059558 3.40000000
 C	34.84065618 16.75934461 3.40000000
 C	-4.46532861 14.69940523 3.40000000
 C	2.90453279 15.08564330 3.40000000
 C	37.29716201 16.88808462 3.40000000
 C	39.75383979 17.01683365 3.40000000
 C	42.21034562 17.14557366 3.40000000
 C	44.66702341 17.27432269 3.40000000
 C	47.12370119 17.40307172 3.40000000
 C	49.58037898 17.53182075 3.40000000
 C	52.03688481 17.66056076 3.40000000
 C	-6.92200639 14.57065620 3.40000000
 C	5.36121058 15.21439233 3.40000000
 C	-9.37851222 14.44191619 3.40000000
 C	7.81771641 15.34313234 3.40000000
 C	-11.90952329 15.73153075 3.40000000
 C	10.20006091 16.89024496 3.40000000
 C	-2.08298410 16.24651784 3.40000000
 C	0.37352172 16.37525786 3.40000000
 C	-14.36620108 15.60278172 3.40000000
 C	12.65673870 17.01899398 3.40000000
 C	-16.82270690 15.47404170 3.40000000
 C	15.11324452 17.14773400 3.40000000
 C	-19.27938469 15.34529268 3.40000000
 C	17.56992231 17.27648302 3.40000000
 C	20.02654278 17.40522905 3.40000000
 C	22.48310592 17.53397207 3.40000000
 C	24.93978371 17.66272109 3.40000000
 C	27.39646150 17.79147012 3.40000000
 C	29.85296732 17.92021014 3.40000000
 C	32.30964511 18.04895916 3.40000000
 C	34.76626558 18.17770519 3.40000000
 C	-4.53966189 16.11776882 3.40000000
 C	2.83019951 16.50400689 3.40000000
 C	37.22282872 18.30644821 3.40000000
 C	39.67950651 18.43519723 3.40000000
 C	42.13618430 18.56394626 3.40000000
 C	44.59269012 18.69268628 3.40000000
 C	47.04936791 18.82143530 3.40000000
 C	49.50598838 18.95018133 3.40000000
 C	51.96255152 19.07892435 3.40000000
 C	-6.99633968 15.98901979 3.40000000
 C	5.28681997 16.63275291 3.40000000
 C	-9.45290283 15.86027677 3.40000000
 C	7.74338312 16.76149593 3.40000000
 C	-0.89206199 17.01991170 3.40000000
 C	-13.17510701 16.37618459 3.40000000
 C	11.39115498 17.66364782 3.40000000
 C	13.84766081 17.79238784 3.40000000
 C	-15.63178479 16.24743556 3.40000000
 C	-18.08829062 16.11869555 3.40000000
 C	16.30433859 17.92113687 3.40000000
 C	18.76101638 18.04988589 3.40000000
 C	21.21769417 18.17863492 3.40000000
 C	-3.34856782 16.89117168 3.40000000
 C	1.56461579 17.14866073 3.40000000
 C	23.67419999 18.30737494 3.40000000
 C	26.13087778 18.43612396 3.40000000
 C	28.58738361 18.56486398 3.40000000
 C	31.04406139 18.69361301 3.40000000
 C	33.50073918 18.82236203 3.40000000
 C	35.95741697 18.95111106 3.40000000
 C	38.41392280 19.07985108 3.40000000
 C	40.87060058 19.20860010 3.40000000
 C	43.32710641 19.33734012 3.40000000
 C	45.78378420 19.46608914 3.40000000
 C	48.24046198 19.59483817 3.40000000
 C	-5.80524561 16.76242266 3.40000000
 C	4.02129358 17.27740975 3.40000000
 C	50.69713977 19.72358720 3.40000000
 C	53.15364560 19.85232721 3.40000000
 C	-8.26175143 16.63368264 3.40000000
 C	6.47797137 17.40615878 3.40000000
 C	-10.71842922 16.50493362 3.40000000
 C	8.93447719 17.53489880 3.40000000
 C	-0.96622332 18.43828430 3.40000000
 C	-13.24944029 17.79454817 3.40000000
 C	11.31682170 19.08201141 3.40000000
 C	-15.70594612 17.66580816 3.40000000
 C	13.77349948 19.21076044 3.40000000
 C	-18.16262390 17.53705913 3.40000000
 C	16.23000531 19.33950045 3.40000000
 C	18.68668310 19.46824948 3.40000000
 C	21.14330356 19.59699550 3.40000000
 C	-3.42290110 18.30953527 3.40000000
 C	1.49028251 18.56702431 3.40000000
 C	23.59986671 19.72573852 3.40000000
 C	26.05654450 19.85448755 3.40000000
 C	28.51322229 19.98323658 3.40000000
 C	30.96972811 20.11197659 3.40000000
 C	33.42640590 20.24072562 3.40000000
 C	35.88302636 20.36947164 3.40000000
 C	38.33958951 20.49821466 3.40000000
 C	40.79626730 20.62696369 3.40000000
 C	43.25294509 20.75571271 3.40000000
 C	45.70945091 20.88445273 3.40000000
 C	48.16612870 21.01320176 3.40000000
 C	-5.87957889 18.18078624 3.40000000
 C	3.94696030 18.69577334 3.40000000
 C	50.62274916 21.14194778 3.40000000
 C	53.07931231 21.27069080 3.40000000
 C	-8.33614204 18.05204322 3.40000000
 C	6.40358076 18.82451936 3.40000000
 C	-10.79276250 17.92329720 3.40000000
 C	8.86014391 18.95326238 3.40000000
 C	-12.05826804 18.56810448 3.40000000
 C	10.05131616 19.72681869 3.40000000
 C	-2.23172885 19.08309158 3.40000000
 C	0.22477697 19.21183160 3.40000000
 C	-14.51494583 18.43935546 3.40000000
 C	12.50799395 19.85556772 3.40000000
 C	-16.97145165 18.31061544 3.40000000
 C	14.96449977 19.98430773 3.40000000
 C	17.42117756 20.11305676 3.40000000
 C	19.87785535 20.24180579 3.40000000
 C	22.33453314 20.37055482 3.40000000
 C	24.79103896 20.49929483 3.40000000
 C	27.24771675 20.62804386 3.40000000
 C	29.70422257 20.75678387 3.40000000
 C	32.16090036 20.88553290 3.40000000
 C	34.61757815 21.01428193 3.40000000
 C	-4.68840664 18.95434255 3.40000000
 C	2.68145476 19.34058062 3.40000000
 C	37.07425594 21.14303096 3.40000000
 C	39.53076176 21.27177097 3.40000000
 C	41.98743955 21.40052000 3.40000000
 C	44.44394537 21.52926001 3.40000000
 C	46.90062316 21.65800904 3.40000000
 C	49.35730095 21.78675807 3.40000000
 C	51.81397874 21.91550709 3.40000000
 C	54.27048456 22.04424711 3.40000000
 C	-7.14491246 18.82560254 3.40000000
 C	5.13813255 19.46932965 3.40000000
 C	-9.60159025 18.69685351 3.40000000
 C	7.59481034 19.59807868 3.40000000
 C	-12.13260133 19.98646806 3.40000000
 C	9.97698287 21.14518227 3.40000000
 C	-2.30606214 20.50145515 3.40000000
 C	0.15061565 20.63020418 3.40000000
 C	-14.58910715 19.85772804 3.40000000
 C	12.43366066 21.27393129 3.40000000
 C	-17.04578494 19.72897902 3.40000000
 C	14.89033845 21.40268032 3.40000000
 C	17.34684427 21.53142034 3.40000000
 C	19.80352206 21.66016936 3.40000000
 C	22.26014253 21.78891539 3.40000000
 C	24.71670567 21.91765841 3.40000000
 C	27.17338346 22.04640743 3.40000000
 C	29.63006125 22.17515646 3.40000000
 C	32.08656708 22.30389648 3.40000000
 C	34.54324486 22.43264550 3.40000000
 C	-4.76273993 20.37270613 3.40000000
 C	2.60712147 20.75894420 3.40000000
 C	36.99986533 22.56139153 3.40000000
 C	39.45642848 22.69013454 3.40000000
 C	41.91310626 22.81888357 3.40000000
 C	44.36978405 22.94763260 3.40000000
 C	46.82628988 23.07637261 3.40000000
 C	49.28296766 23.20512164 3.40000000
 C	51.73958813 23.33386767 3.40000000
 C	54.19615128 23.46261068 3.40000000
 C	-7.21930307 20.24396311 3.40000000
 C	5.06379926 20.88769322 3.40000000
 C	-9.67592354 20.11521709 3.40000000
 C	7.52041973 21.01643925 3.40000000
 C	-1.11488989 21.27501147 3.40000000
 C	-13.39810686 20.63127534 3.40000000
 C	11.16815513 21.91873858 3.40000000
 C	-15.85461269 20.50253533 3.40000000
 C	13.62483291 22.04748760 3.40000000
 C	16.08133874 22.17622762 3.40000000
 C	18.53801653 22.30497665 3.40000000
 C	20.99469431 22.43372567 3.40000000
 C	-3.57156768 21.14626244 3.40000000
 C	1.34161594 21.40375148 3.40000000
 C	23.45137210 22.56247470 3.40000000
 C	25.90787793 22.69121472 3.40000000
 C	28.36455571 22.81996374 3.40000000
 C	30.82106154 22.94870376 3.40000000
 C	33.27773933 23.07745279 3.40000000
 C	35.73441711 23.20620181 3.40000000
 C	38.19109490 23.33495084 3.40000000
 C	40.64760073 23.46369086 3.40000000
 C	43.10427851 23.59243988 3.40000000
 C	45.56078434 23.72117990 3.40000000
 C	-6.02807350 21.01752242 3.40000000
 C	48.01746213 23.84992893 3.40000000
 C	3.79829373 21.53250051 3.40000000
 C	50.47413991 23.97867795 3.40000000
 C	52.93081770 24.10742698 3.40000000
 C	55.38732353 24.23616700 3.40000000
 C	-8.48475129 20.88877340 3.40000000
 C	6.25497151 21.66124954 3.40000000
 C	-10.94142908 20.76002437 3.40000000
 C	8.71164930 21.78999856 3.40000000
 C	-1.18924923 22.69332391 3.40000000
 C	-13.47229424 22.04959679 3.40000000
 C	11.09379578 23.33705102 3.40000000
 C	-15.92897203 21.92084777 3.40000000
 C	13.55047357 23.46580005 3.40000000
 C	16.00715136 23.59454907 3.40000000
 C	18.46365718 23.72328909 3.40000000
 C	20.92033497 23.85203811 3.40000000
 C	-3.64592702 22.56457488 3.40000000
 C	23.37695544 23.98078414 3.40000000
 C	1.26742856 22.82207293 3.40000000
 C	25.83351858 24.10952716 3.40000000
 C	28.29019637 24.23827618 3.40000000
 C	30.74687416 24.36702521 3.40000000
 C	33.20337998 24.49576523 3.40000000
 C	35.66005777 24.62451425 3.40000000
 C	38.11667824 24.75326028 3.40000000
 C	40.57324138 24.88200330 3.40000000
 C	43.02991917 25.01075232 3.40000000
 C	45.48659696 25.13950135 3.40000000
 C	-6.10249017 22.43583186 3.40000000
 C	47.94310278 25.26824137 3.40000000
 C	3.72393438 22.95081295 3.40000000
 C	50.39978057 25.39699039 3.40000000
 C	52.85640104 25.52573642 3.40000000
 C	55.31296418 25.65447944 3.40000000
 C	-8.55911063 22.30708584 3.40000000
 C	6.18061217 23.07956198 3.40000000
 C	-11.01578842 22.17833681 3.40000000
 C	8.63723264 23.20830800 3.40000000
 C	-12.28126790 22.82319523 3.40000000
 C	9.82848827 23.98191845 3.40000000
 C	-2.45472871 23.33818232 3.40000000
 C	0.00194908 23.46693135 3.40000000
 C	-14.73777372 22.69445521 3.40000000
 C	12.28499409 24.11065846 3.40000000
 C	14.74167188 24.23940749 3.40000000
 C	17.19817770 24.36814750 3.40000000
 C	19.65485549 24.49689653 3.40000000
 C	22.11153328 24.62564556 3.40000000
 C	24.56821107 24.75439459 3.40000000
 C	27.02471689 24.88313460 3.40000000
 C	29.48139468 25.01188363 3.40000000
 C	31.93790050 25.14062364 3.40000000
 C	34.39457829 25.26937267 3.40000000
 C	-4.91123453 23.20944231 3.40000000
 C	2.45845490 23.59567137 3.40000000
 C	36.85125608 25.39812170 3.40000000
 C	39.30793387 25.52687073 3.40000000
 C	41.76443969 25.65561074 3.40000000
 C	44.22111748 25.78435977 3.40000000
 C	46.67762330 25.91309978 3.40000000
 C	49.13430109 26.04184881 3.40000000
 C	51.59097888 26.17059784 3.40000000
 C	54.04765667 26.29934687 3.40000000
 C	56.50416249 26.42808688 3.40000000
 C	-7.36791232 23.08069328 3.40000000
 C	4.91513269 23.72442039 3.40000000
 C	-9.82459011 22.95194425 3.40000000
 C	7.37181048 23.85316942 3.40000000
 C	-12.35550740 24.24141439 3.40000000
 C	9.75401948 25.40012560 3.40000000
 C	-2.52914017 24.75639248 3.40000000
 C	-0.07246238 24.88514150 3.40000000
 C	-14.81218518 24.11266536 3.40000000
 C	12.21058263 25.52886862 3.40000000
 C	14.66726042 25.65761764 3.40000000
 C	17.12393820 25.78636667 3.40000000
 C	19.58044403 25.91510668 3.40000000
 C	22.03712182 26.04385571 3.40000000
 C	24.49374228 26.17260174 3.40000000
 C	26.95030543 26.30134475 3.40000000
 C	29.40698322 26.43009378 3.40000000
 C	31.86366100 26.55884281 3.40000000
 C	34.32016683 26.68758282 3.40000000
 C	-4.98570332 24.62764946 3.40000000
 C	2.38421540 25.01389053 3.40000000
 C	36.77684462 26.81633185 3.40000000
 C	39.23346508 26.94507787 3.40000000
 C	41.69002823 27.07382089 3.40000000
 C	44.14670602 27.20256992 3.40000000
 C	46.60338381 27.33131895 3.40000000
 C	49.05988963 27.46005896 3.40000000
 C	51.51656742 27.58880799 3.40000000
 C	53.97318788 27.71755401 3.40000000
 C	56.42975103 27.84629703 3.40000000
 C	-7.44232378 24.49890343 3.40000000
 C	4.84072123 25.14263055 3.40000000
 C	-9.89900157 24.37015441 3.40000000
 C	7.29739902 25.27137957 3.40000000
 C	-1.33796792 25.52994878 3.40000000
 C	-13.62101293 24.88622167 3.40000000
 C	10.94524906 26.17368490 3.40000000
 C	13.40175488 26.30242492 3.40000000
 C	15.85843267 26.43117394 3.40000000
 C	18.31493849 26.55991396 3.40000000
 C	20.77161628 26.68866299 3.40000000
 C	-3.79447374 25.40120876 3.40000000
 C	23.22829407 26.81741201 3.40000000
 C	1.11870987 25.65869780 3.40000000
 C	25.68497186 26.94616104 3.40000000
 C	28.14147768 27.07490106 3.40000000
 C	30.59815547 27.20365008 3.40000000
 C	33.05466129 27.33239010 3.40000000
 C	35.51133908 27.46113913 3.40000000
 C	37.96801687 27.58988815 3.40000000
 C	40.42469466 27.71863718 3.40000000
 C	42.88120048 27.84737719 3.40000000
 C	45.33787827 27.97612622 3.40000000
 C	-6.25115153 25.27245973 3.40000000
 C	3.57521569 25.78743782 3.40000000
 C	47.79438409 28.10486624 3.40000000
 C	50.25106188 28.23361526 3.40000000
 C	52.70773967 28.36236429 3.40000000
 C	55.16441746 28.49111332 3.40000000
 C	57.62092328 28.61985333 3.40000000
 C	-8.70782932 25.14371071 3.40000000
 C	6.03189348 25.91618685 3.40000000
 C	-11.16450711 25.01496168 3.40000000
 C	8.48857127 26.04493587 3.40000000
 C	-1.41230121 26.94831236 3.40000000
 C	-13.69534622 26.30458525 3.40000000
 C	10.87085845 27.59204548 3.40000000
 C	13.32742159 27.72078850 3.40000000
 C	15.78409938 27.84953753 3.40000000
 C	18.24077717 27.97828656 3.40000000
 C	20.69728299 28.10702657 3.40000000
 C	-3.86886435 26.81956934 3.40000000
 C	23.15396078 28.23577560 3.40000000
 C	1.04437658 27.07706139 3.40000000
 C	25.61058125 28.36452162 3.40000000
 C	28.06714439 28.49326464 3.40000000
 C	30.52382218 28.62201367 3.40000000
 C	32.98049997 28.75076269 3.40000000
 C	35.43700579 28.87950271 3.40000000
 C	37.89368358 29.00825174 3.40000000
 C	40.35030405 29.13699776 3.40000000
 C	42.80686719 29.26574078 3.40000000
 C	45.26354498 29.39448981 3.40000000
 C	-6.32548482 26.69082332 3.40000000
 C	47.72022277 29.52323883 3.40000000
 C	3.50105437 27.20581042 3.40000000
 C	50.17672860 29.65197885 3.40000000
 C	52.63340638 29.78072788 3.40000000
 C	55.09002685 29.90947390 3.40000000
 C	57.54659000 30.03821692 3.40000000
 C	-8.78216261 26.56207429 3.40000000
 C	5.95756019 27.33455043 3.40000000
 C	-11.23866843 26.43333428 3.40000000
 C	8.41423798 27.46329946 3.40000000
 C	-12.50417397 27.07814155 3.40000000
 C	9.60541023 28.23685576 3.40000000
 C	-2.67763478 27.59312865 3.40000000
 C	-0.22112895 27.72186866 3.40000000
 C	12.06208802 28.36560479 3.40000000
 C	14.51859385 28.49434480 3.40000000
 C	16.97527163 28.62309383 3.40000000
 C	19.43177746 28.75183384 3.40000000
 C	21.88845525 28.88058287 3.40000000
 C	24.34513303 29.00933190 3.40000000
 C	26.80181082 29.13808093 3.40000000
 C	29.25831665 29.26682094 3.40000000
 C	31.71499443 29.39556997 3.40000000
 C	34.17150026 29.52430998 3.40000000
 C	-5.13431257 27.46437962 3.40000000
 C	2.23554883 27.85061769 3.40000000
 C	36.62817805 29.65305901 3.40000000
 C	39.08485583 29.78180804 3.40000000
 C	41.54153362 29.91055706 3.40000000
 C	43.99803945 30.03929708 3.40000000
 C	46.45471723 30.16804611 3.40000000
 C	48.91122306 30.29678612 3.40000000
 C	51.36790085 30.42553515 3.40000000
 C	53.82457863 30.55428418 3.40000000
 C	56.28125642 30.68303320 3.40000000
 C	58.73776225 30.81177322 3.40000000
 C	-7.59099036 27.33563059 3.40000000
 C	4.69205466 27.97935770 3.40000000
 C	-10.04766814 27.20688157 3.40000000
 C	7.14873245 28.10810673 3.40000000
 C	-12.57850725 28.49650513 3.40000000
 C	9.53107695 29.65521934 3.40000000
 C	-2.75202539 29.01148923 3.40000000
 C	-0.29546224 29.14023225 3.40000000
 C	11.98769741 29.78396537 3.40000000
 C	14.44426056 29.91270839 3.40000000
 C	16.90093835 30.04145741 3.40000000
 C	19.35761614 30.17020644 3.40000000
 C	21.81412196 30.29894646 3.40000000
 C	24.27079975 30.42769548 3.40000000
 C	26.72742021 30.55644151 3.40000000
 C	29.18398336 30.68518453 3.40000000
 C	31.64066115 30.81393355 3.40000000
 C	34.09733894 30.94268258 3.40000000
 C	-5.20864585 28.88274320 3.40000000
 C	2.16121555 29.26898127 3.40000000
 C	36.55384476 31.07142259 3.40000000
 C	39.01052255 31.20017162 3.40000000
 C	41.46714302 31.32891765 3.40000000
 C	43.92370616 31.45766066 3.40000000
 C	46.38038395 31.58640969 3.40000000
 C	48.83706174 31.71515872 3.40000000
 C	51.29356756 31.84389873 3.40000000
 C	53.75024535 31.97264776 3.40000000
 C	56.20686582 32.10139378 3.40000000
 C	58.66342896 32.23013680 3.40000000
 C	-7.66532364 28.75399418 3.40000000
 C	4.61789334 29.39773030 3.40000000
 C	-10.12182946 28.62525416 3.40000000
 C	7.07439916 29.52647032 3.40000000
 C	-1.56087399 29.78489510 3.40000000
 C	10.72217102 30.42862221 3.40000000
 C	13.17884881 30.55737124 3.40000000
 C	15.63535463 30.68611125 3.40000000
 C	18.09203242 30.81486028 3.40000000
 C	20.54853825 30.94360030 3.40000000
 C	-4.01755178 29.65614607 3.40000000
 C	0.89563183 29.91363512 3.40000000
 C	23.00521603 31.07234932 3.40000000
 C	25.46189382 31.20109835 3.40000000
 C	27.91857161 31.32984738 3.40000000
 C	30.37507743 31.45858739 3.40000000
 C	32.83175522 31.58733642 3.40000000
 C	35.28826105 31.71607644 3.40000000
 C	37.74493883 31.84482546 3.40000000
 C	40.20161662 31.97357449 3.40000000
 C	42.65829441 32.10232352 3.40000000
 C	45.11480024 32.23106353 3.40000000
 C	47.57147802 32.35981256 3.40000000
 C	-6.47422957 29.52739705 3.40000000
 C	3.35230962 30.04238414 3.40000000
 C	50.02798385 32.48855258 3.40000000
 C	52.48466164 32.61730160 3.40000000
 C	54.94133942 32.74605063 3.40000000
 C	57.39801721 32.87479966 3.40000000
 C	59.85452304 33.00353967 3.40000000
 C	5.80881545 30.17112416 3.40000000
 C	-8.93090735 29.39864802 3.40000000
 C	-11.38741318 29.26990800 3.40000000
 C	8.26549323 30.29987319 3.40000000
 C	-1.63526460 31.20325568 3.40000000
 C	10.64783774 31.84698580 3.40000000
 C	13.10445820 31.97573182 3.40000000
 C	15.56102135 32.10447484 3.40000000
 C	18.01769914 32.23322387 3.40000000
 C	20.47437692 32.36197289 3.40000000
 C	-4.09188506 31.07450966 3.40000000
 C	0.82129855 31.33199870 3.40000000
 C	22.93088275 32.49071291 3.40000000
 C	25.38756054 32.61946194 3.40000000
 C	27.84418100 32.74820796 3.40000000
 C	30.30074415 32.87695098 3.40000000
 C	32.75742194 33.00570001 3.40000000
 C	35.21409973 33.13444903 3.40000000
 C	37.67060555 33.26318905 3.40000000
 C	40.12728334 33.39193808 3.40000000
 C	42.58390380 33.52068410 3.40000000
 C	45.04046695 33.64942712 3.40000000
 C	47.49714474 33.77817615 3.40000000
 C	-6.54856285 30.94576063 3.40000000
 C	3.27797634 31.46074773 3.40000000
 C	49.95382253 33.90692517 3.40000000
 C	52.41032835 34.03566519 3.40000000
 C	54.86700614 34.16441421 3.40000000
 C	57.32362660 34.29316024 3.40000000
 C	59.78018975 34.42190326 3.40000000
 C	-9.00506868 30.81702062 3.40000000
 C	5.73465412 31.58949675 3.40000000
 C	-11.46174646 30.68827159 3.40000000
 C	8.19115995 31.71823677 3.40000000
 C	9.38233220 32.49179308 3.40000000
 C	-2.90071281 31.84806597 3.40000000
 C	-0.44403502 31.97681500 3.40000000
 C	11.83900999 32.62054211 3.40000000
 C	14.29568778 32.74929114 3.40000000
 C	16.75219360 32.87803115 3.40000000
 C	19.20887139 33.00678018 3.40000000
 C	21.66537721 33.13552019 3.40000000
 C	24.12205500 33.26426922 3.40000000
 C	26.57873279 33.39301825 3.40000000
 C	29.03541058 33.52176727 3.40000000
 C	31.49191640 33.65050729 3.40000000
 C	33.94859419 33.77925632 3.40000000
 C	-5.35739060 31.71931694 3.40000000
 C	2.01247080 32.10555501 3.40000000
 C	36.40510001 33.90799633 3.40000000
 C	38.86177780 34.03674536 3.40000000
 C	41.31845559 34.16549439 3.40000000
 C	43.77513338 34.29424341 3.40000000
 C	46.23163920 34.42298343 3.40000000
 C	48.68831699 34.55173246 3.40000000
 C	51.14482281 34.68047247 3.40000000
 C	53.60150060 34.80922150 3.40000000
 C	56.05817839 34.93797053 3.40000000
 C	58.51485618 35.06671955 3.40000000
 C	-7.81406839 31.59056791 3.40000000
 C	4.46914859 32.23430404 3.40000000
 C	60.97136200 35.19545957 3.40000000
 C	-10.27057421 31.46182790 3.40000000
 C	6.92565441 32.36304405 3.40000000
 C	9.30799891 33.91015666 3.40000000
 C	-2.97504610 33.26642954 3.40000000
 C	-0.51842563 33.39517557 3.40000000
 C	11.76467670 34.03890568 3.40000000
 C	14.22129717 34.16765171 3.40000000
 C	16.67786031 34.29639472 3.40000000
 C	19.13453810 34.42514375 3.40000000
 C	21.59121589 34.55389278 3.40000000
 C	24.04772171 34.68263279 3.40000000
 C	26.50439950 34.81138182 3.40000000
 C	28.96101997 34.94012784 3.40000000
 C	31.41758311 35.06887086 3.40000000
 C	33.87426090 35.19761989 3.40000000
 C	-5.43172389 33.13768052 3.40000000
 C	1.93813751 33.52391859 3.40000000
 C	36.33093869 35.32636892 3.40000000
 C	38.78744451 35.45510893 3.40000000
 C	41.24412230 35.58385796 3.40000000
 C	43.70074277 35.71260398 3.40000000
 C	46.15730592 35.84134700 3.40000000
 C	48.61398370 35.97009603 3.40000000
 C	51.07066149 36.09884506 3.40000000
 C	53.52716732 36.22758507 3.40000000
 C	55.98384510 36.35633410 3.40000000
 C	58.44046557 36.48508012 3.40000000
 C	-7.88822971 33.00894050 3.40000000
 C	4.39481530 33.65266761 3.40000000
 C	60.89702872 36.61382314 3.40000000
 C	-10.34490750 32.88019147 3.40000000
 C	6.85149309 33.78141664 3.40000000
 C	-1.78387385 34.03998585 3.40000000
 C	10.49917117 34.68371297 3.40000000
 C	12.95584895 34.81246199 3.40000000
 C	15.41252674 34.94121102 3.40000000
 C	17.86903257 35.06995104 3.40000000
 C	20.32571035 35.19870006 3.40000000
 C	-4.24055164 33.91123683 3.40000000
 C	22.78221618 35.32744008 3.40000000
 C	0.67280394 34.16873488 3.40000000
 C	25.23889397 35.45618911 3.40000000
 C	27.69557175 35.58493813 3.40000000
 C	30.15224954 35.71368716 3.40000000
 C	32.60875537 35.84242717 3.40000000
 C	35.06543315 35.97117620 3.40000000
 C	37.52193898 36.09991622 3.40000000
 C	39.97861677 36.22866524 3.40000000
 C	42.43529455 36.35741427 3.40000000
 C	44.89197234 36.48616330 3.40000000
 C	47.34847817 36.61490331 3.40000000
 C	-6.69722942 33.78248780 3.40000000
 C	3.12930976 34.29747490 3.40000000
 C	49.80515595 36.74365234 3.40000000
 C	52.26166178 36.87239236 3.40000000
 C	54.71833957 37.00114138 3.40000000
 C	57.17501735 37.12989041 3.40000000
 C	59.63169514 37.25863944 3.40000000
 C	62.08820097 37.38737945 3.40000000
 C	-9.15373525 33.65374778 3.40000000
 C	5.58598755 34.42622392 3.40000000
 C	8.04249338 34.55496394 3.40000000
 C	-1.85823319 35.45829829 3.40000000
 C	10.42481182 36.10202541 3.40000000
 C	12.88148961 36.23077443 3.40000000
 C	15.33811008 36.35952046 3.40000000
 C	17.79467322 36.48826348 3.40000000
 C	20.25135101 36.61701250 3.40000000
 C	-4.31491098 35.32954927 3.40000000
 C	22.70802880 36.74576153 3.40000000
 C	0.59838727 35.58704432 3.40000000
 C	25.16453462 36.87450155 3.40000000
 C	27.62121241 37.00325057 3.40000000
 C	30.07783288 37.13199660 3.40000000
 C	32.53439602 37.26073962 3.40000000
 C	34.99107381 37.38948864 3.40000000
 C	37.44775160 37.51823767 3.40000000
 C	39.90425742 37.64697768 3.40000000
 C	42.36093521 37.77572671 3.40000000
 C	44.81755568 37.90447274 3.40000000
 C	-6.77141680 35.20080925 3.40000000
 C	47.27411882 38.03321575 3.40000000
 C	3.05495042 35.71578734 3.40000000
 C	49.73079661 38.16196478 3.40000000
 C	52.18747440 38.29071381 3.40000000
 C	54.64398022 38.41945382 3.40000000
 C	57.10065801 38.54820285 3.40000000
 C	59.55727848 38.67694887 3.40000000
 C	62.01384162 38.80569189 3.40000000
 C	-9.22809459 35.07206022 3.40000000
 C	5.51162821 35.84453636 3.40000000
 C	7.96830600 35.97328539 3.40000000
 C	9.15933234 36.74688382 3.40000000
 C	-3.12371267 36.10315671 3.40000000
 C	-0.66703488 36.23190574 3.40000000
 C	11.61601013 36.87563285 3.40000000
 C	14.07268792 37.00438188 3.40000000
 C	16.52936571 37.13313091 3.40000000
 C	18.98587153 37.26187092 3.40000000
 C	21.44254932 37.39061995 3.40000000
 C	23.89905514 37.51935996 3.40000000
 C	26.35573293 37.64810899 3.40000000
 C	28.81241072 37.77685802 3.40000000
 C	31.26908851 37.90560704 3.40000000
 C	33.72559433 38.03434706 3.40000000
 C	-5.58039046 35.97440768 3.40000000
 C	1.78964291 36.36065477 3.40000000
 C	36.18227212 38.16309609 3.40000000
 C	38.63877794 38.29183610 3.40000000
 C	41.09545573 38.42058513 3.40000000
 C	43.55213352 38.54933416 3.40000000
 C	46.00881131 38.67808318 3.40000000
 C	48.46531713 38.80682320 3.40000000
 C	50.92199492 38.93557223 3.40000000
 C	53.37850074 39.06431224 3.40000000
 C	55.83517853 39.19306127 3.40000000
 C	58.29185632 39.32181030 3.40000000
 C	-8.03689628 35.84566767 3.40000000
 C	4.24614873 36.48939478 3.40000000
 C	60.74853411 39.45055932 3.40000000
 C	63.20503993 39.57929934 3.40000000
 C	6.70282652 36.61814381 3.40000000
 C	9.08509284 38.16510299 3.40000000
 C	-3.19812413 37.52136686 3.40000000
 C	-0.74144634 37.65011589 3.40000000
 C	11.54159867 38.29384300 3.40000000
 C	13.99827646 38.42259203 3.40000000
 C	16.45489692 38.55133805 3.40000000
 C	18.91146007 38.68008107 3.40000000
 C	21.36813786 38.80883010 3.40000000
 C	23.82481564 38.93757913 3.40000000
 C	26.28132147 39.06631914 3.40000000
 C	28.73799926 39.19506817 3.40000000
 C	31.19461972 39.32381419 3.40000000
 C	33.65118287 39.45255721 3.40000000
 C	-5.65462996 37.39262685 3.40000000
 C	1.71517412 37.77886192 3.40000000
 C	36.10786066 39.58130624 3.40000000
 C	38.56453844 39.71005527 3.40000000
 C	41.02104427 39.83879528 3.40000000
 C	43.47772206 39.96754431 3.40000000
 C	45.93434252 40.09629033 3.40000000
 C	48.39090567 40.22503335 3.40000000
 C	50.84758346 40.35378238 3.40000000
 C	53.30426125 40.48253141 3.40000000
 C	55.76076707 40.61127142 3.40000000
 C	58.21744486 40.74002045 3.40000000
 C	-8.11130774 37.26387782 3.40000000
 C	4.17173727 37.90760493 3.40000000
 C	60.67406532 40.86876647 3.40000000
 C	63.13062847 40.99750949 3.40000000
 C	6.62841506 38.03635396 3.40000000
 C	-2.00695188 38.29492317 3.40000000
 C	10.27609313 38.93865028 3.40000000
 C	12.73277092 39.06739930 3.40000000
 C	15.18944871 39.19614833 3.40000000
 C	17.64612650 39.32489736 3.40000000
 C	20.10263232 39.45363737 3.40000000
 C	22.55931011 39.58238640 3.40000000
 C	-4.46362967 38.16617414 3.40000000
 C	0.44972591 38.42367219 3.40000000
 C	25.01581593 39.71112642 3.40000000
 C	27.47249372 39.83987544 3.40000000
 C	29.92917151 39.96862447 3.40000000
 C	32.38584930 40.09737350 3.40000000
 C	34.84235512 40.22611351 3.40000000
 C	37.29903291 40.35486254 3.40000000
 C	39.75553873 40.48360256 3.40000000
 C	42.21221652 40.61235158 3.40000000
 C	44.66889431 40.74110061 3.40000000
 C	-6.92013549 38.03743412 3.40000000
 C	47.12557210 40.86984964 3.40000000
 C	2.90640370 38.55242122 3.40000000
 C	49.58207792 40.99858965 3.40000000
 C	52.03875571 41.12733868 3.40000000
 C	54.49526153 41.25607870 3.40000000
 C	56.95193932 41.38482772 3.40000000
 C	59.40861711 41.51357675 3.40000000
 C	61.86529490 41.64232578 3.40000000
 C	5.36290952 38.68116124 3.40000000
 C	7.81958731 38.80991026 3.40000000
 H	-37.99133656 -27.14388730 3.40000000
 H	-35.53471285 -27.01514112 3.40000000
 H	-33.07803506 -26.88639209 3.40000000
 H	-30.62137529 -26.75764401 3.40000000
 H	-28.16485145 -26.62890305 3.40000000
 H	-25.70817366 -26.50015402 3.40000000
 H	-23.25161376 -26.37141116 3.40000000
 H	-20.79499005 -26.24266498 3.40000000
 H	-18.33831226 -26.11391595 3.40000000
 H	-15.88165249 -25.98516787 3.40000000
 H	-13.42512864 -25.85642691 3.40000000
 H	-10.96845086 -25.72767788 3.40000000
 H	-8.51189096 -25.59893502 3.40000000
 H	-6.05526724 -25.47018884 3.40000000
 H	-3.59858946 -25.34143981 3.40000000
 H	-1.14192969 -25.21269173 3.40000000
 H	1.31459416 -25.08395077 3.40000000
 H	3.77127194 -24.95520174 3.40000000
 H	6.22783184 -24.82645888 3.40000000
 H	8.68445556 -24.69771270 3.40000000
 H	11.14113334 -24.56896367 3.40000000
 H	13.59779311 -24.44021559 3.40000000
 H	16.05431696 -24.31147463 3.40000000
 H	18.51099474 -24.18272560 3.40000000
 H	20.96755464 -24.05398275 3.40000000
 H	23.42417836 -23.92523656 3.40000000
 H	25.88085614 -23.79648753 3.40000000
 H	28.33751591 -23.66773945 3.40000000
 H	30.79403976 -23.53899849 3.40000000
 H	32.80182554 -22.23512716 3.40000000
 H	33.91863992 -20.04325552 3.40000000
 H	35.03542529 -17.85144081 3.40000000
 H	36.15226425 -15.65952093 3.40000000
 H	37.26908536 -13.46763611 3.40000000
 H	38.38586402 -11.27583459 3.40000000
 H	39.50270298 -9.08391470 3.40000000
 H	40.61951736 -6.89204306 3.40000000
 H	41.73630273 -4.70022836 3.40000000
 H	42.85314169 -2.50830847 3.40000000
 H	43.96996280 -0.31642365 3.40000000
 H	45.08674146 1.87537787 3.40000000
 H	46.20358042 4.06729775 3.40000000
 H	47.32039480 6.25916940 3.40000000
 H	48.43718017 8.45098410 3.40000000
 H	49.55401913 10.64290399 3.40000000
 H	50.67084024 12.83478881 3.40000000
 H	51.78761890 15.02659033 3.40000000
 H	52.90445786 17.21851021 3.40000000
 H	54.02127224 19.41038185 3.40000000
 H	55.13805761 21.60219656 3.40000000
 H	56.25489657 23.79411645 3.40000000
 H	57.37171768 25.98600127 3.40000000
 H	58.48849634 28.17780278 3.40000000
 H	59.60533530 30.36972267 3.40000000
 H	60.72214968 32.56159431 3.40000000
 H	61.83893505 34.75340902 3.40000000
 H	62.95577401 36.94532890 3.40000000
 H	64.07259512 39.13721373 3.40000000
 H	63.94724201 41.52782452 3.40000000
 H	61.81429608 42.61468930 3.40000000
 H	59.35765759 42.48594233 3.40000000
 H	56.90097980 42.35719330 3.40000000
 H	54.44441990 42.22845044 3.40000000
 H	51.98779619 42.09970426 3.40000000
 H	49.53111840 41.97095523 3.40000000
 H	47.07457328 41.84221316 3.40000000
 H	44.61793479 41.71346619 3.40000000
 H	42.16125700 41.58471716 3.40000000
 H	39.70469710 41.45597430 3.40000000
 H	37.24807339 41.32722812 3.40000000
 H	34.79139560 41.19847909 3.40000000
 H	32.33485048 41.06973702 3.40000000
 H	29.87821199 40.94099005 3.40000000
 H	27.42153420 40.81224102 3.40000000
 H	24.96497430 40.68349816 3.40000000
 H	22.50835059 40.55475198 3.40000000
 H	20.05167280 40.42600295 3.40000000
 H	17.59512768 40.29726088 3.40000000
 H	15.13848919 40.16851391 3.40000000
 H	12.68181140 40.03976488 3.40000000
 H	10.22525150 39.91102202 3.40000000
 H	7.76862779 39.78227584 3.40000000
 H	5.31195000 39.65352681 3.40000000
 H	2.85540488 39.52478474 3.40000000
 H	0.39876639 39.39603777 3.40000000
 H	-2.05791140 39.26728874 3.40000000
 H	-4.51447130 39.13854588 3.40000000
 H	-6.97109501 39.00979970 3.40000000
 H	-8.97888080 37.70592837 3.40000000
 H	-10.09564978 35.51414584 3.40000000
 H	-11.21248055 33.32224202 3.40000000
 H	-12.32931951 31.13032214 3.40000000
 H	-13.44613390 28.93845050 3.40000000
 H	-14.56291928 26.74663580 3.40000000
 H	-15.67975824 24.55471591 3.40000000
 H	-16.79652722 22.36293338 3.40000000
 H	-17.91335799 20.17102957 3.40000000
 H	-19.03019695 17.97910968 3.40000000
 H	-20.14701134 15.78723804 3.40000000
 H	-21.26379672 13.59542334 3.40000000
 H	-22.38063568 11.40350346 3.40000000
 H	-23.49740466 9.21172092 3.40000000
 H	-24.61423543 7.01981711 3.40000000
 H	-25.73107439 4.82789722 3.40000000
 H	-26.84788878 2.63602558 3.40000000
 H	-27.96467416 0.44421088 3.40000000
 H	-29.08151312 -1.74770900 3.40000000
 H	-30.19828210 -3.93949154 3.40000000
 H	-31.31511287 -6.13139535 3.40000000
 H	-32.43195183 -8.32331524 3.40000000
 H	-33.54876622 -10.51518688 3.40000000
 H	-34.66555160 -12.70700158 3.40000000
 H	-35.78239056 -14.89892146 3.40000000
 H	-36.89915954 -17.09070399 3.40000000
 H	-38.01599030 -19.28260781 3.40000000
 H	-39.13282927 -21.47452769 3.40000000
 H	-40.24964366 -23.66639934 3.40000000
 H	-40.12429726 -26.05702331 3.40000000
