 C	9.04475431 -22.38655249 3.40000000
 C	-2.35951586 -26.99417673 3.40000000
 C	20.44913093 -17.77888525 3.40000000
 C	-4.64043376 -27.91572738 3.40000000
 C	22.72994239 -16.85737760 3.40000000
 C	-6.92124522 -28.83723502 3.40000000
 C	25.01086029 -15.93582695 3.40000000
 C	-9.20210990 -29.75876417 3.40000000
 C	27.29177819 -15.01427630 3.40000000
 C	-11.48302780 -30.68031482 3.40000000
 C	29.57253643 -14.09279016 3.40000000
 C	6.76394285 -23.30806014 3.40000000
 C	-13.76378604 -31.60180097 3.40000000
 C	31.85345433 -13.17123951 3.40000000
 C	11.32567221 -21.46500184 3.40000000
 C	-16.04470394 -32.52335162 3.40000000
 C	34.13431901 -12.24971036 3.40000000
 C	-18.32562184 -33.44490227 3.40000000
 C	36.41513046 -11.32820271 3.40000000
 C	-20.60643330 -34.36640991 3.40000000
 C	-22.88729798 -35.28793906 3.40000000
 C	-25.16821588 -36.20948971 3.40000000
 C	-27.44897412 -37.13097585 3.40000000
 C	4.48307817 -24.22958928 3.40000000
 C	13.60659011 -20.54345119 3.40000000
 C	2.20216027 -25.15113993 3.40000000
 C	15.88734835 -19.62196505 3.40000000
 C	-0.07859796 -26.07262608 3.40000000
 C	18.16826625 -18.70041440 3.40000000
 C	-1.48508567 -25.87495713 3.40000000
 C	19.04269644 -17.58119479 3.40000000
 C	7.63842627 -22.18881903 3.40000000
 C	9.91918451 -21.26733289 3.40000000
 C	-3.76600357 -26.79650778 3.40000000
 C	21.32361434 -16.65964414 3.40000000
 C	-6.04676181 -27.71799392 3.40000000
 C	23.60437258 -15.73815800 3.40000000
 C	-8.32767971 -28.63954457 3.40000000
 C	25.88529048 -14.81660735 3.40000000
 C	-10.60859761 -29.56109522 3.40000000
 C	28.16604872 -13.89512121 3.40000000
 C	-12.88951551 -30.48264587 3.40000000
 C	30.44696662 -12.97357056 3.40000000
 C	-15.17027375 -31.40413201 3.40000000
 C	32.72788452 -12.05201990 3.40000000
 C	-17.45119165 -32.32568266 3.40000000
 C	35.00880242 -11.13046925 3.40000000
 C	-19.73194989 -33.24716881 3.40000000
 C	37.28956066 -10.20898311 3.40000000
 C	-22.01286778 -34.16871946 3.40000000
 C	-24.29378568 -35.09027011 3.40000000
 C	5.35750837 -23.11036968 3.40000000
 C	12.20010241 -20.34578224 3.40000000
 C	-26.57470358 -36.01182076 3.40000000
 C	-28.85546182 -36.93330690 3.40000000
 C	3.07659047 -24.03192033 3.40000000
 C	14.48086064 -19.42429609 3.40000000
 C	0.79567257 -24.95347098 3.40000000
 C	16.76177854 -18.50274544 3.40000000
 C	-2.01714319 -24.55806856 3.40000000
 C	18.51063893 -16.26430623 3.40000000
 C	7.10631553 -20.87195197 3.40000000
 C	9.38712699 -19.95044432 3.40000000
 C	-4.29806109 -25.47961921 3.40000000
 C	20.79150361 -15.34277708 3.40000000
 C	-6.57887255 -26.40112686 3.40000000
 C	23.07231506 -14.42126943 3.40000000
 C	-8.85973723 -27.32265600 3.40000000
 C	25.35323296 -13.49971878 3.40000000
 C	-11.14065513 -28.24420665 3.40000000
 C	27.63415086 -12.57816813 3.40000000
 C	-13.42141336 -29.16569280 3.40000000
 C	29.91490910 -11.65668199 3.40000000
 C	-15.70233126 -30.08724345 3.40000000
 C	32.19582700 -10.73513134 3.40000000
 C	-17.98324916 -31.00879410 3.40000000
 C	34.47669168 -9.81360219 3.40000000
 C	-20.26406062 -31.93030174 3.40000000
 C	36.75750314 -8.89209455 3.40000000
 C	-22.54492530 -32.85183089 3.40000000
 C	-24.82584320 -33.77338154 3.40000000
 C	4.82545085 -21.79348112 3.40000000
 C	11.66804489 -19.02889367 3.40000000
 C	-27.10660144 -34.69486769 3.40000000
 C	-29.38751934 -35.61641834 3.40000000
 C	2.54453295 -22.71503177 3.40000000
 C	13.94896279 -18.10734302 3.40000000
 C	0.26377471 -23.63651791 3.40000000
 C	16.22972103 -17.18585688 3.40000000
 C	7.98077498 -19.75288139 3.40000000
 C	-3.42365486 -24.36057013 3.40000000
 C	19.38504515 -15.14525715 3.40000000
 C	-5.70441310 -25.28205627 3.40000000
 C	21.66596305 -14.22370650 3.40000000
 C	-7.98533100 -26.20360693 3.40000000
 C	23.94672129 -13.30222036 3.40000000
 C	-10.26624890 -27.12515758 3.40000000
 C	26.22763919 -12.38066970 3.40000000
 C	28.50839743 -11.45918356 3.40000000
 C	-12.54716680 -28.04670823 3.40000000
 C	5.69985708 -20.67443204 3.40000000
 C	10.26153322 -18.83139524 3.40000000
 C	-14.82792504 -28.96819437 3.40000000
 C	30.78931533 -10.53763291 3.40000000
 C	-17.10884294 -29.88974502 3.40000000
 C	33.07023323 -9.61608226 3.40000000
 C	-19.38960117 -30.81123116 3.40000000
 C	35.35115113 -8.69453161 3.40000000
 C	-21.67051907 -31.73278181 3.40000000
 C	37.63190937 -7.77304547 3.40000000
 C	-23.95143697 -32.65433246 3.40000000
 C	-26.23235487 -33.57588311 3.40000000
 C	-28.51311311 -34.49736926 3.40000000
 C	3.41893918 -21.59598269 3.40000000
 C	12.54245112 -17.90984459 3.40000000
 C	14.82320935 -16.98835845 3.40000000
 C	1.13802128 -22.51753334 3.40000000
 C	-1.14273696 -23.43901948 3.40000000
 C	17.10412725 -16.06680780 3.40000000
 C	7.44866424 -18.43601432 3.40000000
 C	-3.95571238 -23.04368157 3.40000000
 C	18.85298764 -13.82836858 3.40000000
 C	-6.23652384 -23.96518921 3.40000000
 C	21.13385232 -12.90683944 3.40000000
 C	-8.51738851 -24.88671836 3.40000000
 C	23.41466378 -11.98533179 3.40000000
 C	-10.79830641 -25.80826901 3.40000000
 C	25.69558168 -11.06378114 3.40000000
 C	-13.07906465 -26.72975515 3.40000000
 C	27.97649957 -10.14223049 3.40000000
 C	5.16779956 -19.35754347 3.40000000
 C	9.72947570 -17.51450668 3.40000000
 C	-15.35998255 -27.65130580 3.40000000
 C	30.25725781 -9.22074435 3.40000000
 C	-17.64090045 -28.57285645 3.40000000
 C	32.53817571 -8.29919370 3.40000000
 C	-19.92171191 -29.49436410 3.40000000
 C	34.81904039 -7.37766455 3.40000000
 C	-22.20257659 -30.41589325 3.40000000
 C	37.09985185 -6.45615690 3.40000000
 C	-24.48349449 -31.33744390 3.40000000
 C	-26.76425273 -32.25893004 3.40000000
 C	-29.04517063 -33.18048069 3.40000000
 C	2.88688166 -20.27909412 3.40000000
 C	12.01039360 -16.59295603 3.40000000
 C	0.60612342 -21.20058027 3.40000000
 C	14.29131150 -15.67140538 3.40000000
 C	-1.67479448 -22.12213092 3.40000000
 C	16.57206974 -14.74991923 3.40000000
 C	-3.08128219 -21.92446195 3.40000000
 C	17.44649993 -13.63069962 3.40000000
 C	6.04222975 -18.23832386 3.40000000
 C	8.32314765 -17.31677321 3.40000000
 C	-5.36204043 -22.84594810 3.40000000
 C	19.72741783 -12.70914897 3.40000000
 C	-7.64295833 -23.76749875 3.40000000
 C	22.00833573 -11.78759832 3.40000000
 C	-9.92387622 -24.68904940 3.40000000
 C	24.28909396 -10.86611218 3.40000000
 C	-12.20479412 -25.61060005 3.40000000
 C	26.57001186 -9.94456153 3.40000000
 C	-14.48555236 -26.53208619 3.40000000
 C	28.85077010 -9.02307538 3.40000000
 C	-16.76647026 -27.45363684 3.40000000
 C	31.13168800 -8.10152473 3.40000000
 C	-19.04722850 -28.37512298 3.40000000
 C	33.41260590 -7.17997408 3.40000000
 C	-21.32814640 -29.29667364 3.40000000
 C	35.69352380 -6.25842343 3.40000000
 C	-23.60906430 -30.21822429 3.40000000
 C	37.97428204 -5.33693729 3.40000000
 C	-25.88998220 -31.13977494 3.40000000
 C	3.76131185 -19.15987451 3.40000000
 C	10.60390589 -16.39528707 3.40000000
 C	-28.17074044 -32.06126108 3.40000000
 C	1.48039395 -20.08142516 3.40000000
 C	12.88482379 -15.47373641 3.40000000
 C	-0.80036429 -21.00291130 3.40000000
 C	15.16558203 -14.55225027 3.40000000
 C	-3.61333970 -20.60757340 3.40000000
 C	16.91444241 -12.31381107 3.40000000
 C	5.51017224 -16.92143530 3.40000000
 C	7.79103692 -15.99990615 3.40000000
 C	-5.89415116 -21.52908104 3.40000000
 C	19.19536031 -11.39226041 3.40000000
 C	-8.17501584 -22.45061019 3.40000000
 C	21.47622499 -10.47073127 3.40000000
 C	-10.45593374 -23.37216084 3.40000000
 C	23.75703645 -9.54922362 3.40000000
 C	-12.73669198 -24.29364698 3.40000000
 C	26.03795435 -8.62767297 3.40000000
 C	-15.01760988 -25.21519764 3.40000000
 C	28.31887225 -7.70612232 3.40000000
 C	-17.29852778 -26.13674829 3.40000000
 C	30.59963049 -6.78463618 3.40000000
 C	-19.57933924 -27.05825593 3.40000000
 C	32.88054839 -5.86308553 3.40000000
 C	-21.86020391 -27.97978508 3.40000000
 C	35.16141307 -4.94155638 3.40000000
 C	-24.14112181 -28.90133573 3.40000000
 C	37.44222453 -4.02004873 3.40000000
 C	-26.42188005 -29.82282187 3.40000000
 C	3.22925434 -17.84298595 3.40000000
 C	10.07184838 -15.07839851 3.40000000
 C	-28.70279795 -30.74437252 3.40000000
 C	0.94849610 -18.76447210 3.40000000
 C	12.35276628 -14.15684786 3.40000000
 C	-1.33242180 -19.68602275 3.40000000
 C	14.63368418 -13.23529721 3.40000000
 C	6.38460243 -15.80221569 3.40000000
 C	-5.01966775 -20.40983993 3.40000000
 C	17.78887260 -11.19459145 3.40000000
 C	-7.30058565 -21.33139058 3.40000000
 C	20.06979050 -10.27304080 3.40000000
 C	-9.58150355 -22.25294123 3.40000000
 C	22.35070840 -9.35149015 3.40000000
 C	-11.86242145 -23.17449188 3.40000000
 C	24.63146664 -8.43000401 3.40000000
 C	-14.14317969 -24.09597802 3.40000000
 C	26.91238454 -7.50845336 3.40000000
 C	4.10368453 -16.72376634 3.40000000
 C	-16.42409759 -25.01752867 3.40000000
 C	29.19314278 -6.58696721 3.40000000
 C	8.66552033 -14.88066504 3.40000000
 C	-18.70485583 -25.93901482 3.40000000
 C	31.47406068 -5.66541656 3.40000000
 C	-20.98577372 -26.86056547 3.40000000
 C	33.75497858 -4.74386591 3.40000000
 C	-23.26669162 -27.78211612 3.40000000
 C	36.03589648 -3.82231526 3.40000000
 C	-25.54760952 -28.70366677 3.40000000
 C	38.31665472 -2.90082912 3.40000000
 C	-27.82836776 -29.62515291 3.40000000
 C	1.82276663 -17.64531699 3.40000000
 C	10.94627857 -13.95917890 3.40000000
 C	-0.45799161 -18.56680313 3.40000000
 C	13.22719647 -13.03762825 3.40000000
 C	-2.73890951 -19.48835378 3.40000000
 C	15.50795470 -12.11614210 3.40000000
 C	5.85253692 -14.48538397 3.40000000
 C	-5.55178647 -19.09302971 3.40000000
 C	17.25680710 -9.87775973 3.40000000
 C	-7.83265115 -20.01455885 3.40000000
 C	19.53772500 -8.95620908 3.40000000
 C	-10.11356905 -20.93610951 3.40000000
 C	21.81858968 -8.03467993 3.40000000
 C	-12.39432729 -21.85759565 3.40000000
 C	24.09940114 -7.11317228 3.40000000
 C	-14.67524519 -22.77914630 3.40000000
 C	26.38031904 -6.19162163 3.40000000
 C	-16.95616309 -23.70069695 3.40000000
 C	3.57161902 -15.40693462 3.40000000
 C	28.66123694 -5.27007098 3.40000000
 C	8.13340160 -13.56385482 3.40000000
 C	-19.23697455 -24.62220459 3.40000000
 C	30.94199517 -4.34858484 3.40000000
 C	-21.51783923 -25.54373374 3.40000000
 C	33.22291307 -3.42703419 3.40000000
 C	-23.79875713 -26.46528439 3.40000000
 C	35.50377775 -2.50550504 3.40000000
 C	-26.07951537 -27.38677054 3.40000000
 C	37.78458921 -1.58399740 3.40000000
 C	-28.36043327 -28.30832119 3.40000000
 C	1.29086078 -16.32842076 3.40000000
 C	10.41421306 -12.64234717 3.40000000
 C	-0.99005712 -17.24997141 3.40000000
 C	12.69513096 -11.72079652 3.40000000
 C	-3.27097502 -18.17152206 3.40000000
 C	14.97604886 -10.79924587 3.40000000
 C	-4.67729507 -17.97373176 3.40000000
 C	15.85032738 -9.68003393 3.40000000
 C	4.44605720 -14.28765817 3.40000000
 C	6.72697510 -13.36610752 3.40000000
 C	-6.95821297 -18.89528241 3.40000000
 C	18.13124528 -8.75848328 3.40000000
 C	-9.23913087 -19.81683306 3.40000000
 C	20.41216318 -7.83693263 3.40000000
 C	-11.52004877 -20.73838371 3.40000000
 C	22.69308108 -6.91538198 3.40000000
 C	-13.80080701 -21.65986985 3.40000000
 C	24.97383932 -5.99389584 3.40000000
 C	-16.08172491 -22.58142050 3.40000000
 C	27.25475722 -5.07234519 3.40000000
 C	-18.36248315 -23.50290665 3.40000000
 C	29.53551546 -4.15085905 3.40000000
 C	-20.64340105 -24.42445730 3.40000000
 C	31.81643336 -3.22930840 3.40000000
 C	-22.92431895 -25.34600795 3.40000000
 C	34.09735126 -2.30775775 3.40000000
 C	-25.20523685 -26.26755860 3.40000000
 C	36.37826915 -1.38620709 3.40000000
 C	-27.48599509 -27.18904474 3.40000000
 C	38.65902739 -0.46472095 3.40000000
 C	2.16513930 -15.20920882 3.40000000
 C	9.00789300 -12.44455687 3.40000000
 C	-0.11561893 -16.13069497 3.40000000
 C	11.28865124 -11.52307073 3.40000000
 C	-2.39653683 -17.05224562 3.40000000
 C	13.56956914 -10.60152008 3.40000000
 C	-5.20942978 -16.65703522 3.40000000
 C	15.31840556 -8.36325139 3.40000000
 C	3.91397572 -12.97094013 3.40000000
 C	6.19489362 -12.04938948 3.40000000
 C	-7.49029445 -17.57856437 3.40000000
 C	17.59916380 -7.44176524 3.40000000
 C	-9.77121235 -18.50011502 3.40000000
 C	19.88008170 -6.52021459 3.40000000
 C	-12.05197059 -19.42160116 3.40000000
 C	22.16094638 -5.59868544 3.40000000
 C	-14.33288849 -20.34315181 3.40000000
 C	24.44175784 -4.67717780 3.40000000
 C	-16.61380639 -21.26470246 3.40000000
 C	26.72267573 -3.75562715 3.40000000
 C	-18.89461785 -22.18621011 3.40000000
 C	29.00359363 -2.83407650 3.40000000
 C	-21.17548253 -23.10773926 3.40000000
 C	31.28435187 -1.91259035 3.40000000
 C	-23.45640043 -24.02928991 3.40000000
 C	33.56526977 -0.99103970 3.40000000
 C	-25.73715867 -24.95077605 3.40000000
 C	35.84613445 -0.06951056 3.40000000
 C	-28.01807657 -25.87232670 3.40000000
 C	38.12694591 0.85199709 3.40000000
 C	1.63321748 -13.89242627 3.40000000
 C	8.47575830 -11.12786033 3.40000000
 C	-0.64770042 -14.81397692 3.40000000
 C	10.75656976 -10.20635269 3.40000000
 C	-2.92861832 -15.73552758 3.40000000
 C	13.03748766 -9.28480204 3.40000000
 C	4.78840591 -11.85172053 3.40000000
 C	-6.61586426 -16.45934477 3.40000000
 C	16.19267609 -7.24409629 3.40000000
 C	-8.89678216 -17.38089542 3.40000000
 C	18.47359399 -6.32254564 3.40000000
 C	-11.17770006 -18.30244607 3.40000000
 C	20.75451189 -5.40099499 3.40000000
 C	-13.45845830 -19.22393221 3.40000000
 C	23.03542979 -4.47944434 3.40000000
 C	-15.73937620 -20.14548286 3.40000000
 C	25.31618803 -3.55795820 3.40000000
 C	-18.02013444 -21.06696900 3.40000000
 C	27.59710593 -2.63640755 3.40000000
 C	2.50748801 -12.77327118 3.40000000
 C	7.06932381 -10.93016988 3.40000000
 C	-20.30105234 -21.98851965 3.40000000
 C	29.87786417 -1.71492140 3.40000000
 C	-22.58197024 -22.91007030 3.40000000
 C	32.15878207 -0.79337075 3.40000000
 C	-24.86288814 -23.83162095 3.40000000
 C	34.43969997 0.12817990 3.40000000
 C	-27.14364638 -24.75310710 3.40000000
 C	36.72061787 1.04973055 3.40000000
 C	39.00137610 1.97121669 3.40000000
 C	0.22672978 -13.69475732 3.40000000
 C	9.35024171 -10.00861923 3.40000000
 C	-2.05418812 -14.61630797 3.40000000
 C	11.63099995 -9.08713308 3.40000000
 C	-4.33494636 -15.53779412 3.40000000
 C	13.91191785 -8.16558243 3.40000000
 C	4.25634840 -10.53483196 3.40000000
 C	-7.14792178 -15.14245620 3.40000000
 C	15.66077824 -5.92714322 3.40000000
 C	-9.42883968 -16.06400685 3.40000000
 C	17.94153647 -5.00565707 3.40000000
 C	-11.70959792 -16.98549299 3.40000000
 C	20.22245437 -4.08410642 3.40000000
 C	-13.99051582 -17.90704364 3.40000000
 C	22.50331905 -3.16257728 3.40000000
 C	-16.27143372 -18.82859429 3.40000000
 C	24.78413051 -2.24106963 3.40000000
 C	1.97559016 -11.45631811 3.40000000
 C	-18.55224518 -19.75010194 3.40000000
 C	27.06504841 -1.31951898 3.40000000
 C	6.53726630 -9.61328131 3.40000000
 C	-20.83310985 -20.67163109 3.40000000
 C	29.34596631 -0.39796833 3.40000000
 C	-23.11402775 -21.59318174 3.40000000
 C	31.62672455 0.52351781 3.40000000
 C	-25.39478599 -22.51466788 3.40000000
 C	33.90764245 1.44506846 3.40000000
 C	-27.67570389 -23.43621853 3.40000000
 C	36.18850713 2.36659761 3.40000000
 C	38.46931859 3.28810526 3.40000000
 C	-0.30532774 -12.37786876 3.40000000
 C	8.81813098 -8.69175216 3.40000000
 C	-2.58624564 -13.29941941 3.40000000
 C	11.09894244 -7.77024452 3.40000000
 C	-4.86705710 -14.22092705 3.40000000
 C	13.37986034 -6.84869387 3.40000000
 C	-6.27349159 -14.02323660 3.40000000
 C	14.25429053 -5.72947426 3.40000000
 C	2.84986069 -10.33716301 3.40000000
 C	5.13077859 -9.41561236 3.40000000
 C	-8.55440949 -14.94478725 3.40000000
 C	16.53504877 -4.80798812 3.40000000
 C	-10.83532738 -15.86633790 3.40000000
 C	18.81596667 -3.88643747 3.40000000
 C	-13.11608562 -16.78782404 3.40000000
 C	21.09688457 -2.96488682 3.40000000
 C	-15.39700352 -17.70937469 3.40000000
 C	23.37780247 -2.04333617 3.40000000
 C	-17.67776176 -18.63086083 3.40000000
 C	25.65856070 -1.12185003 3.40000000
 C	-19.95867966 -19.55241149 3.40000000
 C	27.93947860 -0.20029938 3.40000000
 C	-22.23959756 -20.47396214 3.40000000
 C	30.22023684 0.72118677 3.40000000
 C	-24.52051546 -21.39551279 3.40000000
 C	32.50115474 1.64273742 3.40000000
 C	-26.80127370 -22.31699893 3.40000000
 C	34.78207264 2.56428807 3.40000000
 C	37.06299054 3.48583872 3.40000000
 C	0.56910245 -11.25864915 3.40000000
 C	7.41169649 -8.49406171 3.40000000
 C	39.34374878 4.40732486 3.40000000
 C	-1.71181545 -12.18019980 3.40000000
 C	9.69261439 -7.57251106 3.40000000
 C	-3.99257369 -13.10168595 3.40000000
 C	11.97337263 -6.65102492 3.40000000
 C	-6.80554910 -12.70634803 3.40000000
 C	13.72223301 -4.41258570 3.40000000
 C	2.31796284 -9.02020994 3.40000000
 C	4.59872107 -8.09872379 3.40000000
 C	-9.08646700 -13.62789868 3.40000000
 C	16.00315091 -3.49103505 3.40000000
 C	-11.36722524 -14.54938483 3.40000000
 C	18.28390915 -2.56954891 3.40000000
 C	-13.64814314 -15.47093548 3.40000000
 C	20.56482705 -1.64799826 3.40000000
 C	-15.92906104 -16.39248613 3.40000000
 C	22.84569173 -0.72646911 3.40000000
 C	-18.20987250 -17.31399377 3.40000000
 C	25.12650319 0.19503854 3.40000000
 C	-20.49073718 -18.23552292 3.40000000
 C	27.40742109 1.11658919 3.40000000
 C	-22.77165508 -19.15707357 3.40000000
 C	29.68833899 2.03813984 3.40000000
 C	-25.05241332 -20.07855971 3.40000000
 C	31.96909723 2.95962598 3.40000000
 C	-27.33333122 -21.00011036 3.40000000
 C	34.25001513 3.88117663 3.40000000
 C	36.53087980 4.80270578 3.40000000
 C	0.03704494 -9.94176059 3.40000000
 C	6.87963897 -7.17717314 3.40000000
 C	38.81169126 5.72421343 3.40000000
 C	-2.24387296 -10.86331124 3.40000000
 C	9.16050365 -6.25564400 3.40000000
 C	-4.52468442 -11.78481888 3.40000000
 C	11.44131511 -5.33413635 3.40000000
 C	3.19220940 -7.90122537 3.40000000
 C	-8.21206077 -12.50884960 3.40000000
 C	14.59663924 -3.29353662 3.40000000
 C	16.87739748 -2.37205048 3.40000000
 C	-10.49297867 -13.43040025 3.40000000
 C	-12.77373691 -14.35188640 3.40000000
 C	19.15831538 -1.45049983 3.40000000
 C	-15.05465481 -15.27343705 3.40000000
 C	21.43923328 -0.52894918 3.40000000
 C	-17.33541305 -16.19492319 3.40000000
 C	23.72015118 0.39260147 3.40000000
 C	0.91145116 -8.82271151 3.40000000
 C	5.47312730 -6.97967472 3.40000000
 C	-19.61633095 -17.11647384 3.40000000
 C	26.00090942 1.31408762 3.40000000
 C	-21.89724885 -18.03802449 3.40000000
 C	28.28182732 2.23563827 3.40000000
 C	30.56258555 3.15712441 3.40000000
 C	-24.17816675 -18.95957514 3.40000000
 C	-26.45892499 -19.88106129 3.40000000
 C	32.84350345 4.07867506 3.40000000
 C	35.12442135 5.00022571 3.40000000
 C	37.40533925 5.92177636 3.40000000
 C	39.68609749 6.84326251 3.40000000
 C	-1.36946674 -9.74426216 3.40000000
 C	7.75404520 -6.05812406 3.40000000
 C	-3.65022497 -10.66574830 3.40000000
 C	10.03496310 -5.13657341 3.40000000
 C	-5.93114287 -11.58729895 3.40000000
 C	12.31572134 -4.21508727 3.40000000
 C	2.66031155 -6.58427229 3.40000000
 C	-8.74411829 -11.19196104 3.40000000
 C	14.06458172 -1.97664806 3.40000000
 C	-11.02487653 -12.11344718 3.40000000
 C	16.34549962 -1.05509740 3.40000000
 C	-13.30579443 -13.03499783 3.40000000
 C	18.62625786 -0.13361126 3.40000000
 C	-15.58671233 -13.95654848 3.40000000
 C	20.90717576 0.78793939 3.40000000
 C	-17.86752379 -14.87805613 3.40000000
 C	23.18804044 1.70946854 3.40000000
 C	0.37939365 -7.50582294 3.40000000
 C	4.94106978 -5.66278615 3.40000000
 C	-20.14838847 -15.79958528 3.40000000
 C	25.46885190 2.63097618 3.40000000
 C	-22.42930637 -16.72113593 3.40000000
 C	27.74976980 3.55252683 3.40000000
 C	-24.71006461 -17.64262207 3.40000000
 C	30.03068770 4.47407748 3.40000000
 C	-26.99098251 -18.56417272 3.40000000
 C	32.31144594 5.39556363 3.40000000
 C	34.59236384 6.31711428 3.40000000
 C	36.87322852 7.23864342 3.40000000
 C	39.15403997 8.16015107 3.40000000
 C	-1.90152425 -8.42737359 3.40000000
 C	7.22198768 -4.74123550 3.40000000
 C	-4.18233571 -9.34888124 3.40000000
 C	9.50285236 -3.81970635 3.40000000
 C	-6.46320039 -10.27041039 3.40000000
 C	11.78366382 -2.89819871 3.40000000
 C	-7.86968810 -10.07274143 3.40000000
 C	12.65809401 -1.77897909 3.40000000
 C	1.25382384 -6.38660333 3.40000000
 C	3.53458207 -5.46511719 3.40000000
 C	-10.15060600 -10.99429208 3.40000000
 C	14.93901191 -0.85742844 3.40000000
 C	-12.43136424 -11.91577822 3.40000000
 C	17.21977015 0.06405770 3.40000000
 C	-14.71228214 -12.83732887 3.40000000
 C	19.50068805 0.98560835 3.40000000
 C	-16.99304038 -13.75881501 3.40000000
 C	21.78160595 1.90715900 3.40000000
 C	-19.27395828 -14.68036566 3.40000000
 C	24.06252385 2.82870965 3.40000000
 C	-21.55487618 -15.60191631 3.40000000
 C	26.34328209 3.75019579 3.40000000
 C	-23.83579408 -16.52346696 3.40000000
 C	28.62419999 4.67174645 3.40000000
 C	-26.11655232 -17.44495311 3.40000000
 C	30.90495823 5.59323259 3.40000000
 C	33.18587613 6.51478324 3.40000000
 C	35.46679403 7.43633389 3.40000000
 C	-1.02709406 -7.30815398 3.40000000
 C	5.81549997 -4.54356654 3.40000000
 C	37.74771193 8.35788454 3.40000000
 C	40.02847016 9.27937068 3.40000000
 C	-3.30785230 -8.22964012 3.40000000
 C	8.09641787 -3.62201589 3.40000000
 C	-5.58877020 -9.15119078 3.40000000
 C	10.37733577 -2.70046524 3.40000000
 C	-8.40174561 -8.75585287 3.40000000
 C	12.12603650 -0.46209054 3.40000000
 C	0.72176632 -5.06971477 3.40000000
 C	3.00268422 -4.14816412 3.40000000
 C	-10.68250385 -9.67733901 3.40000000
 C	14.40695440 0.45946011 3.40000000
 C	-12.96342175 -10.59888966 3.40000000
 C	16.68787230 1.38101076 3.40000000
 C	-15.24433965 -11.52044031 3.40000000
 C	18.96863054 2.30249691 3.40000000
 C	-17.52515111 -12.44194796 3.40000000
 C	21.24954844 3.22404756 3.40000000
 C	-19.80601579 -13.36347711 3.40000000
 C	23.53041312 4.14557671 3.40000000
 C	-22.08693369 -14.28502776 3.40000000
 C	25.81122458 5.06708435 3.40000000
 C	-24.36769193 -15.20651390 3.40000000
 C	28.09214247 5.98863500 3.40000000
 C	-26.64860983 -16.12806455 3.40000000
 C	30.37306037 6.91018565 3.40000000
 C	32.65381861 7.83167180 3.40000000
 C	34.93473651 8.75322245 3.40000000
 C	-1.55915158 -5.99126543 3.40000000
 C	5.28344246 -3.22667798 3.40000000
 C	37.21560119 9.67475159 3.40000000
 C	39.49641265 10.59625924 3.40000000
 C	-3.83996304 -6.91277307 3.40000000
 C	7.56436036 -2.30512733 3.40000000
 C	-6.12082772 -7.83430222 3.40000000
 C	9.84522504 -1.38359818 3.40000000
 C	1.59619651 -3.95049516 3.40000000
 C	-9.80823332 -8.55818391 3.40000000
 C	13.00046669 0.65712908 3.40000000
 C	-12.08899156 -9.47967005 3.40000000
 C	15.28138459 1.57867973 3.40000000
 C	-14.36990946 -10.40122070 3.40000000
 C	17.56214283 2.50016587 3.40000000
 C	-16.65066770 -11.32270684 3.40000000
 C	19.84306073 3.42171652 3.40000000
 C	-18.93158560 -12.24425749 3.40000000
 C	22.12397863 4.34326717 3.40000000
 C	-0.68472139 -4.87204581 3.40000000
 C	3.87695475 -3.02900902 3.40000000
 C	-21.21250350 -13.16580815 3.40000000
 C	24.40489653 5.26481782 3.40000000
 C	-23.49342140 -14.08735880 3.40000000
 C	26.68565476 6.18630396 3.40000000
 C	-25.77417964 -15.00884494 3.40000000
 C	28.96657266 7.10785461 3.40000000
 C	31.24733090 8.02934076 3.40000000
 C	33.52824880 8.95089141 3.40000000
 C	35.80916670 9.87244206 3.40000000
 C	38.09008460 10.79399271 3.40000000
 C	40.37084284 11.71547885 3.40000000
 C	-2.96547963 -5.79353196 3.40000000
 C	6.15787265 -2.10745837 3.40000000
 C	-5.24639753 -6.71508261 3.40000000
 C	8.43879055 -1.18590772 3.40000000
 C	-7.52731543 -7.63663326 3.40000000
 C	10.71970845 -0.26435707 3.40000000
 C	1.06413101 -2.63366344 3.40000000
 C	-10.34013917 -7.24128768 3.40000000
 C	12.46840118 1.97396080 3.40000000
 C	-12.62105707 -8.16283833 3.40000000
 C	14.74931908 2.89551145 3.40000000
 C	-14.90197497 -9.08438898 3.40000000
 C	17.03023698 3.81706210 3.40000000
 C	-17.18278643 -10.00589662 3.40000000
 C	19.31099522 4.73854824 3.40000000
 C	-19.46365111 -10.92742577 3.40000000
 C	21.59191312 5.66009889 3.40000000
 C	-21.74456901 -11.84897642 3.40000000
 C	-1.21678689 -3.55521409 3.40000000
 C	23.87277780 6.58162804 3.40000000
 C	3.34504891 -1.71211279 3.40000000
 C	-24.02532725 -12.77046256 3.40000000
 C	26.15358926 7.50313569 3.40000000
 C	-26.30624514 -13.69201321 3.40000000
 C	28.43450716 8.42468634 3.40000000
 C	30.71542506 9.34623699 3.40000000
 C	32.99618330 10.26772313 3.40000000
 C	35.27710120 11.18927378 3.40000000
 C	37.55796588 12.11080293 3.40000000
 C	39.83877734 13.03231058 3.40000000
 C	-3.49759835 -4.47672173 3.40000000
 C	5.62580715 -0.79062664 3.40000000
 C	-5.77846303 -5.39825088 3.40000000
 C	7.90672505 0.13092401 3.40000000
 C	-8.05938093 -6.31980153 3.40000000
 C	10.18758972 1.05245315 3.40000000
 C	-9.46586065 -6.12207574 3.40000000
 C	11.06208113 2.17175110 3.40000000
 C	-0.34234871 -2.43593764 3.40000000
 C	1.93856919 -1.51438699 3.40000000
 C	-11.74661889 -7.04356188 3.40000000
 C	13.34283937 3.09323724 3.40000000
 C	-14.02753679 -7.96511253 3.40000000
 C	15.62375726 4.01478789 3.40000000
 C	-16.30829503 -8.88659868 3.40000000
 C	17.90451550 4.93627404 3.40000000
 C	-18.58921293 -9.80814933 3.40000000
 C	20.18543340 5.85782469 3.40000000
 C	-20.87013082 -10.72969998 3.40000000
 C	22.46635130 6.77937534 3.40000000
 C	-23.15104872 -11.65125063 3.40000000
 C	24.74726920 7.70092599 3.40000000
 C	-25.43180696 -12.57273677 3.40000000
 C	27.02802744 8.62241213 3.40000000
 C	29.30894534 9.54396278 3.40000000
 C	31.58970358 10.46544893 3.40000000
 C	33.87062148 11.38699958 3.40000000
 C	-2.62310695 -3.35742379 3.40000000
 C	4.21932743 -0.59290085 3.40000000
 C	36.15153938 12.30855023 3.40000000
 C	38.43245728 13.23010088 3.40000000
 C	40.71321552 14.15158702 3.40000000
 C	-4.90402485 -4.27897444 3.40000000
 C	6.50024533 0.32864980 3.40000000
 C	-7.18494275 -5.20052509 3.40000000
 C	8.78116323 1.25020045 3.40000000
 C	-9.99778247 -4.80529319 3.40000000
 C	10.52994642 3.48844764 3.40000000
 C	-0.87443019 -1.11921960 3.40000000
 C	1.40648771 -0.19766895 3.40000000
 C	-12.27870037 -5.72684384 3.40000000
 C	12.81075788 4.40995528 3.40000000
 C	-14.55961827 -6.64839449 3.40000000
 C	15.09167578 5.33150594 3.40000000
 C	-16.84042973 -7.56990214 3.40000000
 C	17.37259368 6.25305659 3.40000000
 C	-19.12129441 -8.49143129 3.40000000
 C	19.65335192 7.17454273 3.40000000
 C	-21.40221231 -9.41298194 3.40000000
 C	21.93426982 8.09609338 3.40000000
 C	-23.68297055 -10.33446808 3.40000000
 C	24.21513450 9.01762253 3.40000000
 C	-25.96388845 -11.25601873 3.40000000
 C	26.49594596 9.93913017 3.40000000
 C	28.77686386 10.86068082 3.40000000
 C	31.05778176 11.78223147 3.40000000
 C	33.33854000 12.70371762 3.40000000
 C	-3.15524165 -2.04072725 3.40000000
 C	3.68740561 0.72388170 3.40000000
 C	35.61945790 13.62526827 3.40000000
 C	37.90032258 14.54679742 3.40000000
 C	40.18113403 15.46830506 3.40000000
 C	-5.43610633 -2.96225640 3.40000000
 C	5.96816384 1.64536784 3.40000000
 C	-7.71702423 -3.88380705 3.40000000
 C	8.24908174 2.56691849 3.40000000
 C	0.00000000 0.00000000 3.40000000
 C	-11.40427018 -4.60762424 3.40000000
 C	11.40442984 4.60768874 3.40000000
 C	-13.68518808 -5.52917489 3.40000000
 C	13.68518808 5.52917489 3.40000000
 C	-15.96594631 -6.45066103 3.40000000
 C	15.96610598 6.45072554 3.40000000
 C	-18.24686421 -7.37221168 3.40000000
 C	18.24686421 7.37221168 3.40000000
 C	-20.52778211 -8.29376233 3.40000000
 C	20.52778211 8.29376233 3.40000000
 C	-2.28075824 -0.92148614 3.40000000
 C	-22.80870001 -9.21531298 3.40000000
 C	22.80870001 9.21531298 3.40000000
 C	2.28091790 0.92155065 3.40000000
 C	-25.08945825 -10.13679913 3.40000000
 C	25.08961791 10.13686363 3.40000000
 C	27.37037615 11.05834978 3.40000000
 C	29.65129405 11.97990043 3.40000000
 C	31.93205229 12.90138657 3.40000000
 C	34.21297019 13.82293722 3.40000000
 C	36.49388809 14.74448787 3.40000000
 C	38.77480599 15.66603852 3.40000000
 C	41.05556423 16.58752466 3.40000000
 C	-4.56167614 -1.84303679 3.40000000
 C	4.56167614 1.84303679 3.40000000
 C	-6.84259404 -2.76458744 3.40000000
 C	6.84259404 2.76458744 3.40000000
 C	-9.12351194 -3.68613809 3.40000000
 C	9.12351194 3.68613809 3.40000000
 C	-0.53205752 1.31688857 3.40000000
 C	-11.93632769 -3.29073567 3.40000000
 C	10.87231910 5.92455581 3.40000000
 C	-14.21724559 -4.21228632 3.40000000
 C	13.15313056 6.84606345 3.40000000
 C	-16.49805705 -5.13379397 3.40000000
 C	15.43404846 7.76761410 3.40000000
 C	-18.77892173 -6.05532312 3.40000000
 C	17.71496636 8.68916475 3.40000000
 C	-21.05983963 -6.97687377 3.40000000
 C	19.99572460 9.61065090 3.40000000
 C	-2.81286898 0.39538092 3.40000000
 C	-23.34059787 -7.89835991 3.40000000
 C	22.27664250 10.53220155 3.40000000
 C	1.74886038 2.23843922 3.40000000
 C	-25.62151577 -8.81991056 3.40000000
 C	24.55750718 11.45373070 3.40000000
 C	26.83831864 12.37523834 3.40000000
 C	29.11923653 13.29678899 3.40000000
 C	31.40015443 14.21833964 3.40000000
 C	33.68091267 15.13982579 3.40000000
 C	35.96183057 16.06137644 3.40000000
 C	38.24269525 16.98290558 3.40000000
 C	40.52350671 17.90441323 3.40000000
 C	-5.09373366 -0.52614823 3.40000000
 C	4.02977828 3.15998987 3.40000000
 C	-7.37465155 -1.44769888 3.40000000
 C	6.31053652 4.08147601 3.40000000
 C	-9.65540979 -2.36918502 3.40000000
 C	8.59145442 5.00302666 3.40000000
 C	-11.06189750 -2.17151607 3.40000000
 C	9.46588461 6.12224626 3.40000000
 C	-1.93838556 1.51462203 3.40000000
 C	0.34237268 2.43610817 3.40000000
 C	-13.34281540 -3.09306672 3.40000000
 C	11.74680251 7.04379691 3.40000000
 C	-15.62357364 -4.01455286 3.40000000
 C	14.02756075 7.96528306 3.40000000
 C	-17.90449154 -4.93610351 3.40000000
 C	16.30847865 8.88683371 3.40000000
 C	-20.18540944 -5.85765416 3.40000000
 C	18.58923689 9.80831985 3.40000000
 C	-22.46632734 -6.77920481 3.40000000
 C	20.87015479 10.72987050 3.40000000
 C	-24.74708558 -7.70069096 3.40000000
 C	23.15107269 11.65142115 3.40000000
 C	25.43199059 12.57297180 3.40000000
 C	27.71274883 13.49445795 3.40000000
 C	29.99366673 14.41600860 3.40000000
 C	32.27442497 15.33749474 3.40000000
 C	-4.21930346 0.59307138 3.40000000
 C	2.62329058 3.35765882 3.40000000
 C	34.55534287 16.25904539 3.40000000
 C	36.83626077 17.18059604 3.40000000
 C	39.11717867 18.10214669 3.40000000
 C	41.39793690 19.02363283 3.40000000
 C	-6.50022136 -0.32847928 3.40000000
 C	4.90404881 4.27914496 3.40000000
 C	-8.78113926 -1.25002993 3.40000000
 C	7.18496671 5.20069561 3.40000000
 C	-11.59395502 -0.85462750 3.40000000
 C	8.93382710 7.43913483 3.40000000
 C	-2.47049630 2.83148909 3.40000000
 C	-0.18968484 3.75299673 3.40000000
 C	-13.87487292 -1.77617815 3.40000000
 C	11.21469178 8.36066398 3.40000000
 C	-16.15568438 -2.69768580 3.40000000
 C	13.49550324 9.28217162 3.40000000
 C	-18.43654905 -3.61921495 3.40000000
 C	15.77642114 10.20372227 3.40000000
 C	-20.71746695 -4.54076560 3.40000000
 C	18.05733903 11.12527292 3.40000000
 C	-22.99822519 -5.46225174 3.40000000
 C	20.33809727 12.04675907 3.40000000
 C	-25.27914309 -6.38380239 3.40000000
 C	22.61901517 12.96830972 3.40000000
 C	24.89987985 13.88983886 3.40000000
 C	27.18069131 14.81134651 3.40000000
 C	29.46160921 15.73289716 3.40000000
 C	31.74252711 16.65444781 3.40000000
 C	-4.75136098 1.90995994 3.40000000
 C	2.09123306 4.67454738 3.40000000
 C	34.02328535 17.57593395 3.40000000
 C	36.30420325 18.49748460 3.40000000
 C	38.58506793 19.41901375 3.40000000
 C	40.86587939 20.34052140 3.40000000
 C	-7.03227888 0.98840929 3.40000000
 C	4.37215096 5.59609803 3.40000000
 C	-9.31303712 0.06692315 3.40000000
 C	6.65290920 6.51758418 3.40000000
 C	-1.59603685 3.95055967 3.40000000
 C	-13.00046669 -0.65712908 3.40000000
 C	9.80823332 8.55818391 3.40000000
 C	-15.28122493 -1.57861522 3.40000000
 C	12.08915122 9.47973456 3.40000000
 C	-17.56214283 -2.50016587 3.40000000
 C	14.36990946 10.40122070 3.40000000
 C	-19.84306073 -3.42171652 3.40000000
 C	16.65082736 11.32277135 3.40000000
 C	18.93158560 12.24425749 3.40000000
 C	-22.12397863 -4.34326717 3.40000000
 C	-3.87695475 3.02900902 3.40000000
 C	0.68472139 4.87204581 3.40000000
 C	-24.40473687 -5.26475331 3.40000000
 C	21.21250350 13.16580815 3.40000000
 C	23.49342140 14.08735880 3.40000000
 C	25.77433930 15.00890945 3.40000000
 C	28.05509754 15.93039559 3.40000000
 C	30.33601544 16.85194624 3.40000000
 C	32.61677368 17.77343238 3.40000000
 C	34.89769158 18.69498303 3.40000000
 C	37.17860948 19.61653368 3.40000000
 C	39.45952738 20.53808433 3.40000000
 C	41.74028562 21.45957048 3.40000000
 C	-6.15787265 2.10745837 3.40000000
 C	2.96563929 5.79359646 3.40000000
 C	5.24639753 6.71508261 3.40000000
 C	-8.43879055 1.18590772 3.40000000
 C	-10.71954879 0.26442158 3.40000000
 C	7.52731543 7.63663326 3.40000000
 C	-2.12814759 5.26742673 3.40000000
 C	-13.53252421 0.65975949 3.40000000
 C	9.27617581 9.87507247 3.40000000
 C	-15.81333566 -0.26174816 3.40000000
 C	11.55704049 10.79660162 3.40000000
 C	-18.09420034 -1.18327730 3.40000000
 C	13.83785195 11.71810927 3.40000000
 C	-20.37511824 -2.10482795 3.40000000
 C	16.11876985 12.63965992 3.40000000
 C	-22.65587648 -3.02631410 3.40000000
 C	18.39968775 13.56121057 3.40000000
 C	-4.40901227 4.34589758 3.40000000
 C	0.15266387 6.18893438 3.40000000
 C	-24.93679438 -3.94786475 3.40000000
 C	20.68044598 14.48269671 3.40000000
 C	22.96136388 15.40424736 3.40000000
 C	25.24222856 16.32577651 3.40000000
 C	27.52304002 17.24728415 3.40000000
 C	29.80395792 18.16883480 3.40000000
 C	32.08487582 19.09038546 3.40000000
 C	34.36563406 20.01187160 3.40000000
 C	36.64655196 20.93342225 3.40000000
 C	38.92741664 21.85495140 3.40000000
 C	41.20822810 22.77645904 3.40000000
 C	-6.68993017 3.42434693 3.40000000
 C	2.43358177 7.11048503 3.40000000
 C	-8.97068841 2.50286079 3.40000000
 C	4.71449967 8.03203568 3.40000000
 C	-11.25160631 1.58131014 3.40000000
 C	6.99525791 8.95352182 3.40000000
 C	-12.65809402 1.77897910 3.40000000
 C	7.86968810 10.07274143 3.40000000
 C	-3.53458208 5.46511720 3.40000000
 C	-1.25366418 6.38666785 3.40000000
 C	-14.93885225 0.85749296 3.40000000
 C	10.15060600 10.99429209 3.40000000
 C	-17.21977015 -0.06405769 3.40000000
 C	12.43152390 11.91584274 3.40000000
 C	-19.50068805 -0.98560834 3.40000000
 C	14.71228214 12.83732888 3.40000000
 C	-21.78160595 -1.90715899 3.40000000
 C	16.99320004 13.75887953 3.40000000
 C	-24.06236419 -2.82864514 3.40000000
 C	19.27395827 14.68036567 3.40000000
 C	21.55487617 15.60191632 3.40000000
 C	23.83579407 16.52346697 3.40000000
 C	26.11671197 17.44501762 3.40000000
 C	28.39747021 18.36650377 3.40000000
 C	30.67838811 19.28805442 3.40000000
 C	-5.81549998 4.54356655 3.40000000
 C	1.02709406 7.30815399 3.40000000
 C	32.95914635 20.20954056 3.40000000
 C	35.24006425 21.13109121 3.40000000
 C	37.52098215 22.05264186 3.40000000
 C	39.80190005 22.97419251 3.40000000
 C	42.08265829 23.89567866 3.40000000
 C	-8.09641788 3.62201590 3.40000000
 C	3.30801196 8.22970464 3.40000000
 C	-10.37717612 2.70052975 3.40000000
 C	5.58877020 9.15119078 3.40000000
 C	-13.19015153 3.09586766 3.40000000
 C	7.33763058 11.38962999 3.40000000
 C	-4.06663959 6.78200575 3.40000000
 C	-1.78577491 7.70353490 3.40000000
 C	-15.47096299 2.17436001 3.40000000
 C	9.61854848 12.31118064 3.40000000
 C	-17.75182767 1.25283086 3.40000000
 C	11.89941316 13.23270979 3.40000000
 C	-20.03274557 0.33128021 3.40000000
 C	14.18022462 14.15421743 3.40000000
 C	-22.31350381 -0.59020593 3.40000000
 C	16.46114252 15.07576809 3.40000000
 C	-24.59442171 -1.51175658 3.40000000
 C	18.74206042 15.99731874 3.40000000
 C	21.02281866 16.91880488 3.40000000
 C	23.30373656 17.84035553 3.40000000
 C	25.58460124 18.76188468 3.40000000
 C	27.86541270 19.68339232 3.40000000
 C	30.14633060 20.60494297 3.40000000
 C	-6.34755749 5.86045510 3.40000000
 C	0.49503655 8.62504255 3.40000000
 C	32.42724850 21.52649362 3.40000000
 C	34.70800674 22.44797977 3.40000000
 C	36.98892464 23.36953042 3.40000000
 C	39.26978932 24.29105957 3.40000000
 C	41.55060077 25.21256721 3.40000000
 C	-8.62831573 4.93896896 3.40000000
 C	2.77595445 9.54659320 3.40000000
 C	-10.90923363 4.01741831 3.40000000
 C	5.05687235 10.46814385 3.40000000
 C	-3.19220940 7.90122537 3.40000000
 C	-14.59647958 3.29360113 3.40000000
 C	8.21206077 12.50884960 3.40000000
 C	-16.87739748 2.37205048 3.40000000
 C	10.49297867 13.43040025 3.40000000
 C	-19.15831538 1.45049983 3.40000000
 C	12.77389657 14.35195090 3.40000000
 C	-21.43923328 0.52894918 3.40000000
 C	15.05465481 15.27343705 3.40000000
 C	-23.71999152 -0.39253697 3.40000000
 C	17.33557271 16.19498770 3.40000000
 C	-5.47312730 6.97967472 3.40000000
 C	19.61633095 17.11647384 3.40000000
 C	-0.91129150 8.82277602 3.40000000
 C	21.89724885 18.03802449 3.40000000
 C	24.17816675 18.95957514 3.40000000
 C	26.45908465 19.88112579 3.40000000
 C	28.73984289 20.80261194 3.40000000
 C	31.02076079 21.72416259 3.40000000
 C	33.30151903 22.64564873 3.40000000
 C	35.58243693 23.56719938 3.40000000
 C	37.86335483 24.48875003 3.40000000
 C	40.14427273 25.41030068 3.40000000
 C	42.42503096 26.33178682 3.40000000
 C	-7.75404520 6.05812406 3.40000000
 C	1.36946674 9.74426216 3.40000000
 C	-10.03480344 5.13663792 3.40000000
 C	3.65038464 10.66581281 3.40000000
 C	-12.31572134 4.21508727 3.40000000
 C	5.93114287 11.58729895 3.40000000
 C	-3.72427491 9.21805709 3.40000000
 C	-15.12859830 4.61041135 3.40000000
 C	7.67999527 13.82568133 3.40000000
 C	-17.40946298 3.68888220 3.40000000
 C	9.96091317 14.74723198 3.40000000
 C	-19.69038088 2.76733155 3.40000000
 C	12.24177785 15.66876113 3.40000000
 C	-21.97113912 1.84584541 3.40000000
 C	14.52258931 16.59026877 3.40000000
 C	-24.25205702 0.92429476 3.40000000
 C	16.80350721 17.51181942 3.40000000
 C	-6.00519281 8.29650644 3.40000000
 C	19.08442511 18.43337007 3.40000000
 C	-1.44341023 10.13958624 3.40000000
 C	21.36518334 19.35485622 3.40000000
 C	23.64610124 20.27640687 3.40000000
 C	25.92696592 21.19793601 3.40000000
 C	28.20777738 22.11944366 3.40000000
 C	30.48869528 23.04099431 3.40000000
 C	32.76961318 23.96254496 3.40000000
 C	35.05037142 24.88403110 3.40000000
 C	37.33128932 25.80558175 3.40000000
 C	39.61215400 26.72711090 3.40000000
 C	-8.28595105 7.37502030 3.40000000
 C	41.89296546 27.64861855 3.40000000
 C	0.83740123 11.06109388 3.40000000
 C	-10.56686895 6.45346965 3.40000000
 C	3.11831913 11.98264453 3.40000000
 C	-12.84778685 5.53191900 3.40000000
 C	5.39923703 12.90419518 3.40000000
 C	-14.25410690 5.72970930 3.40000000
 C	6.27351555 14.02340712 3.40000000
 C	-5.13075463 9.41578288 3.40000000
 C	-2.84983673 10.33733353 3.40000000
 C	-16.53502480 4.80815865 3.40000000
 C	8.55443345 14.94495777 3.40000000
 C	-18.81594270 3.88660800 3.40000000
 C	10.83535135 15.86650842 3.40000000
 C	-21.09686060 2.96505735 3.40000000
 C	13.11626925 16.78805907 3.40000000
 C	-23.37761884 2.04357120 3.40000000
 C	15.39702749 17.70954522 3.40000000
 C	17.67794539 18.63109587 3.40000000
 C	19.95870363 19.55258201 3.40000000
 C	22.23962153 20.47413266 3.40000000
 C	24.52053943 21.39568331 3.40000000
 C	26.80145733 22.31723396 3.40000000
 C	29.08221556 23.23872010 3.40000000
 C	-7.41167253 8.49423223 3.40000000
 C	-0.56891883 11.25888418 3.40000000
 C	31.36313346 24.16027075 3.40000000
 C	33.64389170 25.08175690 3.40000000
 C	35.92480960 26.00330755 3.40000000
 C	38.20572750 26.92485820 3.40000000
 C	40.48664540 27.84640885 3.40000000
 C	42.76740364 28.76789499 3.40000000
 C	-9.69243076 7.57274609 3.40000000
 C	1.71183941 12.18037033 3.40000000
 C	-11.97334866 6.65119544 3.40000000
 C	3.99275731 13.10192098 3.40000000
 C	-14.78624160 7.04640584 3.40000000
 C	5.74159373 15.34018967 3.40000000
 C	-5.66283611 10.73250092 3.40000000
 C	-3.38191821 11.65405158 3.40000000
 C	-17.06710628 6.12487669 3.40000000
 C	8.02235197 16.26167581 3.40000000
 C	-19.34802418 5.20332604 3.40000000
 C	10.30326987 17.18322646 3.40000000
 C	-21.62878242 4.28183989 3.40000000
 C	12.58413455 18.10475561 3.40000000
 C	-23.90970032 3.36028924 3.40000000
 C	14.86494601 19.02626326 3.40000000
 C	17.14586391 19.94781391 3.40000000
 C	19.42678181 20.86936456 3.40000000
 C	21.70754004 21.79085070 3.40000000
 C	23.98845794 22.71240135 3.40000000
 C	26.26932262 23.63393050 3.40000000
 C	28.55013408 24.55543815 3.40000000
 C	-7.94359435 9.81101478 3.40000000
 C	-1.10105353 12.57558072 3.40000000
 C	30.83105198 25.47698880 3.40000000
 C	33.11196988 26.39853945 3.40000000
 C	35.39272812 27.32002559 3.40000000
 C	37.67364602 28.24157624 3.40000000
 C	39.95451070 29.16310539 3.40000000
 C	42.23532216 30.08461303 3.40000000
 C	-10.22451225 8.88946413 3.40000000
 C	1.17975793 13.49708837 3.40000000
 C	-12.50543015 7.96791348 3.40000000
 C	3.46067583 14.41863902 3.40000000
 C	-4.78840591 11.85172053 3.40000000
 C	-16.19267609 7.24409629 3.40000000
 C	6.61586426 16.45934477 3.40000000
 C	-18.47359399 6.32254564 3.40000000
 C	8.89678216 17.38089542 3.40000000
 C	-20.75451189 5.40099499 3.40000000
 C	11.17770006 18.30244607 3.40000000
 C	-23.03527013 4.47950885 3.40000000
 C	13.45861796 19.22399672 3.40000000
 C	15.73937620 20.14548286 3.40000000
 C	18.02029410 21.06703351 3.40000000
 C	-7.06932381 10.93016988 3.40000000
 C	-2.50748801 12.77327118 3.40000000
 C	20.30105234 21.98851965 3.40000000
 C	22.58197024 22.91007030 3.40000000
 C	24.86288814 23.83162095 3.40000000
 C	27.14380604 24.75317161 3.40000000
 C	29.42456428 25.67465775 3.40000000
 C	31.70548217 26.59620840 3.40000000
 C	33.98624041 27.51769454 3.40000000
 C	36.26715831 28.43924519 3.40000000
 C	38.54807621 29.36079584 3.40000000
 C	-9.35008205 10.00868373 3.40000000
 C	40.82899411 30.28234649 3.40000000
 C	-0.22657012 13.69482183 3.40000000
 C	43.10975235 31.20383264 3.40000000
 C	-11.63099995 9.08713308 3.40000000
 C	2.05418812 14.61630797 3.40000000
 C	-13.91175819 8.16564694 3.40000000
 C	4.33510602 15.53785862 3.40000000
 C	-5.32046343 13.16860909 3.40000000
 C	-16.72473361 8.56098486 3.40000000
 C	6.08396641 17.77629784 3.40000000
 C	-19.00565151 7.63943421 3.40000000
 C	8.36472464 18.69778398 3.40000000
 C	-21.28640975 6.71794806 3.40000000
 C	10.64564254 19.61933463 3.40000000
 C	-23.56732765 5.79639741 3.40000000
 C	12.92650722 20.54086378 3.40000000
 C	15.20731868 21.46237143 3.40000000
 C	-7.60122167 12.24712295 3.40000000
 C	17.48823658 22.38392208 3.40000000
 C	-3.03954553 14.09015974 3.40000000
 C	19.76915448 23.30547273 3.40000000
 C	22.04991272 24.22695887 3.40000000
 C	24.33083062 25.14850952 3.40000000
 C	26.61169530 26.07003867 3.40000000
 C	28.89250676 26.99154631 3.40000000
 C	31.17342466 27.91309696 3.40000000
 C	33.45434256 28.83464761 3.40000000
 C	35.73510080 29.75613376 3.40000000
 C	38.01601870 30.67768441 3.40000000
 C	-9.88213957 11.32557230 3.40000000
 C	40.29688338 31.59921356 3.40000000
 C	-0.75868085 15.01168889 3.40000000
 C	42.57769483 32.52072120 3.40000000
 C	-12.16305747 10.40402165 3.40000000
 C	1.52213061 15.93319654 3.40000000
 C	-14.44386893 9.48251400 3.40000000
 C	3.80304851 16.85474719 3.40000000
 C	-15.85030341 9.68020446 3.40000000
 C	4.67747870 17.97396679 3.40000000
 C	-6.72695114 13.36627805 3.40000000
 C	-4.44603324 14.28782870 3.40000000
 C	-18.13122131 8.75865381 3.40000000
 C	6.95823694 18.89545293 3.40000000
 C	-20.41213921 7.83710316 3.40000000
 C	9.23915484 19.81700358 3.40000000
 C	-22.69289745 6.91561701 3.40000000
 C	11.52007274 20.73855424 3.40000000
 C	13.80099064 21.66010489 3.40000000
 C	16.08174888 22.58159103 3.40000000
 C	18.36266678 23.50314168 3.40000000
 C	20.64342501 24.42462782 3.40000000
 C	22.92434291 25.34617847 3.40000000
 C	25.20526081 26.26772912 3.40000000
 C	27.48617871 27.18927977 3.40000000
 C	-9.00770938 12.44479190 3.40000000
 C	-2.16511534 15.20937935 3.40000000
 C	29.76693695 28.11076592 3.40000000
 C	32.04785485 29.03231657 3.40000000
 C	34.32861309 29.95380271 3.40000000
 C	36.60953099 30.87535336 3.40000000
 C	38.89044889 31.79690401 3.40000000
 C	41.17136679 32.71845466 3.40000000
 C	43.45212503 33.63994081 3.40000000
 C	-11.28862728 11.52324125 3.40000000
 C	0.11580256 16.13093000 3.40000000
 C	-13.56938551 10.60175511 3.40000000
 C	2.39656080 17.05241614 3.40000000
 C	-16.38236093 10.99709302 3.40000000
 C	4.14542118 19.29085536 3.40000000
 C	-7.25884899 14.68323112 3.40000000
 C	-4.97809076 15.60471726 3.40000000
 C	-18.66327883 10.07554237 3.40000000
 C	6.42633908 20.21240601 3.40000000
 C	-20.94403707 9.15405623 3.40000000
 C	8.70709732 21.13389215 3.40000000
 C	-23.22495497 8.23250558 3.40000000
 C	10.98801522 22.05544280 3.40000000
 C	13.26887990 22.97697195 3.40000000
 C	15.54969136 23.89847959 3.40000000
 C	17.83060926 24.82003024 3.40000000
 C	20.11152716 25.74158090 3.40000000
 C	22.39228540 26.66306704 3.40000000
 C	24.67320330 27.58461769 3.40000000
 C	26.95406798 28.50614684 3.40000000
 C	-9.53976689 13.76168047 3.40000000
 C	-2.69717286 16.52626791 3.40000000
 C	29.23487943 29.42765448 3.40000000
 C	31.51579733 30.34920513 3.40000000
 C	33.79671523 31.27075578 3.40000000
 C	36.07747347 32.19224193 3.40000000
 C	38.35839137 33.11379258 3.40000000
 C	40.63925605 34.03532173 3.40000000
 C	42.92006751 34.95682937 3.40000000
 C	-11.82068479 12.84012982 3.40000000
 C	-0.41630818 17.44779706 3.40000000
 C	-14.10149625 11.91862217 3.40000000
 C	1.86450328 18.36930471 3.40000000
 C	-6.38460243 15.80221569 3.40000000
 C	-17.78887260 11.19459145 3.40000000
 C	5.01982741 20.40990444 3.40000000
 C	7.30058565 21.33139058 3.40000000
 C	-20.06979050 10.27304080 3.40000000
 C	-22.35054874 9.35155466 3.40000000
 C	9.58150355 22.25294123 3.40000000
 C	11.86242145 23.17449188 3.40000000
 C	14.14333935 24.09604253 3.40000000
 C	-8.66536067 14.88072955 3.40000000
 C	-4.10368453 16.72376634 3.40000000
 C	16.42409759 25.01752867 3.40000000
 C	18.70501549 25.93907932 3.40000000
 C	20.98577372 26.86056547 3.40000000
 C	23.26669162 27.78211612 3.40000000
 C	25.54760952 28.70366677 3.40000000
 C	27.82852742 29.62521742 3.40000000
 C	30.10928566 30.54670356 3.40000000
 C	32.39020356 31.46825421 3.40000000
 C	34.67096180 32.38974035 3.40000000
 C	36.95187970 33.31129101 3.40000000
 C	39.23279760 34.23284166 3.40000000
 C	-10.94627857 13.95917890 3.40000000
 C	-1.82276663 17.64531699 3.40000000
 C	41.51371550 35.15439231 3.40000000
 C	43.79447374 36.07587845 3.40000000
 C	-13.22703680 13.03769275 3.40000000
 C	0.45815127 18.56686764 3.40000000
 C	-15.50795470 12.11614210 3.40000000
 C	2.73890951 19.48835378 3.40000000
 C	-6.91650028 17.11916876 3.40000000
 C	-18.32093012 12.51148002 3.40000000
 C	4.48776989 21.72679300 3.40000000
 C	-20.60168836 11.58999387 3.40000000
 C	6.76868779 22.64834365 3.40000000
 C	-22.88260626 10.66844322 3.40000000
 C	9.04944603 23.56982979 3.40000000
 C	11.33036393 24.49138044 3.40000000
 C	13.61122861 25.41290959 3.40000000
 C	-9.19741818 16.19761811 3.40000000
 C	-4.63574204 18.04065491 3.40000000
 C	15.89204007 26.33441724 3.40000000
 C	18.17295797 27.25596789 3.40000000
 C	20.45387587 28.17751854 3.40000000
 C	22.73463411 29.09900468 3.40000000
 C	25.01555201 30.02055533 3.40000000
 C	27.29641669 30.94208448 3.40000000
 C	29.57722815 31.86359213 3.40000000
 C	31.85814605 32.78514278 3.40000000
 C	34.13906394 33.70669343 3.40000000
 C	36.41982218 34.62817957 3.40000000
 C	38.70074008 35.54973022 3.40000000
 C	-11.47833608 15.27606746 3.40000000
 C	-2.35482414 18.96220556 3.40000000
 C	40.98160476 36.47125937 3.40000000
 C	43.26241622 37.39276701 3.40000000
 C	-13.75914754 14.35455982 3.40000000
 C	-0.07395947 19.88373470 3.40000000
 C	-16.04001222 13.43303067 3.40000000
 C	2.20685199 20.80524235 3.40000000
 C	-17.44649993 13.63069963 3.40000000
 C	3.08128218 21.92446196 3.40000000
 C	-8.32298799 17.31683773 3.40000000
 C	-6.04222975 18.23832387 3.40000000
 C	-19.72741783 12.70914898 3.40000000
 C	5.36220008 22.84601261 3.40000000
 C	-22.00817607 11.78766284 3.40000000
 C	7.64295832 23.76749876 3.40000000
 C	9.92387622 24.68904941 3.40000000
 C	12.20479412 25.61060006 3.40000000
 C	14.48571202 26.53215071 3.40000000
 C	16.76647026 27.45363685 3.40000000
 C	19.04738816 28.37518750 3.40000000
 C	21.32814640 29.29667364 3.40000000
 C	23.60906430 30.21822430 3.40000000
 C	25.88998220 31.13977495 3.40000000
 C	-10.60390589 16.39528707 3.40000000
 C	-3.76131185 19.15987452 3.40000000
 C	28.17090010 32.06132560 3.40000000
 C	30.45165834 32.98281174 3.40000000
 C	32.73257623 33.90436239 3.40000000
 C	35.01333447 34.82584853 3.40000000
 C	37.29425237 35.74739918 3.40000000
 C	39.57517027 36.66894983 3.40000000
 C	41.85608817 37.59050048 3.40000000
 C	44.13684641 38.51198663 3.40000000
 C	-12.88466413 15.47380093 3.40000000
 C	-1.48039396 20.08142517 3.40000000
 C	-15.16558203 14.55225028 3.40000000
 C	0.80052394 21.00297582 3.40000000
 C	-17.97855744 14.94758819 3.40000000
 C	2.54922467 23.24135052 3.40000000
 C	-8.85504551 18.63372628 3.40000000
 C	-6.57412761 19.55527693 3.40000000
 C	-20.25931568 14.02610204 3.40000000
 C	4.83014257 24.16290117 3.40000000
 C	-22.54023358 13.10455139 3.40000000
 C	7.11106047 25.08445182 3.40000000
 C	9.39181871 26.00593796 3.40000000
 C	11.67273661 26.92748861 3.40000000
 C	13.95360129 27.84901776 3.40000000
 C	16.23441275 28.77052541 3.40000000
 C	18.51533065 29.69207606 3.40000000
 C	20.79624855 30.61362671 3.40000000
 C	23.07700678 31.53511285 3.40000000
 C	25.35792468 32.45666350 3.40000000
 C	-11.13596341 17.71217563 3.40000000
 C	-4.29336937 20.47676307 3.40000000
 C	27.63878936 33.37819265 3.40000000
 C	29.91960082 34.29970030 3.40000000
 C	32.20051872 35.22125095 3.40000000
 C	34.48143662 36.14280160 3.40000000
 C	36.76219486 37.06428774 3.40000000
 C	39.04311276 37.98583839 3.40000000
 C	41.32397744 38.90736754 3.40000000
 C	43.60478890 39.82887518 3.40000000
 C	-13.41677486 16.79066799 3.40000000
 C	-2.01245147 21.39831373 3.40000000
 C	-15.69763954 15.86913884 3.40000000
 C	0.26841321 22.31984287 3.40000000
 C	-7.98061532 19.75294589 3.40000000
 C	-19.38504515 15.14525715 3.40000000
 C	3.42365486 24.36057013 3.40000000
 C	-21.66580339 14.22377101 3.40000000
 C	5.70457276 25.28212078 3.40000000
 C	7.98533100 26.20360693 3.40000000
 C	10.26624890 27.12515758 3.40000000
 C	12.54716680 28.04670823 3.40000000
 C	-10.26153322 18.83139524 3.40000000
 C	-5.69985708 20.67443204 3.40000000
 C	14.82808470 28.96825888 3.40000000
 C	17.10884294 29.88974502 3.40000000
 C	19.38976084 30.81129567 3.40000000
 C	21.67051907 31.73278181 3.40000000
 C	23.95143697 32.65433246 3.40000000
 C	26.23235487 33.57588311 3.40000000
 C	28.51327277 34.49743376 3.40000000
 C	30.79403101 35.41891991 3.40000000
 C	33.07494891 36.34047056 3.40000000
 C	35.35570715 37.26195670 3.40000000
 C	-12.54229146 17.90990910 3.40000000
 C	37.63662505 38.18350735 3.40000000
 C	-3.41893918 21.59598269 3.40000000
 C	39.91754295 39.10505800 3.40000000
 C	42.19846085 40.02660865 3.40000000
 C	44.47921909 40.94809480 3.40000000
 C	-14.82320935 16.98835845 3.40000000
 C	-1.13802128 22.51753334 3.40000000
 C	-17.10412725 16.06680780 3.40000000
 C	1.14289662 23.43908399 3.40000000
 C	-8.51268082 21.06977762 3.40000000
 C	-19.91695100 16.46215338 3.40000000
 C	2.89158935 25.67740186 3.40000000
 C	-22.19786890 15.54060273 3.40000000
 C	5.17250725 26.59895251 3.40000000
 C	7.45342515 27.52050316 3.40000000
 C	9.73418339 28.44198930 3.40000000
 C	12.01510129 29.36353995 3.40000000
 C	-10.79359872 20.14822697 3.40000000
 C	14.29596597 30.28506910 3.40000000
 C	-6.23176292 21.99132827 3.40000000
 C	16.57677743 31.20657674 3.40000000
 C	18.85769533 32.12812739 3.40000000
 C	21.13861323 33.04967804 3.40000000
 C	23.41937147 33.97116419 3.40000000
 C	25.70028937 34.89271484 3.40000000
 C	27.98115405 35.81424399 3.40000000
 C	30.26196551 36.73575163 3.40000000
 C	32.54288341 37.65730228 3.40000000
 C	34.82380131 38.57885293 3.40000000
 C	-13.07441018 19.22671932 3.40000000
 C	37.10455954 39.50033908 3.40000000
 C	-3.95100468 22.91281441 3.40000000
 C	39.38547744 40.42188973 3.40000000
 C	41.66634212 41.34341887 3.40000000
 C	43.94715358 42.26492652 3.40000000
 C	-15.35527486 18.30519017 3.40000000
 C	-1.67008678 23.83436506 3.40000000
 C	-17.63619276 17.38363952 3.40000000
 C	0.61077790 24.75589421 3.40000000
 C	-19.04267248 17.58136532 3.40000000
 C	1.48526930 25.87519216 3.40000000
 C	-9.91916054 21.26750341 3.40000000
 C	-7.63824264 22.18905406 3.40000000
 C	-21.32343072 16.65987917 3.40000000
 C	3.76602754 26.79667830 3.40000000
 C	6.04694544 27.71822895 3.40000000
 C	8.32770367 28.63971509 3.40000000
 C	10.60862157 29.56126574 3.40000000
 C	12.88953947 30.48281639 3.40000000
 C	15.17045737 31.40436705 3.40000000
 C	17.45121561 32.32585319 3.40000000
 C	19.73213351 33.24740384 3.40000000
 C	22.01289175 34.16888998 3.40000000
 C	24.29380965 35.09044063 3.40000000
 C	-12.19991878 20.34601727 3.40000000
 C	-5.35748440 23.11054021 3.40000000
 C	26.57472755 36.01199128 3.40000000
 C	28.85564545 36.93354193 3.40000000
 C	31.13640369 37.85502808 3.40000000
 C	33.41732159 38.77657873 3.40000000
 C	35.69807983 39.69806487 3.40000000
 C	37.97899773 40.61961552 3.40000000
 C	40.25991563 41.54116617 3.40000000
 C	42.54083353 42.46271682 3.40000000
 C	44.82159176 43.38420296 3.40000000
 C	-14.48083668 19.42446662 3.40000000
 C	-3.07656650 24.03209086 3.40000000
 C	-16.76175458 18.50291597 3.40000000
 C	-0.79564860 24.95364151 3.40000000
 C	-19.57459430 18.89814787 3.40000000
 C	0.95313459 27.19188870 3.40000000
 C	-10.45124202 22.58422145 3.40000000
 C	-8.17032412 23.50577210 3.40000000
 C	-21.85551220 17.97659722 3.40000000
 C	3.23394605 28.11339634 3.40000000
 C	5.51486395 29.03494699 3.40000000
 C	7.79578185 29.95649764 3.40000000
 C	10.07654009 30.87798379 3.40000000
 C	12.35745799 31.79953444 3.40000000
 C	14.63832267 32.72106358 3.40000000
 C	16.91913413 33.64257123 3.40000000
 C	19.20005203 34.56412188 3.40000000
 C	21.48096993 35.48567253 3.40000000
 C	23.76172817 36.40715867 3.40000000
 C	-12.73205348 21.66271381 3.40000000
 C	-5.88940622 24.42732275 3.40000000
 C	26.04264607 37.32870932 3.40000000
 C	28.32351075 38.25023847 3.40000000
 C	30.60432221 39.17174612 3.40000000
 C	32.88524011 40.09329677 3.40000000
 C	35.16615800 41.01484742 3.40000000
 C	37.44691624 41.93633356 3.40000000
 C	39.72783414 42.85788421 3.40000000
 C	42.00869882 43.77941336 3.40000000
 C	44.28951028 44.70092101 3.40000000
 C	-15.01291816 20.74118466 3.40000000
 C	-3.60864798 25.34880890 3.40000000
 C	-17.29383606 19.81963401 3.40000000
 C	-1.32773008 26.27035955 3.40000000
 C	-9.57681183 23.70344106 3.40000000
 C	-20.98108201 19.09581682 3.40000000
 C	1.82761801 28.31112980 3.40000000
 C	4.10837625 29.23261594 3.40000000
 C	6.38929415 30.15416659 3.40000000
 C	8.67005239 31.07565274 3.40000000
 C	10.95097028 31.99720339 3.40000000
 C	-11.85757007 22.78195491 3.40000000
 C	13.23188818 32.91875404 3.40000000
 C	-7.29589393 24.62499171 3.40000000
 C	15.51280608 33.84030469 3.40000000
 C	17.79356432 34.76179083 3.40000000
 C	20.07448222 35.68334148 3.40000000
 C	22.35524046 36.60482763 3.40000000
 C	24.63615836 37.52637828 3.40000000
 C	26.91707626 38.44792893 3.40000000
 C	29.19799416 39.36947958 3.40000000
 C	31.47875240 40.29096572 3.40000000
 C	33.75967030 41.21251637 3.40000000
 C	-14.13848797 21.86040426 3.40000000
 C	-5.01513569 25.54647785 3.40000000
 C	36.04042854 42.13400251 3.40000000
 C	38.32134644 43.05555316 3.40000000
 C	40.60226434 43.97710382 3.40000000
 C	42.88318224 44.89865447 3.40000000
 C	45.16394047 45.82014061 3.40000000
 C	-16.41940587 20.93885361 3.40000000
 C	-2.73421779 26.46802850 3.40000000
 C	-18.70032377 20.01730296 3.40000000
 C	-0.45329989 27.38957915 3.40000000
 C	-10.10886935 25.02032962 3.40000000
 C	-21.51313952 20.41270538 3.40000000
 C	1.29550727 29.62799686 3.40000000
 C	3.57631873 30.54950451 3.40000000
 C	5.85723663 31.47105516 3.40000000
 C	8.13815453 32.39260581 3.40000000
 C	10.41891277 33.31409195 3.40000000
 C	-12.38968081 24.09882198 3.40000000
 C	12.69983067 34.23564260 3.40000000
 C	-7.82795145 25.94188027 3.40000000
 C	14.98069535 35.15717175 3.40000000
 C	17.26150681 36.07867940 3.40000000
 C	19.54242471 37.00023005 3.40000000
 C	21.82334261 37.92178070 3.40000000
 C	24.10410084 38.84326684 3.40000000
 C	26.38501874 39.76481749 3.40000000
 C	28.66588342 40.68634664 3.40000000
 C	30.94669488 41.60785429 3.40000000
 C	33.22761278 42.52940494 3.40000000
 C	-14.67054548 23.17729283 3.40000000
 C	35.50853068 43.45095559 3.40000000
 C	-5.54703355 26.86343092 3.40000000
 C	37.78928892 44.37244173 3.40000000
 C	40.07020682 45.29399238 3.40000000
 C	42.35107150 46.21552153 3.40000000
 C	44.63188296 47.13702917 3.40000000
 C	-16.95146338 22.25574218 3.40000000
 C	-3.26627531 27.78491707 3.40000000
 C	-19.23222162 21.33425603 3.40000000
 C	-0.98535741 28.70646772 3.40000000
 C	-20.63870933 21.53192499 3.40000000
 C	-0.11092722 29.82568732 3.40000000
 C	-11.51519739 25.21806308 3.40000000
 C	-9.23443915 26.13954922 3.40000000
 C	2.16999068 30.74723797 3.40000000
 C	4.45074892 31.66872411 3.40000000
 C	6.73166682 32.59027476 3.40000000
 C	9.01242506 33.51176091 3.40000000
 C	11.29334296 34.43331156 3.40000000
 C	13.57426086 35.35486221 3.40000000
 C	15.85517876 36.27641286 3.40000000
 C	18.13593700 37.19789900 3.40000000
 C	20.41685490 38.11944965 3.40000000
 C	22.69761314 39.04093579 3.40000000
 C	-13.79611529 24.29651243 3.40000000
 C	-6.95352125 27.06109988 3.40000000
 C	24.97853104 39.96248645 3.40000000
 C	27.25944894 40.88403710 3.40000000
 C	29.54036684 41.80558775 3.40000000
 C	31.82112508 42.72707389 3.40000000
 C	34.10204297 43.64862454 3.40000000
 C	36.38280121 44.57011068 3.40000000
 C	38.66371911 45.49166133 3.40000000
 C	40.94463701 46.41321198 3.40000000
 C	43.22555491 47.33476263 3.40000000
 C	45.50631315 48.25624878 3.40000000
 C	-16.07703319 23.37496178 3.40000000
 C	-4.67276301 27.98258602 3.40000000
 C	-18.35795109 22.45341113 3.40000000
 C	-2.39184511 28.90413667 3.40000000
 C	-21.17076685 22.84881355 3.40000000
 C	-0.64298473 31.14257588 3.40000000
 C	-12.04730813 26.53493014 3.40000000
 C	-9.76649667 27.45643779 3.40000000
 C	1.63787995 32.06410503 3.40000000
 C	3.91869141 32.98561268 3.40000000
 C	6.19960931 33.90716333 3.40000000
 C	8.48052721 34.82871398 3.40000000
 C	10.76128544 35.75020012 3.40000000
 C	13.04220334 36.67175077 3.40000000
 C	15.32306802 37.59327992 3.40000000
 C	17.60387948 38.51478757 3.40000000
 C	19.88479738 39.43633822 3.40000000
 C	22.16571528 40.35788887 3.40000000
 C	-14.32817281 25.61340100 3.40000000
 C	-7.48557877 28.37798844 3.40000000
 C	24.44647352 41.27937501 3.40000000
 C	26.72739142 42.20092566 3.40000000
 C	29.00825610 43.12245481 3.40000000
 C	31.28906756 44.04396245 3.40000000
 C	33.56998546 44.96551311 3.40000000
 C	35.85090336 45.88706376 3.40000000
 C	38.13166160 46.80854990 3.40000000
 C	40.41257950 47.73010055 3.40000000
 C	42.69344418 48.65162970 3.40000000
 C	44.97425563 49.57313734 3.40000000
 C	-16.60909071 24.69185035 3.40000000
 C	-5.20466087 29.29953909 3.40000000
 C	-18.88984895 23.77036420 3.40000000
 C	-2.92390263 30.22102523 3.40000000
 C	-11.17284868 27.65400073 3.40000000
 C	0.23142150 32.26162496 3.40000000
 C	2.51233940 33.18317561 3.40000000
 C	4.79309763 34.10466176 3.40000000
 C	7.07401553 35.02621241 3.40000000
 C	9.35477377 35.94769855 3.40000000
 C	-13.45376658 26.73245008 3.40000000
 C	-8.89209044 28.57548687 3.40000000
 C	11.63569167 36.86924920 3.40000000
 C	13.91660957 37.79079985 3.40000000
 C	16.19752747 38.71235050 3.40000000
 C	18.47828571 39.63383665 3.40000000
 C	20.75920361 40.55538730 3.40000000
 C	23.03996185 41.47687344 3.40000000
 C	25.32087975 42.39842409 3.40000000
 C	27.60179765 43.31997474 3.40000000
 C	29.88271555 44.24152539 3.40000000
 C	32.16347379 45.16301153 3.40000000
 C	34.44439169 46.08456218 3.40000000
 C	-15.73468448 25.81089942 3.40000000
 C	-6.61117254 29.49703752 3.40000000
 C	36.72514992 47.00604833 3.40000000
 C	39.00606782 47.92759898 3.40000000
 C	41.28698572 48.84914963 3.40000000
 C	43.56790362 49.77070028 3.40000000
 C	45.84866186 50.69218642 3.40000000
 C	-4.33041430 30.41852366 3.40000000
 C	-18.01560238 24.88934877 3.40000000
 C	-20.29636062 23.96786263 3.40000000
 C	-2.04949640 31.34007431 3.40000000
 C	-11.70495942 28.97086779 3.40000000
 C	-0.30063602 33.57851353 3.40000000
 C	1.98022866 34.50004268 3.40000000
 C	4.26104012 35.42155032 3.40000000
 C	6.54195802 36.34310097 3.40000000
 C	8.82287592 37.26465162 3.40000000
 C	-13.98582410 28.04933864 3.40000000
 C	-9.42414796 29.89237543 3.40000000
 C	11.10363416 38.18613777 3.40000000
 C	13.38455205 39.10768842 3.40000000
 C	15.66541673 40.02921756 3.40000000
 C	17.94622819 40.95072521 3.40000000
 C	20.22714609 41.87227586 3.40000000
 C	22.50806399 42.79382651 3.40000000
 C	24.78882223 43.71531265 3.40000000
 C	27.06974013 44.63686331 3.40000000
 C	29.35060481 45.55839245 3.40000000
 C	31.63141627 46.47990010 3.40000000
 C	33.91233417 47.40145075 3.40000000
 C	-16.26674200 27.12778799 3.40000000
 C	-7.14323006 30.81392608 3.40000000
 C	36.19325207 48.32300140 3.40000000
 C	38.47401031 49.24448754 3.40000000
 C	40.75492821 50.16603819 3.40000000
 C	43.03579289 51.08756734 3.40000000
 C	45.31660434 52.00907499 3.40000000
 C	-18.54750024 26.20630185 3.40000000
 C	-4.86231216 31.73547674 3.40000000
 C	-20.82841814 25.28475120 3.40000000
 C	-2.58155392 32.65696288 3.40000000
 C	-1.70712373 33.77618249 3.40000000
 C	-13.11139391 29.16855825 3.40000000
 C	-10.83047601 30.09010890 3.40000000
 C	0.57379417 34.69773314 3.40000000
 C	2.85471207 35.61928379 3.40000000
 C	5.13547031 36.54076993 3.40000000
 C	7.41638821 37.46232059 3.40000000
 C	9.69714644 38.38380673 3.40000000
 C	11.97806434 39.30535738 3.40000000
 C	14.25898224 40.22690803 3.40000000
 C	16.53990014 41.14845868 3.40000000
 C	18.82065838 42.06994482 3.40000000
 C	21.10157628 42.99149547 3.40000000
 C	-15.39231181 28.24700760 3.40000000
 C	-8.54971777 31.01159505 3.40000000
 C	23.38233452 43.91298162 3.40000000
 C	25.66325242 44.83453227 3.40000000
 C	27.94417032 45.75608292 3.40000000
 C	30.22508822 46.67763357 3.40000000
 C	32.50584646 47.59911971 3.40000000
 C	34.78676436 48.52067036 3.40000000
 C	37.06752260 49.44215650 3.40000000
 C	39.34844050 50.36370716 3.40000000
 C	41.62935840 51.28525781 3.40000000
 C	43.91027630 52.20680846 3.40000000
 C	-17.67322971 27.32545695 3.40000000
 C	-6.26879987 31.93314570 3.40000000
 C	46.19103453 53.12829460 3.40000000
 C	-19.95398795 26.40397081 3.40000000
 C	-3.98804163 32.85463184 3.40000000
 C	-2.23918124 35.09307105 3.40000000
 C	-13.64345142 30.48544681 3.40000000
 C	-11.36258674 31.40697596 3.40000000
 C	0.04173666 36.01462170 3.40000000
 C	2.32260133 36.93615085 3.40000000
 C	4.60341279 37.85765849 3.40000000
 C	6.88433069 38.77920914 3.40000000
 C	9.16524859 39.70075979 3.40000000
 C	11.44600683 40.62224594 3.40000000
 C	13.72692473 41.54379659 3.40000000
 C	16.00778941 42.46532573 3.40000000
 C	18.28860087 43.38683338 3.40000000
 C	20.56951877 44.30838403 3.40000000
 C	-15.92436932 29.56389616 3.40000000
 C	-9.08177528 32.32848360 3.40000000
 C	22.85043667 45.22993468 3.40000000
 C	25.13119491 46.15142082 3.40000000
 C	27.41211281 47.07297147 3.40000000
 C	29.69297749 47.99450062 3.40000000
 C	31.97378895 48.91600827 3.40000000
 C	34.25470685 49.83755892 3.40000000
 C	36.53562474 50.75910957 3.40000000
 C	38.81638298 51.68059571 3.40000000
 C	41.09730088 52.60214636 3.40000000
 C	43.37816556 53.52367551 3.40000000
 C	-18.20512756 28.64241002 3.40000000
 C	-6.80085738 33.25003425 3.40000000
 C	45.65897702 54.44518316 3.40000000
 C	-20.48604546 27.72085937 3.40000000
 C	-4.51993948 34.17158490 3.40000000
 C	-12.76902123 31.60466642 3.40000000
 C	-1.36475106 36.21229066 3.40000000
 C	0.91616684 37.13384131 3.40000000
 C	3.19708474 38.05539196 3.40000000
 C	5.47784298 38.97687810 3.40000000
 C	7.75876088 39.89842875 3.40000000
 C	-15.04993913 30.68311577 3.40000000
 C	10.03951912 40.81991490 3.40000000
 C	-10.48810333 32.52621707 3.40000000
 C	12.32043702 41.74146555 3.40000000
 C	14.60135492 42.66301620 3.40000000
 C	16.88227282 43.58456685 3.40000000
 C	19.16303106 44.50605299 3.40000000
 C	21.44394896 45.42760364 3.40000000
 C	23.72470720 46.34908979 3.40000000
 C	26.00562510 47.27064044 3.40000000
 C	28.28654300 48.19219109 3.40000000
 C	30.56746090 49.11374174 3.40000000
 C	32.84821913 50.03522788 3.40000000
 C	-17.33085703 29.76156512 3.40000000
 C	-8.20734509 33.44770322 3.40000000
 C	35.12913703 50.95677853 3.40000000
 C	37.40989527 51.87826467 3.40000000
 C	39.69081317 52.79981532 3.40000000
 C	41.97173107 53.72136597 3.40000000
 C	44.25264897 54.64291662 3.40000000
 C	46.53340721 55.56440277 3.40000000
 C	-19.61161527 28.84007898 3.40000000
 C	-5.92642719 34.36925387 3.40000000
 C	-3.64566895 35.29074001 3.40000000
 C	-13.30108674 32.92149815 3.40000000
 C	-1.89681656 37.52912238 3.40000000
 C	0.38410134 38.45067303 3.40000000
 C	2.66496602 39.37220218 3.40000000
 C	4.94577748 40.29370983 3.40000000
 C	7.22669538 41.21526048 3.40000000
 C	-15.58200464 31.99994750 3.40000000
 C	9.50761328 42.13681113 3.40000000
 C	-11.02022206 33.84302729 3.40000000
 C	11.78837152 43.05829727 3.40000000
 C	14.06928942 43.97984792 3.40000000
 C	16.35015409 44.90137707 3.40000000
 C	18.63096555 45.82288472 3.40000000
 C	20.91188345 46.74443537 3.40000000
 C	23.19280135 47.66598602 3.40000000
 C	25.47355959 48.58747216 3.40000000
 C	27.75447749 49.50902281 3.40000000
 C	30.03534217 50.43055196 3.40000000
 C	-17.86276288 31.07846135 3.40000000
 C	32.31615363 51.35205960 3.40000000
 C	-8.73941060 34.76453494 3.40000000
 C	34.59707153 52.27361025 3.40000000
 C	36.87798943 53.19516090 3.40000000
 C	39.15874767 54.11664705 3.40000000
 C	41.43966557 55.03819770 3.40000000
 C	43.72053025 55.95972685 3.40000000
 C	46.00134171 56.88123449 3.40000000
 C	-20.14368077 30.15691070 3.40000000
 C	-6.45849270 35.68608559 3.40000000
 C	-4.17757480 36.60763624 3.40000000
 C	-3.30329628 37.72684818 3.40000000
 C	-14.70756645 33.11922394 3.40000000
 C	-12.42664856 34.04077459 3.40000000
 C	-1.02237838 38.64839883 3.40000000
 C	1.25853952 39.56994948 3.40000000
 C	3.53945742 40.49150013 3.40000000
 C	5.82021566 41.41298627 3.40000000
 C	8.10113356 42.33453692 3.40000000
 C	10.38189180 43.25602307 3.40000000
 C	12.66280970 44.17757372 3.40000000
 C	14.94372760 45.09912437 3.40000000
 C	17.22464550 46.02067502 3.40000000
 C	19.50540374 46.94216116 3.40000000
 C	-16.98848435 32.19767329 3.40000000
 C	-10.14573066 34.96232524 3.40000000
 C	21.78632163 47.86371181 3.40000000
 C	24.06707987 48.78519795 3.40000000
 C	26.34799777 49.70674860 3.40000000
 C	28.62891567 50.62829925 3.40000000
 C	30.90983357 51.54984991 3.40000000
 C	33.19059181 52.47133605 3.40000000
 C	35.47150971 53.39288670 3.40000000
 C	37.75226795 54.31437284 3.40000000
 C	40.03318585 55.23592349 3.40000000
 C	42.31410375 56.15747414 3.40000000
 C	-19.26924259 31.27618715 3.40000000
 C	-7.86497242 35.88381138 3.40000000
 C	44.59502165 57.07902479 3.40000000
 C	46.87577989 58.00051094 3.40000000
 C	-5.58405452 36.80536203 3.40000000
 C	-3.83521810 39.04363073 3.40000000
 C	-15.23964794 34.43594198 3.40000000
 C	-12.95873004 35.35749263 3.40000000
 C	-1.55445986 39.96511687 3.40000000
 C	0.72645804 40.88666752 3.40000000
 C	3.00732272 41.80819667 3.40000000
 C	5.28813418 42.72970431 3.40000000
 C	7.56905208 43.65125496 3.40000000
 C	9.84996998 44.57280561 3.40000000
 C	12.13072821 45.49429176 3.40000000
 C	14.41164611 46.41584241 3.40000000
 C	16.69251079 47.33737156 3.40000000
 C	18.97332225 48.25887920 3.40000000
 C	-17.52040618 33.51445584 3.40000000
 C	-10.67786536 36.27902178 3.40000000
 C	21.25424015 49.18042985 3.40000000
 C	23.53515805 50.10198050 3.40000000
 C	25.81591629 51.02346665 3.40000000
 C	28.09683419 51.94501730 3.40000000
 C	30.37769887 52.86654644 3.40000000
 C	32.65851033 53.78805409 3.40000000
 C	34.93942823 54.70960474 3.40000000
 C	37.22034613 55.63115539 3.40000000
 C	39.50110437 56.55264153 3.40000000
 C	41.78202227 57.47419218 3.40000000
 C	-19.80132408 32.59290519 3.40000000
 C	-8.39705390 37.20052942 3.40000000
 C	44.06288695 58.39572133 3.40000000
 C	46.34369840 59.31722898 3.40000000
 C	-6.11613600 38.12208008 3.40000000
 C	-14.36521774 35.55516158 3.40000000
 C	-2.96094757 40.16278582 3.40000000
 C	-0.68002967 41.08433647 3.40000000
 C	1.60088823 42.00588712 3.40000000
 C	3.88180613 42.92743777 3.40000000
 C	6.16256437 43.84892392 3.40000000
 C	8.44348227 44.77047457 3.40000000
 C	-16.64613564 34.63361093 3.40000000
 C	-12.08429984 36.47671223 3.40000000
 C	10.72424051 45.69196071 3.40000000
 C	13.00515841 46.61351136 3.40000000
 C	15.28607631 47.53506201 3.40000000
 C	17.56699421 48.45661266 3.40000000
 C	19.84775245 49.37809880 3.40000000
 C	22.12867035 50.29964946 3.40000000
 C	24.40942858 51.22113560 3.40000000
 C	26.69034648 52.14268625 3.40000000
 C	28.97126438 53.06423690 3.40000000
 C	-18.92689388 33.71212479 3.40000000
 C	31.25218228 53.98578755 3.40000000
 C	-9.80338194 37.39826289 3.40000000
 C	33.53294052 54.90727369 3.40000000
 C	35.81385842 55.82882434 3.40000000
 C	38.09461666 56.75031049 3.40000000
 C	40.37553456 57.67186114 3.40000000
 C	42.65645246 58.59341179 3.40000000
 C	44.93737036 59.51496244 3.40000000
 C	-7.52262371 38.31974903 3.40000000
 C	-5.24170581 39.24129968 3.40000000
 H	-27.08432913 -38.03381899 3.40000000
 H	-24.80346144 -37.11228863 3.40000000
 H	-22.52254354 -36.19073798 3.40000000
 H	-20.24164237 -35.26919409 3.40000000
 H	-17.96086740 -34.34770119 3.40000000
 H	-15.67994950 -33.42615054 3.40000000
 H	-13.39914106 -32.50464410 3.40000000
 H	-11.11827336 -31.58311374 3.40000000
 H	-8.83735546 -30.66156309 3.40000000
 H	-6.55645430 -29.74001920 3.40000000
 H	-4.27567932 -28.81852630 3.40000000
 H	-1.99476142 -27.89697565 3.40000000
 H	0.28604702 -26.97546921 3.40000000
 H	2.56691471 -26.05393885 3.40000000
 H	4.84783261 -25.13238820 3.40000000
 H	7.12873378 -24.21084431 3.40000000
 H	9.40950875 -23.28935141 3.40000000
 H	11.69042665 -22.36780076 3.40000000
 H	13.97123509 -21.44629432 3.40000000
 H	16.25210279 -20.52476397 3.40000000
 H	18.53302069 -19.60321332 3.40000000
 H	20.81392185 -18.68166943 3.40000000
 H	23.09469683 -17.76017652 3.40000000
 H	25.37561473 -16.83862587 3.40000000
 H	27.65642317 -15.91711943 3.40000000
 H	29.93729087 -14.99558908 3.40000000
 H	32.21820877 -14.07403843 3.40000000
 H	34.49910993 -13.15249454 3.40000000
 H	36.77988490 -12.23100163 3.40000000
 H	38.25378468 -10.34449596 3.40000000
 H	38.59614981 -7.90844141 3.40000000
 H	38.93850605 -5.47245014 3.40000000
 H	39.28087873 -3.03634197 3.40000000
 H	39.62324594 -0.60027277 3.40000000
 H	39.96560013 1.83570385 3.40000000
 H	40.30797280 4.27181201 3.40000000
 H	40.65033794 6.70786656 3.40000000
 H	40.99269418 9.14385783 3.40000000
 H	41.33506685 11.57996600 3.40000000
 H	41.67743406 14.01603520 3.40000000
 H	42.01978825 16.45201182 3.40000000
 H	42.36216093 18.88811999 3.40000000
 H	42.70452606 21.32417454 3.40000000
 H	43.04688230 23.76016580 3.40000000
 H	43.38925498 26.19627397 3.40000000
 H	43.73162218 28.63234318 3.40000000
 H	44.07397637 31.06831979 3.40000000
 H	44.41634905 33.50442796 3.40000000
 H	44.75871418 35.94048251 3.40000000
 H	45.10107042 38.37647378 3.40000000
 H	45.44344310 40.81258195 3.40000000
 H	45.78581031 43.24865115 3.40000000
 H	46.12816450 45.68462776 3.40000000
 H	46.47053717 48.12073593 3.40000000
 H	46.81290231 50.55679048 3.40000000
 H	47.15525855 52.99278175 3.40000000
 H	47.49763122 55.42888992 3.40000000
 H	47.83999843 57.86495912 3.40000000
 H	46.94316799 60.08451505 3.40000000
 H	44.57257943 60.41774662 3.40000000
 H	42.29169802 59.49621071 3.40000000
 H	40.01078012 58.57466006 3.40000000
 H	37.72997168 57.65315362 3.40000000
 H	35.44910398 56.73162326 3.40000000
 H	33.16818608 55.81007261 3.40000000
 H	30.88739136 54.88857173 3.40000000
 H	28.60650994 53.96703582 3.40000000
 H	26.32559204 53.04548517 3.40000000
 H	24.04478360 52.12397873 3.40000000
 H	21.76391591 51.20244837 3.40000000
 H	19.48299801 50.28089772 3.40000000
 H	17.20220328 49.35939684 3.40000000
 H	14.92132187 48.43786093 3.40000000
 H	12.64040397 47.51631028 3.40000000
 H	10.35959553 46.59480384 3.40000000
 H	8.07872783 45.67327349 3.40000000
 H	5.79780993 44.75172284 3.40000000
 H	3.51701521 43.83022195 3.40000000
 H	1.23613379 42.90868604 3.40000000
 H	-1.04478411 41.98713539 3.40000000
 H	-3.32559255 41.06562895 3.40000000
 H	-5.60646025 40.14409860 3.40000000
 H	-7.88737815 39.22254795 3.40000000
 H	-10.16817287 38.30104706 3.40000000
 H	-12.44905428 37.37951115 3.40000000
 H	-14.72997218 36.45796050 3.40000000
 H	-17.01078063 35.53645407 3.40000000
 H	-19.29164832 34.61492371 3.40000000
 H	-20.76554810 32.72841803 3.40000000
 H	-21.10789932 30.29246252 3.40000000
 H	-21.45026947 27.85637222 3.40000000
 H	-21.79264215 25.42026405 3.40000000
 H	-22.13500729 22.98420949 3.40000000
 H	-22.47736354 20.54821823 3.40000000
 H	-22.81973622 18.11211006 3.40000000
 H	-23.16208744 15.67615455 3.40000000
 H	-23.50445760 13.24006424 3.40000000
 H	-23.84683027 10.80395607 3.40000000
 H	-24.18919541 8.36790152 3.40000000
 H	-24.53155167 5.93191026 3.40000000
 H	-24.87392434 3.49580209 3.40000000
 H	-25.21627556 1.05984657 3.40000000
 H	-25.55864572 -1.37624373 3.40000000
 H	-25.90101840 -3.81235190 3.40000000
 H	-26.24338354 -6.24840645 3.40000000
 H	-26.58573979 -8.68439771 3.40000000
 H	-26.92811247 -11.12050588 3.40000000
 H	-27.27046369 -13.55646140 3.40000000
 H	-27.61283384 -15.99255170 3.40000000
 H	-27.95520652 -18.42865987 3.40000000
 H	-28.29757166 -20.86471442 3.40000000
 H	-28.63992792 -23.30070569 3.40000000
 H	-28.98230059 -25.73681385 3.40000000
 H	-29.32465181 -28.17276937 3.40000000
 H	-29.66702197 -30.60885967 3.40000000
 H	-30.00939464 -33.04496784 3.40000000
 H	-30.35175978 -35.48102239 3.40000000
 H	-29.45493141 -37.70059297 3.40000000
