 C	8.65267754 -22.54099564 3.40000000
 C	-2.83026984 -26.94888615 3.40000000
 C	20.13573210 -18.13306398 3.40000000
 C	-5.12692362 -27.83048894 3.40000000
 C	22.43227870 -17.25150234 3.40000000
 C	-7.42347023 -28.71205059 3.40000000
 C	24.72893248 -16.36989955 3.40000000
 C	-9.72007042 -29.59363281 3.40000000
 C	27.02558627 -15.48829676 3.40000000
 C	-12.01672420 -30.47523559 3.40000000
 C	29.32207928 -14.60675568 3.40000000
 C	6.35613093 -23.42255729 3.40000000
 C	-14.31321722 -31.35677667 3.40000000
 C	31.61873307 -13.72515290 3.40000000
 C	10.94933132 -21.65939285 3.40000000
 C	-16.60987100 -32.23837946 3.40000000
 C	33.91533326 -12.84357068 3.40000000
 C	-18.90652479 -33.11998225 3.40000000
 C	36.21187987 -11.96200903 3.40000000
 C	-21.20307139 -34.00154389 3.40000000
 C	-23.49967159 -34.88312611 3.40000000
 C	-25.79632537 -35.76472890 3.40000000
 C	-28.09281839 -36.64626997 3.40000000
 C	4.05953074 -24.30413950 3.40000000
 C	13.24598510 -20.77779006 3.40000000
 C	1.76287696 -25.18574229 3.40000000
 C	15.54247812 -19.89624899 3.40000000
 C	-0.53361606 -26.06728337 3.40000000
 C	17.83913190 -19.01464620 3.40000000
 C	-1.93643975 -25.84509793 3.40000000
 C	18.73296199 -17.91085797 3.40000000
 C	7.25001461 -22.31874849 3.40000000
 C	9.54650763 -21.43720741 3.40000000
 C	-4.23309353 -26.72670071 3.40000000
 C	21.02961577 -17.02925518 3.40000000
 C	-6.52958655 -27.60824179 3.40000000
 C	23.32610879 -16.14771411 3.40000000
 C	-8.82624033 -28.48984458 3.40000000
 C	25.62276257 -15.26611132 3.40000000
 C	-11.12289412 -29.37144736 3.40000000
 C	27.91925559 -14.38457024 3.40000000
 C	-13.41954790 -30.25305015 3.40000000
 C	30.21590937 -13.50296745 3.40000000
 C	-15.71604092 -31.13459123 3.40000000
 C	32.51256315 -12.62136467 3.40000000
 C	-18.01269470 -32.01619402 3.40000000
 C	34.80921694 -11.73976188 3.40000000
 C	-20.30918772 -32.89773509 3.40000000
 C	37.10570995 -10.85822080 3.40000000
 C	-22.60584150 -33.77933788 3.40000000
 C	-24.90249528 -34.66094067 3.40000000
 C	4.95336083 -23.20035127 3.40000000
 C	11.84316141 -20.55560462 3.40000000
 C	-27.19914906 -35.54254346 3.40000000
 C	-29.49564208 -36.42408453 3.40000000
 C	2.65670705 -24.08195406 3.40000000
 C	14.13965443 -19.67406354 3.40000000
 C	0.36005327 -24.96355685 3.40000000
 C	16.43630821 -18.79246076 3.40000000
 C	-2.44543336 -24.51912424 3.40000000
 C	18.22396838 -16.58488429 3.40000000
 C	6.74096741 -20.99279538 3.40000000
 C	9.03751402 -20.11123373 3.40000000
 C	-4.74208714 -25.40072703 3.40000000
 C	20.52056858 -15.70330207 3.40000000
 C	-7.03863375 -26.28228868 3.40000000
 C	22.81711518 -14.82174042 3.40000000
 C	-9.33523394 -27.16387090 3.40000000
 C	25.11376897 -13.94013764 3.40000000
 C	-11.63188772 -28.04547368 3.40000000
 C	27.41042275 -13.05853485 3.40000000
 C	-13.92838074 -28.92701476 3.40000000
 C	29.70691577 -12.17699377 3.40000000
 C	-16.22503452 -29.80861755 3.40000000
 C	32.00356955 -11.29539099 3.40000000
 C	-18.52168831 -30.69022034 3.40000000
 C	34.30016974 -10.41380877 3.40000000
 C	-20.81823491 -31.57178198 3.40000000
 C	36.59671635 -9.53224712 3.40000000
 C	-23.11483511 -32.45336420 3.40000000
 C	-25.41148889 -33.33496699 3.40000000
 C	4.44436722 -21.87437759 3.40000000
 C	11.33416780 -19.22963094 3.40000000
 C	-27.70798191 -34.21650806 3.40000000
 C	-30.00463569 -35.09811085 3.40000000
 C	2.14771344 -22.75598038 3.40000000
 C	13.63082158 -18.34802815 3.40000000
 C	-0.14877958 -23.63752146 3.40000000
 C	15.92731460 -17.46648708 3.40000000
 C	7.63482415 -19.88915666 3.40000000
 C	-3.84828399 -24.29710888 3.40000000
 C	19.11777153 -15.48126614 3.40000000
 C	-6.14477701 -25.17864996 3.40000000
 C	21.41442532 -14.59966335 3.40000000
 C	-8.44143079 -26.06025275 3.40000000
 C	23.71091833 -13.71812228 3.40000000
 C	-10.73808457 -26.94185553 3.40000000
 C	26.00757212 -12.83651949 3.40000000
 C	28.30406513 -11.95497841 3.40000000
 C	-13.03473835 -27.82345832 3.40000000
 C	5.33817037 -20.77075944 3.40000000
 C	9.93131717 -19.00761558 3.40000000
 C	-15.33123137 -28.70499940 3.40000000
 C	30.60071892 -11.07337562 3.40000000
 C	-17.62788515 -29.58660219 3.40000000
 C	32.89737270 -10.19177284 3.40000000
 C	-19.92437817 -30.46814326 3.40000000
 C	35.19402648 -9.31017005 3.40000000
 C	-22.22103195 -31.34974605 3.40000000
 C	37.49051950 -8.42862897 3.40000000
 C	-24.51768574 -32.23134884 3.40000000
 C	-26.81433952 -33.11295163 3.40000000
 C	-29.11083254 -33.99449270 3.40000000
 C	3.04151659 -21.65236223 3.40000000
 C	12.22797095 -18.12601279 3.40000000
 C	14.52446397 -17.24447171 3.40000000
 C	0.74486281 -22.53396502 3.40000000
 C	-1.55163021 -23.41550609 3.40000000
 C	16.82111775 -16.36286893 3.40000000
 C	7.12577696 -18.56320355 3.40000000
 C	-4.35727760 -22.97113520 3.40000000
 C	18.60877793 -14.15529246 3.40000000
 C	-6.65382421 -23.85269685 3.40000000
 C	20.90537812 -13.27371024 3.40000000
 C	-8.95042440 -24.73427907 3.40000000
 C	23.20192473 -12.39214859 3.40000000
 C	-11.24707818 -25.61588185 3.40000000
 C	25.49857851 -11.51054581 3.40000000
 C	-13.54357120 -26.49742293 3.40000000
 C	27.79523229 -10.62894302 3.40000000
 C	4.82917676 -19.44478576 3.40000000
 C	9.42232356 -17.68164190 3.40000000
 C	-15.84022498 -27.37902572 3.40000000
 C	30.09172531 -9.74740194 3.40000000
 C	-18.13687876 -28.26062851 3.40000000
 C	32.38837909 -8.86579916 3.40000000
 C	-20.43342537 -29.14219015 3.40000000
 C	34.68497928 -7.98421694 3.40000000
 C	-22.73002556 -30.02377237 3.40000000
 C	36.98152589 -7.10265529 3.40000000
 C	-25.02667934 -30.90537516 3.40000000
 C	-27.32317236 -31.78691623 3.40000000
 C	-29.61982614 -32.66851902 3.40000000
 C	2.53252298 -20.32638855 3.40000000
 C	11.71897735 -16.80003911 3.40000000
 C	0.23602996 -21.20792963 3.40000000
 C	14.01563113 -15.91843632 3.40000000
 C	-2.06062382 -22.08953241 3.40000000
 C	16.31212415 -15.03689525 3.40000000
 C	-3.46344751 -21.86734696 3.40000000
 C	17.20595423 -13.93310701 3.40000000
 C	5.72300685 -18.34099752 3.40000000
 C	8.01966063 -17.45939474 3.40000000
 C	-5.75994053 -22.74888804 3.40000000
 C	19.50260801 -13.05150422 3.40000000
 C	-8.05659431 -23.63049083 3.40000000
 C	21.79926179 -12.16990143 3.40000000
 C	-10.35324810 -24.51209361 3.40000000
 C	24.09575481 -11.28836036 3.40000000
 C	-12.64990188 -25.39369640 3.40000000
 C	26.39240859 -10.40675757 3.40000000
 C	-14.94639490 -26.27523748 3.40000000
 C	28.68890161 -9.52521649 3.40000000
 C	-17.24304868 -27.15684027 3.40000000
 C	30.98555539 -8.64361370 3.40000000
 C	-19.53954170 -28.03838134 3.40000000
 C	33.28220918 -7.76201092 3.40000000
 C	-21.83619548 -28.91998413 3.40000000
 C	35.57886296 -6.88040813 3.40000000
 C	-24.13284926 -29.80158692 3.40000000
 C	37.87535598 -5.99886705 3.40000000
 C	-26.42950304 -30.68318971 3.40000000
 C	3.42635307 -19.22260031 3.40000000
 C	10.31615365 -16.57785366 3.40000000
 C	-28.72599606 -31.56473078 3.40000000
 C	1.12969929 -20.10420310 3.40000000
 C	12.61280743 -15.69625087 3.40000000
 C	-1.16679373 -20.98574418 3.40000000
 C	14.90930045 -14.81470979 3.40000000
 C	-3.97244112 -20.54137329 3.40000000
 C	16.69696063 -12.60713334 3.40000000
 C	5.21401325 -17.01502385 3.40000000
 C	7.51061344 -16.13344163 3.40000000
 C	-6.26898772 -21.42293494 3.40000000
 C	18.99361441 -11.72553055 3.40000000
 C	-8.56558792 -22.30451716 3.40000000
 C	21.29021460 -10.84394833 3.40000000
 C	-10.86224170 -23.18611994 3.40000000
 C	23.58676121 -9.96238668 3.40000000
 C	-13.15873472 -24.06766102 3.40000000
 C	25.88341499 -9.08078390 3.40000000
 C	-15.45538850 -24.94926381 3.40000000
 C	28.18006877 -8.19918111 3.40000000
 C	-17.75204228 -25.83086659 3.40000000
 C	30.47656179 -7.31764003 3.40000000
 C	-20.04858889 -26.71242824 3.40000000
 C	32.77321557 -6.43603724 3.40000000
 C	-22.34518908 -27.59401046 3.40000000
 C	35.06981576 -5.55445503 3.40000000
 C	-24.64184286 -28.47561325 3.40000000
 C	37.36636237 -4.67289338 3.40000000
 C	-26.93833588 -29.35715432 3.40000000
 C	2.91735946 -17.89662664 3.40000000
 C	9.80716005 -15.25187999 3.40000000
 C	-29.23498966 -30.23875711 3.40000000
 C	0.62086645 -18.77816772 3.40000000
 C	12.10381383 -14.37027720 3.40000000
 C	-1.67578734 -19.65977050 3.40000000
 C	14.40046761 -13.48867441 3.40000000
 C	6.10784333 -15.91123561 3.40000000
 C	-5.37510405 -20.31912613 3.40000000
 C	17.59079071 -11.50334510 3.40000000
 C	-7.67175783 -21.20072892 3.40000000
 C	19.88744449 -10.62174231 3.40000000
 C	-9.96841161 -22.08233170 3.40000000
 C	22.18409827 -9.74013952 3.40000000
 C	-12.26506540 -22.96393449 3.40000000
 C	24.48059129 -8.85859845 3.40000000
 C	-14.56155841 -23.84547557 3.40000000
 C	26.77724507 -7.97699566 3.40000000
 C	3.81118955 -16.79283840 3.40000000
 C	-16.85821220 -24.72707836 3.40000000
 C	29.07373809 -7.09545458 3.40000000
 C	8.40449711 -15.02963283 3.40000000
 C	-19.15470521 -25.60861943 3.40000000
 C	31.37039187 -6.21385179 3.40000000
 C	-21.45135900 -26.49022222 3.40000000
 C	33.66704566 -5.33224901 3.40000000
 C	-23.74801278 -27.37182501 3.40000000
 C	35.96369944 -4.45064622 3.40000000
 C	-26.04466656 -28.25342780 3.40000000
 C	38.26019246 -3.56910514 3.40000000
 C	-28.34115958 -29.13496887 3.40000000
 C	1.51453577 -17.67444119 3.40000000
 C	10.70099013 -14.14809175 3.40000000
 C	-0.78195725 -18.55598226 3.40000000
 C	12.99764391 -13.26648896 3.40000000
 C	-3.07861103 -19.43758505 3.40000000
 C	15.29413693 -12.38494788 3.40000000
 C	5.59884074 -14.58531863 3.40000000
 C	-5.88416023 -18.99322971 3.40000000
 C	17.08178813 -10.17742811 3.40000000
 C	-8.18076042 -19.87481193 3.40000000
 C	19.37844191 -9.29582532 3.40000000
 C	-10.47741420 -20.75641472 3.40000000
 C	21.67504210 -8.41424310 3.40000000
 C	-12.77390722 -21.63795579 3.40000000
 C	23.97158871 -7.53268146 3.40000000
 C	-15.07056100 -22.51955858 3.40000000
 C	26.26824249 -6.65107867 3.40000000
 C	-17.36721478 -23.40116137 3.40000000
 C	3.30218696 -15.46692141 3.40000000
 C	28.56489627 -5.76947588 3.40000000
 C	7.89544094 -13.70373641 3.40000000
 C	-19.66376139 -24.28272302 3.40000000
 C	30.86138929 -4.88793481 3.40000000
 C	-21.96036158 -25.16430523 3.40000000
 C	33.15804307 -4.00633202 3.40000000
 C	-24.25701536 -26.04590802 3.40000000
 C	35.45464326 -3.12474980 3.40000000
 C	-26.55350838 -26.92744910 3.40000000
 C	37.75118987 -2.24318815 3.40000000
 C	-28.85016216 -27.80905188 3.40000000
 C	1.00569394 -16.34846249 3.40000000
 C	10.19198754 -12.82217476 3.40000000
 C	-1.29095984 -17.23006528 3.40000000
 C	12.48864133 -11.94057197 3.40000000
 C	-3.58761362 -18.11166806 3.40000000
 C	14.78529511 -11.05896919 3.40000000
 C	-4.99026757 -17.88936422 3.40000000
 C	15.67897341 -9.95518597 3.40000000
 C	4.19602603 -14.36307649 3.40000000
 C	6.49267981 -13.48147370 3.40000000
 C	-7.28692135 -18.77096701 3.40000000
 C	17.97562719 -9.07358319 3.40000000
 C	-9.58357513 -19.65256979 3.40000000
 C	20.27228097 -8.19198040 3.40000000
 C	-11.88022891 -20.53417258 3.40000000
 C	22.56893476 -7.31037761 3.40000000
 C	-14.17672193 -21.41571366 3.40000000
 C	24.86542777 -6.42883653 3.40000000
 C	-16.47337571 -22.29731645 3.40000000
 C	27.16208156 -5.54723375 3.40000000
 C	-18.76986873 -23.17885752 3.40000000
 C	29.45857457 -4.66569267 3.40000000
 C	-21.06652251 -24.06046031 3.40000000
 C	31.75522836 -3.78408988 3.40000000
 C	-23.36317630 -24.94206310 3.40000000
 C	34.05188214 -2.90248710 3.40000000
 C	-25.65983008 -25.82366588 3.40000000
 C	36.34853592 -2.02088431 3.40000000
 C	-27.95632310 -26.70520696 3.40000000
 C	38.64502894 -1.13934323 3.40000000
 C	1.89937225 -15.24467928 3.40000000
 C	8.78933359 -12.59987091 3.40000000
 C	-0.39712077 -16.12622035 3.40000000
 C	11.08582661 -11.71832984 3.40000000
 C	-2.69377455 -17.00782314 3.40000000
 C	13.38248039 -10.83672705 3.40000000
 C	-5.49934170 -16.56358119 3.40000000
 C	15.17011363 -8.62932066 3.40000000
 C	3.68700548 -13.03727289 3.40000000
 C	5.98365927 -12.15567010 3.40000000
 C	-7.79594190 -17.44516341 3.40000000
 C	17.46660665 -7.74777959 3.40000000
 C	-10.09259568 -18.32676619 3.40000000
 C	19.76326043 -6.86617680 3.40000000
 C	-12.38908870 -19.20830727 3.40000000
 C	22.05986062 -5.98459458 3.40000000
 C	-14.68574248 -20.08991006 3.40000000
 C	24.35640723 -5.10303293 3.40000000
 C	-16.98239626 -20.97151284 3.40000000
 C	26.65306101 -4.22143015 3.40000000
 C	-19.27894287 -21.85307449 3.40000000
 C	28.94971479 -3.33982736 3.40000000
 C	-21.57554306 -22.73465671 3.40000000
 C	31.24620781 -2.45828628 3.40000000
 C	-23.87219684 -23.61625950 3.40000000
 C	33.54286159 -1.57668349 3.40000000
 C	-26.16868986 -24.49780057 3.40000000
 C	35.83946179 -0.69510128 3.40000000
 C	-28.46534364 -25.37940336 3.40000000
 C	38.13600839 0.18646037 3.40000000
 C	1.39051247 -13.91881397 3.40000000
 C	8.28025946 -11.27408788 3.40000000
 C	-0.90614132 -14.80041675 3.40000000
 C	10.57680607 -10.39252624 3.40000000
 C	-3.20279510 -15.68201954 3.40000000
 C	12.87345985 -9.51092345 3.40000000
 C	4.58083557 -11.93348466 3.40000000
 C	-6.90211181 -16.34137518 3.40000000
 C	16.06378296 -7.52559414 3.40000000
 C	-9.19876559 -17.22297796 3.40000000
 C	18.36043674 -6.64399136 3.40000000
 C	-11.49541937 -18.10458075 3.40000000
 C	20.65709052 -5.76238857 3.40000000
 C	-13.79191239 -18.98612183 3.40000000
 C	22.95374430 -4.88078578 3.40000000
 C	-16.08856617 -19.86772462 3.40000000
 C	25.25023732 -3.99924470 3.40000000
 C	-18.38505919 -20.74926569 3.40000000
 C	27.54689110 -3.11764192 3.40000000
 C	2.28418179 -12.81508745 3.40000000
 C	6.87748935 -11.05188187 3.40000000
 C	-20.68171297 -21.63086848 3.40000000
 C	29.84338412 -2.23610084 3.40000000
 C	-22.97836675 -22.51247127 3.40000000
 C	32.14003790 -1.35449805 3.40000000
 C	-25.27502053 -23.39407405 3.40000000
 C	34.43669168 -0.47289527 3.40000000
 C	-27.57151355 -24.27561513 3.40000000
 C	36.73334546 0.40870752 3.40000000
 C	39.02983848 1.29024860 3.40000000
 C	-0.01231123 -13.69662852 3.40000000
 C	9.17414314 -10.17027908 3.40000000
 C	-2.30896501 -14.57823131 3.40000000
 C	11.47063616 -9.28873801 3.40000000
 C	-4.60545803 -15.45977239 3.40000000
 C	13.76728994 -8.40713522 3.40000000
 C	4.07184197 -10.60751098 3.40000000
 C	-7.41110542 -15.01540149 3.40000000
 C	15.55495011 -6.19955875 3.40000000
 C	-9.70775920 -15.89700428 3.40000000
 C	17.85144313 -5.31801768 3.40000000
 C	-12.00425222 -16.77854536 3.40000000
 C	20.14809691 -4.43641489 3.40000000
 C	-14.30090600 -17.66014815 3.40000000
 C	22.44469710 -3.55483267 3.40000000
 C	-16.59755978 -18.54175093 3.40000000
 C	24.74124371 -2.67327102 3.40000000
 C	1.77534895 -11.48905206 3.40000000
 C	-18.89410638 -19.42331258 3.40000000
 C	27.03789749 -1.79166824 3.40000000
 C	6.36849575 -9.72590819 3.40000000
 C	-21.19070658 -20.30489480 3.40000000
 C	29.33455127 -0.91006545 3.40000000
 C	-23.48736036 -21.18649759 3.40000000
 C	31.63104429 -0.02852437 3.40000000
 C	-25.78385338 -22.06803866 3.40000000
 C	33.92769807 0.85307842 3.40000000
 C	-28.08050716 -22.94964145 3.40000000
 C	36.22429827 1.73466063 3.40000000
 C	38.52084487 2.61622228 3.40000000
 C	-0.52130483 -12.37065484 3.40000000
 C	8.66509594 -8.84432597 3.40000000
 C	-2.81795862 -13.25225763 3.40000000
 C	10.96164255 -7.96276433 3.40000000
 C	-5.11450522 -14.13381928 3.40000000
 C	13.25829633 -7.08116154 3.40000000
 C	-6.51727533 -13.91161327 3.40000000
 C	14.15212642 -5.97737331 3.40000000
 C	2.66901827 -10.38532554 3.40000000
 C	4.96567205 -9.50372275 3.40000000
 C	-8.81392911 -14.79321605 3.40000000
 C	16.44861944 -5.09583223 3.40000000
 C	-11.11058289 -15.67481884 3.40000000
 C	18.74527322 -4.21422945 3.40000000
 C	-13.40707591 -16.55635992 3.40000000
 C	21.04192700 -3.33262666 3.40000000
 C	-15.70372969 -17.43796270 3.40000000
 C	23.33858078 -2.45102387 3.40000000
 C	-18.00022271 -18.31950378 3.40000000
 C	25.63507380 -1.56948279 3.40000000
 C	-20.29687649 -19.20110657 3.40000000
 C	27.93172758 -0.68788001 3.40000000
 C	-22.59353027 -20.08270936 3.40000000
 C	30.22822060 0.19366107 3.40000000
 C	-24.89018405 -20.96431214 3.40000000
 C	32.52487438 1.07526386 3.40000000
 C	-27.18667707 -21.84585322 3.40000000
 C	34.82152816 1.95686665 3.40000000
 C	37.11818194 2.83846943 3.40000000
 C	0.37252525 -11.26686661 3.40000000
 C	7.26232584 -8.62211996 3.40000000
 C	39.41467496 3.72001051 3.40000000
 C	-1.92412853 -12.14846940 3.40000000
 C	9.55897962 -7.74051717 3.40000000
 C	-4.22062155 -13.03001048 3.40000000
 C	11.85547264 -6.85897610 3.40000000
 C	-7.02626893 -12.58563958 3.40000000
 C	13.64313281 -4.65139963 3.40000000
 C	2.16018543 -9.05929015 3.40000000
 C	4.45667845 -8.17774907 3.40000000
 C	-9.32292272 -13.46724237 3.40000000
 C	15.93978659 -3.76979684 3.40000000
 C	-11.61941573 -14.34878345 3.40000000
 C	18.23627961 -2.88825576 3.40000000
 C	-13.91606952 -15.23038624 3.40000000
 C	20.53293339 -2.00665298 3.40000000
 C	-16.21272330 -16.11198902 3.40000000
 C	22.82953359 -1.12507076 3.40000000
 C	-18.50926990 -16.99355067 3.40000000
 C	25.12608019 -0.24350911 3.40000000
 C	-20.80587010 -17.87513289 3.40000000
 C	27.42273397 0.63809367 3.40000000
 C	-23.10252388 -18.75673568 3.40000000
 C	29.71938775 1.51969646 3.40000000
 C	-25.39901690 -19.63827675 3.40000000
 C	32.01588077 2.40123754 3.40000000
 C	-27.69567068 -20.51987954 3.40000000
 C	34.31253455 3.28284033 3.40000000
 C	36.60913475 4.16442254 3.40000000
 C	-0.13646835 -9.94089293 3.40000000
 C	6.75333223 -7.29614628 3.40000000
 C	38.90568135 5.04598419 3.40000000
 C	-2.43312213 -10.82249572 3.40000000
 C	9.04993242 -6.41456406 3.40000000
 C	-4.72966874 -11.70405737 3.40000000
 C	11.34647903 -5.53300242 3.40000000
 C	3.05382782 -7.95573371 3.40000000
 C	-8.42911956 -12.36362422 3.40000000
 C	14.53693596 -3.54778148 3.40000000
 C	16.83342898 -2.66624040 3.40000000
 C	-10.72577335 -13.24522701 3.40000000
 C	-13.02226636 -14.12676809 3.40000000
 C	19.13008276 -1.78463762 3.40000000
 C	-15.31892015 -15.00837087 3.40000000
 C	21.42673654 -0.90303483 3.40000000
 C	-17.61541317 -15.88991195 3.40000000
 C	23.72339032 -0.02143204 3.40000000
 C	0.75733480 -8.83727478 3.40000000
 C	5.35048160 -7.07413092 3.40000000
 C	-19.91206695 -16.77151474 3.40000000
 C	26.01988334 0.86010904 3.40000000
 C	-22.20872073 -17.65311753 3.40000000
 C	28.31653712 1.74171182 3.40000000
 C	30.61303014 2.62325290 3.40000000
 C	-24.50537451 -18.53472031 3.40000000
 C	-26.80186753 -19.41626139 3.40000000
 C	32.90968392 3.50485569 3.40000000
 C	35.20633771 4.38645848 3.40000000
 C	37.50299149 5.26806126 3.40000000
 C	39.79948451 6.14960234 3.40000000
 C	-1.53931898 -9.71887757 3.40000000
 C	7.64713538 -6.19252813 3.40000000
 C	-3.83581200 -10.60041865 3.40000000
 C	9.94378916 -5.31092534 3.40000000
 C	-6.13246578 -11.48202144 3.40000000
 C	12.24028218 -4.42938427 3.40000000
 C	2.54499497 -6.62969831 3.40000000
 C	-8.93811317 -11.03765054 3.40000000
 C	14.02794235 -2.22180780 3.40000000
 C	-11.23460619 -11.91919162 3.40000000
 C	16.32459613 -1.34020501 3.40000000
 C	-13.53125997 -12.80079441 3.40000000
 C	18.62108915 -0.45866393 3.40000000
 C	-15.82791375 -13.68239719 3.40000000
 C	20.91774293 0.42293885 3.40000000
 C	-18.12446036 -14.56395884 3.40000000
 C	23.21434313 1.30452107 3.40000000
 C	0.24834119 -7.51130110 3.40000000
 C	4.84148799 -5.74815724 3.40000000
 C	-20.42106055 -15.44554106 3.40000000
 C	25.51088974 2.18608272 3.40000000
 C	-22.71771434 -16.32714385 3.40000000
 C	27.80754352 3.06768550 3.40000000
 C	-25.01420735 -17.20868492 3.40000000
 C	30.10419730 3.94928829 3.40000000
 C	-27.31086114 -18.09028771 3.40000000
 C	32.40069032 4.83082937 3.40000000
 C	34.69734410 5.71243216 3.40000000
 C	36.99394429 6.59401437 3.40000000
 C	39.29049090 7.47557602 3.40000000
 C	-2.04831259 -8.39290389 3.40000000
 C	7.13814177 -4.86655445 3.40000000
 C	-4.34485920 -9.27446554 3.40000000
 C	9.43474197 -3.98497223 3.40000000
 C	-6.64145939 -10.15604775 3.40000000
 C	11.73128857 -3.10341059 3.40000000
 C	-8.04428309 -9.93386230 3.40000000
 C	12.62511866 -1.99962235 3.40000000
 C	1.14217128 -6.40751286 3.40000000
 C	3.43866429 -5.52597179 3.40000000
 C	-10.34093687 -10.81546509 3.40000000
 C	14.92177244 -1.11801956 3.40000000
 C	-12.63742989 -11.69700617 3.40000000
 C	17.21826546 -0.23647848 3.40000000
 C	-14.93408367 -12.57860895 3.40000000
 C	19.51491924 0.64512430 3.40000000
 C	-17.23057669 -13.46015003 3.40000000
 C	21.81157302 1.52672709 3.40000000
 C	-19.52723047 -14.34175282 3.40000000
 C	24.10822680 2.40832988 3.40000000
 C	-21.82388425 -15.22335561 3.40000000
 C	26.40471982 3.28987096 3.40000000
 C	-24.12053803 -16.10495839 3.40000000
 C	28.70137360 4.17147374 3.40000000
 C	-26.41703105 -16.98649947 3.40000000
 C	30.99786662 5.05301482 3.40000000
 C	33.29452040 5.93461761 3.40000000
 C	35.59117418 6.81622040 3.40000000
 C	-1.15448251 -7.28911565 3.40000000
 C	5.73531808 -4.64436900 3.40000000
 C	37.88782796 7.69782318 3.40000000
 C	40.18432098 8.57936426 3.40000000
 C	-3.45097552 -8.17065673 3.40000000
 C	8.03197186 -3.76276621 3.40000000
 C	-5.74762931 -9.05225952 3.40000000
 C	10.32862564 -2.88116342 3.40000000
 C	-8.55327669 -8.60788863 3.40000000
 C	12.11612505 -0.67364868 3.40000000
 C	0.63317767 -5.08153919 3.40000000
 C	2.92983145 -4.19993640 3.40000000
 C	-10.84976971 -9.48942971 3.40000000
 C	14.41277883 0.20795411 3.40000000
 C	-13.14642349 -10.37103250 3.40000000
 C	16.70943262 1.08955690 3.40000000
 C	-15.44307727 -11.25263528 3.40000000
 C	19.00592563 1.97109798 3.40000000
 C	-17.73962388 -12.13419693 3.40000000
 C	21.30257942 2.85270076 3.40000000
 C	-20.03622407 -13.01577915 3.40000000
 C	23.59917961 3.73428298 3.40000000
 C	-22.33287785 -13.89738193 3.40000000
 C	25.89572622 4.61584463 3.40000000
 C	-24.62937087 -14.77892301 3.40000000
 C	28.19238000 5.49744742 3.40000000
 C	-26.92602465 -15.66052580 3.40000000
 C	30.48903378 6.37905020 3.40000000
 C	32.78552680 7.26059128 3.40000000
 C	35.08218058 8.14219407 3.40000000
 C	-1.66347611 -5.96314198 3.40000000
 C	5.22632447 -3.31839533 3.40000000
 C	37.37878077 9.02377628 3.40000000
 C	39.67532738 9.90533793 3.40000000
 C	-3.96002272 -6.84470363 3.40000000
 C	7.52297825 -2.43679254 3.40000000
 C	-6.25662291 -7.72628584 3.40000000
 C	9.81957845 -1.55521032 3.40000000
 C	1.52700776 -3.97775095 3.40000000
 C	-9.95610039 -8.38570318 3.40000000
 C	13.00995514 0.43013956 3.40000000
 C	-12.25259341 -9.26724426 3.40000000
 C	15.30660892 1.31174235 3.40000000
 C	-14.54924719 -10.14884704 3.40000000
 C	17.60310194 2.19328343 3.40000000
 C	-16.84574021 -11.03038812 3.40000000
 C	19.89975572 3.07488621 3.40000000
 C	-19.14239399 -11.91199091 3.40000000
 C	22.19640950 3.95648900 3.40000000
 C	-0.76964602 -4.85935374 3.40000000
 C	3.82350078 -3.09620988 3.40000000
 C	-21.43904777 -12.79359370 3.40000000
 C	24.49306328 4.83809179 3.40000000
 C	-23.73570155 -13.67519648 3.40000000
 C	26.78955630 5.71963287 3.40000000
 C	-26.03219457 -14.55673756 3.40000000
 C	29.08621008 6.60123565 3.40000000
 C	31.38270310 7.48277673 3.40000000
 C	33.67935688 8.36437952 3.40000000
 C	35.97601066 9.24598231 3.40000000
 C	38.27266445 10.12758509 3.40000000
 C	40.56915746 11.00912617 3.40000000
 C	-3.06613904 -5.74089482 3.40000000
 C	6.12015456 -2.21460709 3.40000000
 C	-5.36279282 -6.62249760 3.40000000
 C	8.41680834 -1.33300430 3.40000000
 C	-7.65944661 -7.50410039 3.40000000
 C	10.71346212 -0.45140151 3.40000000
 C	1.01800517 -2.65183397 3.40000000
 C	-10.46494221 -7.05972448 3.40000000
 C	12.50095255 1.75605655 3.40000000
 C	-12.76159599 -7.94132727 3.40000000
 C	14.79760633 2.63765934 3.40000000
 C	-15.05824977 -8.82293006 3.40000000
 C	17.09426011 3.51926213 3.40000000
 C	-17.35479638 -9.70449170 3.40000000
 C	19.39075313 4.40080320 3.40000000
 C	-19.65139657 -10.58607392 3.40000000
 C	21.68740691 5.28240599 3.40000000
 C	-21.94805036 -11.46767671 3.40000000
 C	-1.27864861 -3.53343675 3.40000000
 C	23.98400711 6.16398821 3.40000000
 C	3.31465895 -1.77023118 3.40000000
 C	-24.24454337 -12.34921779 3.40000000
 C	26.28055371 7.04554985 3.40000000
 C	-26.54119716 -13.23082057 3.40000000
 C	28.57720750 7.92715264 3.40000000
 C	30.87386128 8.80875543 3.40000000
 C	33.17035430 9.69029651 3.40000000
 C	35.46700808 10.57189929 3.40000000
 C	37.76360827 11.45348151 3.40000000
 C	40.06015488 12.33504316 3.40000000
 C	-3.57519522 -4.41499840 3.40000000
 C	5.61115197 -0.88869010 3.40000000
 C	-5.87179541 -5.29658062 3.40000000
 C	7.90780575 -0.00708731 3.40000000
 C	-8.16844919 -6.17818340 3.40000000
 C	10.20440595 0.87449490 3.40000000
 C	-9.57126391 -5.95594127 3.40000000
 C	11.09829860 1.97836040 3.40000000
 C	-0.38480954 -2.42959183 3.40000000
 C	1.91184424 -1.54798904 3.40000000
 C	-11.86775692 -6.83748235 3.40000000
 C	13.39479162 2.85990147 3.40000000
 C	-14.16441071 -7.71908513 3.40000000
 C	15.69144540 3.74150426 3.40000000
 C	-16.46090373 -8.60062621 3.40000000
 C	17.98793842 4.62304534 3.40000000
 C	-18.75755751 -9.48222900 3.40000000
 C	20.28459220 5.50464813 3.40000000
 C	-21.05421129 -10.36383179 3.40000000
 C	22.58124598 6.38625091 3.40000000
 C	-23.35086507 -11.24543457 3.40000000
 C	24.87789976 7.26785370 3.40000000
 C	-25.64735809 -12.12697565 3.40000000
 C	27.17439278 8.14939478 3.40000000
 C	29.47104656 9.03099756 3.40000000
 C	31.76753958 9.91253864 3.40000000
 C	34.06419336 10.79414143 3.40000000
 C	-2.68130256 -3.31113291 3.40000000
 C	4.20833726 -0.66644797 3.40000000
 C	36.36084715 11.67574422 3.40000000
 C	38.65750093 12.55734700 3.40000000
 C	40.95399395 13.43888808 3.40000000
 C	-4.97795634 -4.19273569 3.40000000
 C	6.50499104 0.21515482 3.40000000
 C	-7.27461012 -5.07433848 3.40000000
 C	8.80164482 1.09675761 3.40000000
 C	-10.08012369 -4.63007596 3.40000000
 C	10.58922447 3.30414343 3.40000000
 C	-0.89383009 -1.10378823 3.40000000
 C	1.40282369 -0.22218544 3.40000000
 C	-12.37677747 -5.51167875 3.40000000
 C	12.88577107 4.18570507 3.40000000
 C	-14.67343125 -6.39328153 3.40000000
 C	15.18242486 5.06730786 3.40000000
 C	-16.96997786 -7.27484318 3.40000000
 C	17.47907864 5.94891065 3.40000000
 C	-19.26657805 -8.15642540 3.40000000
 C	19.77557166 6.83045173 3.40000000
 C	-21.56323183 -9.03802818 3.40000000
 C	22.07222544 7.71205451 3.40000000
 C	-23.85972485 -9.91956926 3.40000000
 C	24.36882563 8.59363673 3.40000000
 C	-26.15637863 -10.80117205 3.40000000
 C	26.66537224 9.47519838 3.40000000
 C	28.96202602 10.35680117 3.40000000
 C	31.25867980 11.23840395 3.40000000
 C	33.55517282 12.11994503 3.40000000
 C	-3.19037670 -1.98534988 3.40000000
 C	3.69947747 0.65941735 3.40000000
 C	35.85182660 13.00154782 3.40000000
 C	38.14842679 13.88313003 3.40000000
 C	40.44497340 14.76469168 3.40000000
 C	-5.48697689 -2.86693209 3.40000000
 C	5.99597049 1.54095842 3.40000000
 C	-7.78363067 -3.74853488 3.40000000
 C	8.29262427 2.42256121 3.40000000
 C	0.00000000 0.00000000 3.40000000
 C	-11.48294738 -4.40789052 3.40000000
 C	11.48310814 4.40795223 3.40000000
 C	-13.77960116 -5.28949330 3.40000000
 C	13.77960116 5.28949330 3.40000000
 C	-16.07609418 -6.17103438 3.40000000
 C	16.07625494 6.17109609 3.40000000
 C	-18.37274796 -7.05263717 3.40000000
 C	18.37274796 7.05263717 3.40000000
 C	-20.66940174 -7.93423996 3.40000000
 C	20.66940174 7.93423996 3.40000000
 C	-2.29649302 -0.88154108 3.40000000
 C	-22.96605553 -8.81584274 3.40000000
 C	22.96605553 8.81584274 3.40000000
 C	2.29665378 0.88160279 3.40000000
 C	-25.26254854 -9.69738382 3.40000000
 C	25.26270931 9.69744553 3.40000000
 C	27.55920233 10.57898661 3.40000000
 C	29.85585611 11.46058939 3.40000000
 C	32.15234913 12.34213047 3.40000000
 C	34.44900291 13.22373326 3.40000000
 C	36.74565669 14.10533605 3.40000000
 C	39.04231047 14.98693883 3.40000000
 C	41.33880349 15.86847991 3.40000000
 C	-4.59314680 -1.76314386 3.40000000
 C	4.59314680 1.76314386 3.40000000
 C	-6.88980058 -2.64474665 3.40000000
 C	6.88980058 2.64474665 3.40000000
 C	-9.18645436 -3.52634944 3.40000000
 C	9.18645436 3.52634944 3.40000000
 C	-0.50899361 1.32597368 3.40000000
 C	-11.99194099 -3.08191684 3.40000000
 C	10.97406095 5.73390534 3.40000000
 C	-14.28859477 -3.96351962 3.40000000
 C	13.27060756 6.61546698 3.40000000
 C	-16.58514138 -4.84508127 3.40000000
 C	15.56726134 7.49706977 3.40000000
 C	-18.88174157 -5.72666349 3.40000000
 C	17.86391512 8.37867256 3.40000000
 C	-21.17839535 -6.60826627 3.40000000
 C	20.16040814 9.26021364 3.40000000
 C	-2.80554021 0.44441203 3.40000000
 C	-23.47488837 -7.48980735 3.40000000
 C	22.45706192 10.14181642 3.40000000
 C	1.78766017 2.20757647 3.40000000
 C	-25.77154215 -8.37141014 3.40000000
 C	24.75366211 11.02339864 3.40000000
 C	27.05020872 11.90496029 3.40000000
 C	29.34686250 12.78656308 3.40000000
 C	31.64351628 13.66816586 3.40000000
 C	33.94000930 14.54970694 3.40000000
 C	36.23666308 15.43130973 3.40000000
 C	38.53326328 16.31289194 3.40000000
 C	40.82980988 17.19445359 3.40000000
 C	-5.10214041 -0.43717018 3.40000000
 C	4.08431396 3.08917926 3.40000000
 C	-7.39879419 -1.31877297 3.40000000
 C	6.38080697 3.97072033 3.40000000
 C	-9.69528721 -2.20031405 3.40000000
 C	8.67746076 4.85232312 3.40000000
 C	-11.09811090 -1.97812861 3.40000000
 C	9.57129084 5.95611135 3.40000000
 C	-1.91165654 1.54822083 3.40000000
 C	0.38483648 2.42976191 3.40000000
 C	-13.39476468 -2.85973139 3.40000000
 C	11.86794463 6.83771414 3.40000000
 C	-15.69125770 -3.74127247 3.40000000
 C	14.16443764 7.71925521 3.40000000
 C	-17.98791148 -4.62287526 3.40000000
 C	16.46109143 8.60085800 3.40000000
 C	-20.28456526 -5.50447804 3.40000000
 C	18.75758444 9.48239908 3.40000000
 C	-22.58121904 -6.38608083 3.40000000
 C	21.05423823 10.36400187 3.40000000
 C	-24.87771206 -7.26762191 3.40000000
 C	23.35089201 11.24560465 3.40000000
 C	25.64754579 12.12720744 3.40000000
 C	27.94403881 13.00874852 3.40000000
 C	30.24069259 13.89035131 3.40000000
 C	32.53718561 14.77189238 3.40000000
 C	-4.20831032 0.66661805 3.40000000
 C	2.68149026 3.31136470 3.40000000
 C	34.83383939 15.65349517 3.40000000
 C	37.13049317 16.53509796 3.40000000
 C	39.42714695 17.41670074 3.40000000
 C	41.72363997 18.29824182 3.40000000
 C	-6.50496410 -0.21498474 3.40000000
 C	4.97798328 4.19290577 3.40000000
 C	-8.80161788 -1.09658753 3.40000000
 C	7.27463706 5.07450856 3.40000000
 C	-11.60710451 -0.65215492 3.40000000
 C	9.06229724 7.28208503 3.40000000
 C	-2.42070373 2.87417394 3.40000000
 C	-0.12415713 3.75573559 3.40000000
 C	-13.90375829 -1.53375771 3.40000000
 C	11.35889743 8.16366725 3.40000000
 C	-16.20030490 -2.41531936 3.40000000
 C	13.65544404 9.04522889 3.40000000
 C	-18.49690509 -3.29690158 3.40000000
 C	15.95209782 9.92683168 3.40000000
 C	-20.79355887 -4.17850436 3.40000000
 C	18.24875160 10.80843447 3.40000000
 C	-23.09005189 -5.06004544 3.40000000
 C	20.54524462 11.68997555 3.40000000
 C	-25.38670567 -5.94164823 3.40000000
 C	22.84189840 12.57157833 3.40000000
 C	25.13849859 13.45316055 3.40000000
 C	27.43504520 14.33472220 3.40000000
 C	29.73169898 15.21632499 3.40000000
 C	32.02835276 16.09792777 3.40000000
 C	-4.71730393 1.99259173 3.40000000
 C	2.17249666 4.63733838 3.40000000
 C	34.32484578 16.97946885 3.40000000
 C	36.62149956 17.86107164 3.40000000
 C	38.91809976 18.74265386 3.40000000
 C	41.21464636 19.62421550 3.40000000
 C	-7.01395771 1.11098894 3.40000000
 C	4.46915044 5.51894117 3.40000000
 C	-9.31045073 0.22944786 3.40000000
 C	6.76564346 6.40048224 3.40000000
 C	-1.52684699 3.97781266 3.40000000
 C	-13.00995514 -0.43013956 3.40000000
 C	9.95610039 8.38570318 3.40000000
 C	-15.30644816 -1.31168064 3.40000000
 C	12.25275417 9.26730597 3.40000000
 C	-17.60310194 -2.19328343 3.40000000
 C	14.54924719 10.14884704 3.40000000
 C	-19.89975572 -3.07488621 3.40000000
 C	16.84590097 11.03044983 3.40000000
 C	19.14239399 11.91199091 3.40000000
 C	-22.19640950 -3.95648900 3.40000000
 C	-3.82350078 3.09620988 3.40000000
 C	0.76964602 4.85935374 3.40000000
 C	-24.49290252 -4.83803008 3.40000000
 C	21.43904777 12.79359370 3.40000000
 C	23.73570155 13.67519648 3.40000000
 C	26.03235533 14.55679927 3.40000000
 C	28.32884835 15.43834035 3.40000000
 C	30.62550213 16.31994314 3.40000000
 C	32.92199515 17.20148421 3.40000000
 C	35.21864893 18.08308700 3.40000000
 C	37.51530271 18.96468979 3.40000000
 C	39.81195649 19.84629257 3.40000000
 C	42.10844951 20.72783365 3.40000000
 C	-6.12015456 2.21460709 3.40000000
 C	3.06629981 5.74095653 3.40000000
 C	5.36279282 6.62249760 3.40000000
 C	-8.41680834 1.33300430 3.40000000
 C	-10.71330136 0.45146322 3.40000000
 C	7.65944661 7.50410039 3.40000000
 C	-2.03589419 5.30376577 3.40000000
 C	-13.51894875 0.89583412 3.40000000
 C	9.44710678 9.71167686 3.40000000
 C	-15.81549535 0.01427247 3.40000000
 C	11.74370697 10.59325908 3.40000000
 C	-18.11209555 -0.86730975 3.40000000
 C	14.04025358 11.47482073 3.40000000
 C	-20.40874933 -1.74891253 3.40000000
 C	16.33690736 12.35642351 3.40000000
 C	-22.70524235 -2.63045361 3.40000000
 C	18.63356114 13.23802630 3.40000000
 C	-4.33249438 4.42218356 3.40000000
 C	0.26065242 6.18532742 3.40000000
 C	-25.00189613 -3.51205640 3.40000000
 C	20.93005416 14.11956738 3.40000000
 C	23.22670794 15.00117016 3.40000000
 C	25.52330814 15.88275238 3.40000000
 C	27.81985474 16.76431403 3.40000000
 C	30.11650852 17.64591682 3.40000000
 C	32.41316231 18.52751960 3.40000000
 C	34.70965532 19.40906068 3.40000000
 C	37.00630911 20.29066347 3.40000000
 C	39.30290930 21.17224569 3.40000000
 C	41.59945591 22.05380733 3.40000000
 C	-6.62914816 3.54058077 3.40000000
 C	2.55730620 7.06693021 3.40000000
 C	-8.92564118 2.65903969 3.40000000
 C	4.85395998 7.94853300 3.40000000
 C	-11.22229496 1.77743691 3.40000000
 C	7.15045300 8.83007407 3.40000000
 C	-12.62511866 1.99962236 3.40000000
 C	8.04428308 9.93386231 3.40000000
 C	-3.43866430 5.52597180 3.40000000
 C	-1.14201052 6.40757458 3.40000000
 C	-14.92161168 1.11808128 3.40000000
 C	10.34093686 10.81546510 3.40000000
 C	-17.21826546 0.23647849 3.40000000
 C	12.63759065 11.69706789 3.40000000
 C	-19.51491924 -0.64512429 3.40000000
 C	14.93408367 12.57860896 3.40000000
 C	-21.81157302 -1.52672708 3.40000000
 C	17.23073745 13.46021175 3.40000000
 C	-24.10806604 -2.40826816 3.40000000
 C	19.52723047 14.34175283 3.40000000
 C	21.82388425 15.22335562 3.40000000
 C	24.12053803 16.10495840 3.40000000
 C	26.41719181 16.98656119 3.40000000
 C	28.71368483 17.86810227 3.40000000
 C	31.01033861 18.74970506 3.40000000
 C	-5.73531808 4.64436901 3.40000000
 C	1.15448250 7.28911566 3.40000000
 C	33.30683163 19.63124613 3.40000000
 C	35.60348541 20.51284892 3.40000000
 C	37.90013919 21.39445171 3.40000000
 C	40.19679297 22.27605449 3.40000000
 C	42.49328599 23.15759557 3.40000000
 C	-8.03197186 3.76276622 3.40000000
 C	3.45113628 8.17071845 3.40000000
 C	-10.32846488 2.88122514 3.40000000
 C	5.74762930 9.05225952 3.40000000
 C	-13.13411226 3.32559603 3.40000000
 C	7.53528948 11.25983598 3.40000000
 C	-3.94765790 6.85194547 3.40000000
 C	-1.65105771 7.73352769 3.40000000
 C	-15.43065887 2.44403438 3.40000000
 C	9.83194326 12.14143877 3.40000000
 C	-17.72725906 1.56245216 3.40000000
 C	12.12854345 13.02302099 3.40000000
 C	-20.02391285 0.68084938 3.40000000
 C	14.42509006 13.90458264 3.40000000
 C	-22.32040586 -0.20069170 3.40000000
 C	16.72174384 14.78618542 3.40000000
 C	-24.61705965 -1.08229449 3.40000000
 C	19.01839762 15.66778821 3.40000000
 C	21.31489064 16.54932929 3.40000000
 C	23.61154442 17.43093208 3.40000000
 C	25.90814462 18.31251429 3.40000000
 C	28.20469122 19.19407594 3.40000000
 C	30.50134501 20.07567873 3.40000000
 C	-6.24431168 5.97034268 3.40000000
 C	0.64548890 8.61508933 3.40000000
 C	32.79799879 20.95728151 3.40000000
 C	35.09449181 21.83882259 3.40000000
 C	37.39114559 22.72042538 3.40000000
 C	39.68774578 23.60200760 3.40000000
 C	41.98429239 24.48356924 3.40000000
 C	-8.54080470 5.08880160 3.40000000
 C	2.94214268 9.49669212 3.40000000
 C	-10.83745848 4.20719882 3.40000000
 C	5.23879646 10.37829491 3.40000000
 C	-3.05382782 7.95573371 3.40000000
 C	-14.53677520 3.54784319 3.40000000
 C	8.42911956 12.36362422 3.40000000
 C	-16.83342898 2.66624040 3.40000000
 C	10.72577335 13.24522701 3.40000000
 C	-19.13008276 1.78463762 3.40000000
 C	13.02242713 14.12682980 3.40000000
 C	-21.42673654 0.90303483 3.40000000
 C	15.31892015 15.00837087 3.40000000
 C	-23.72322956 0.02149375 3.40000000
 C	17.61557393 15.88997366 3.40000000
 C	-5.35048160 7.07413092 3.40000000
 C	19.91206695 16.77151474 3.40000000
 C	-0.75717404 8.83733649 3.40000000
 C	22.20872073 17.65311753 3.40000000
 C	24.50537451 18.53472031 3.40000000
 C	26.80202829 19.41632310 3.40000000
 C	29.09852131 20.29786418 3.40000000
 C	31.39517509 21.17946697 3.40000000
 C	33.69166811 22.06100804 3.40000000
 C	35.98832189 22.94261083 3.40000000
 C	38.28497567 23.82421362 3.40000000
 C	40.58162945 24.70581641 3.40000000
 C	42.87812247 25.58735748 3.40000000
 C	-7.64713538 6.19252813 3.40000000
 C	1.53931898 9.71887757 3.40000000
 C	-9.94362840 5.31098705 3.40000000
 C	3.83597276 10.60048036 3.40000000
 C	-12.24028218 4.42938427 3.40000000
 C	6.13246578 11.48202144 3.40000000
 C	-3.56283040 9.28165069 3.40000000
 C	-15.04583137 4.87373961 3.40000000
 C	7.92011698 13.68954121 3.40000000
 C	-17.34243157 3.99215739 3.40000000
 C	10.21677076 14.57114400 3.40000000
 C	-19.63908535 3.11055460 3.40000000
 C	12.51337095 15.45272622 3.40000000
 C	-21.93557837 2.22901353 3.40000000
 C	14.80991756 16.33428786 3.40000000
 C	-24.23223215 1.34741074 3.40000000
 C	17.10657134 17.21589065 3.40000000
 C	-5.85948418 8.40004791 3.40000000
 C	19.40322512 18.09749344 3.40000000
 C	-1.26623021 10.16323291 3.40000000
 C	21.69971814 18.97903451 3.40000000
 C	23.99637192 19.86063730 3.40000000
 C	26.29297212 20.74221952 3.40000000
 C	28.58951872 21.62378117 3.40000000
 C	30.88617250 22.50538395 3.40000000
 C	33.18282629 23.38698674 3.40000000
 C	35.47931930 24.26852782 3.40000000
 C	37.77597309 25.15013060 3.40000000
 C	40.07257328 26.03171282 3.40000000
 C	-8.15597720 7.51850683 3.40000000
 C	42.36911989 26.91327447 3.40000000
 C	1.03031640 11.04479456 3.40000000
 C	-10.45263099 6.63690404 3.40000000
 C	3.32697018 11.92639735 3.40000000
 C	-12.74928477 5.75530125 3.40000000
 C	5.62362396 12.80800013 3.40000000
 C	-14.15193872 5.97760510 3.40000000
 C	6.51730226 13.91178335 3.40000000
 C	-4.96564512 9.50389283 3.40000000
 C	-2.66899134 10.38549562 3.40000000
 C	-16.44859250 5.09600231 3.40000000
 C	8.81395605 14.79338613 3.40000000
 C	-18.74524628 4.21439953 3.40000000
 C	11.11060983 15.67498892 3.40000000
 C	-21.04190006 3.33279674 3.40000000
 C	13.40726361 16.55659171 3.40000000
 C	-23.33839308 2.45125566 3.40000000
 C	15.70375663 17.43813279 3.40000000
 C	18.00041041 18.31973557 3.40000000
 C	20.29690343 19.20127665 3.40000000
 C	22.59355721 20.08287944 3.40000000
 C	24.89021099 20.96448222 3.40000000
 C	27.18686477 21.84608501 3.40000000
 C	29.48335779 22.72762609 3.40000000
 C	-7.26229890 8.62229004 3.40000000
 C	-0.37233755 11.26709840 3.40000000
 C	31.78001157 23.60922888 3.40000000
 C	34.07650459 24.49076995 3.40000000
 C	36.37315837 25.37237274 3.40000000
 C	38.66981215 26.25397553 3.40000000
 C	40.96646593 27.13557832 3.40000000
 C	43.26295895 28.01711939 3.40000000
 C	-9.55879192 7.74074897 3.40000000
 C	1.92415546 12.14863948 3.40000000
 C	-11.85544570 6.85914618 3.40000000
 C	4.22080925 13.03024227 3.40000000
 C	-14.66101285 7.30338813 3.40000000
 C	6.00844248 15.23764866 3.40000000
 C	-5.47466566 10.82969643 3.40000000
 C	-3.17801188 11.71129922 3.40000000
 C	-16.95761304 6.42180591 3.40000000
 C	8.30493550 16.11918973 3.40000000
 C	-19.25426683 5.54020313 3.40000000
 C	10.60158928 17.00079252 3.40000000
 C	-21.55075984 4.65866205 3.40000000
 C	12.89818948 17.88237474 3.40000000
 C	-23.84741363 3.77705926 3.40000000
 C	15.19473608 18.76393639 3.40000000
 C	17.49138986 19.64553917 3.40000000
 C	19.78804364 20.52714196 3.40000000
 C	22.08453666 21.40868304 3.40000000
 C	24.38119044 22.29028582 3.40000000
 C	26.67779064 23.17186804 3.40000000
 C	28.97433725 24.05342969 3.40000000
 C	-7.77115868 9.94815535 3.40000000
 C	-0.88141169 12.59288144 3.40000000
 C	31.27099103 24.93503248 3.40000000
 C	33.56764481 25.81663526 3.40000000
 C	35.86413783 26.69817634 3.40000000
 C	38.16079161 27.57977913 3.40000000
 C	40.45739180 28.46136135 3.40000000
 C	42.75393841 29.34292299 3.40000000
 C	-10.06781246 9.06655257 3.40000000
 C	1.41513492 13.47444308 3.40000000
 C	-12.36446624 8.18494978 3.40000000
 C	3.71178870 14.35604587 3.40000000
 C	-4.58083557 11.93348466 3.40000000
 C	-16.06378296 7.52559414 3.40000000
 C	6.90211181 16.34137518 3.40000000
 C	-18.36043674 6.64399136 3.40000000
 C	9.19876559 17.22297796 3.40000000
 C	-20.65709052 5.76238857 3.40000000
 C	11.49541937 18.10458075 3.40000000
 C	-22.95358354 4.88084749 3.40000000
 C	13.79207315 18.98618354 3.40000000
 C	16.08856617 19.86772462 3.40000000
 C	18.38521995 20.74932740 3.40000000
 C	-6.87748935 11.05188187 3.40000000
 C	-2.28418179 12.81508745 3.40000000
 C	20.68171297 21.63086848 3.40000000
 C	22.97836675 22.51247127 3.40000000
 C	25.27502053 23.39407405 3.40000000
 C	27.57167432 24.27567684 3.40000000
 C	29.86816733 25.15721792 3.40000000
 C	32.16482112 26.03882071 3.40000000
 C	34.46131413 26.92036178 3.40000000
 C	36.75796792 27.80196457 3.40000000
 C	39.05462170 28.68356736 3.40000000
 C	-9.17398237 10.17034080 3.40000000
 C	41.35127548 29.56517015 3.40000000
 C	0.01247199 13.69669023 3.40000000
 C	43.64776850 30.44671122 3.40000000
 C	-11.47063616 9.28873801 3.40000000
 C	2.30896501 14.57823131 3.40000000
 C	-13.76712917 8.40719693 3.40000000
 C	4.60561879 15.45983410 3.40000000
 C	-5.08982918 13.25945834 3.40000000
 C	-16.57277656 8.85156782 3.40000000
 C	6.39327896 17.66741057 3.40000000
 C	-18.86943034 7.96996504 3.40000000
 C	8.68977198 18.54895164 3.40000000
 C	-21.16592336 7.08842396 3.40000000
 C	10.98642576 19.43055443 3.40000000
 C	-23.46257714 6.20682117 3.40000000
 C	13.28302596 20.31213665 3.40000000
 C	15.57957256 21.19369830 3.40000000
 C	-7.38632220 12.37791726 3.40000000
 C	17.87622634 22.07530108 3.40000000
 C	-2.79317540 14.14106113 3.40000000
 C	20.17288013 22.95690387 3.40000000
 C	22.46937314 23.83844495 3.40000000
 C	24.76602693 24.72004774 3.40000000
 C	27.06262712 25.60162995 3.40000000
 C	29.35917373 26.48319160 3.40000000
 C	31.65582751 27.36479439 3.40000000
 C	33.95248129 28.24639717 3.40000000
 C	36.24897431 29.12793825 3.40000000
 C	38.54562809 30.00954104 3.40000000
 C	-9.68297598 11.49631448 3.40000000
 C	40.84222828 30.89112326 3.40000000
 C	-0.49657521 15.02264335 3.40000000
 C	43.13877489 31.77268490 3.40000000
 C	-11.97962976 10.61471169 3.40000000
 C	1.79997140 15.90420499 3.40000000
 C	-14.27617637 9.73315004 3.40000000
 C	4.09662518 16.78580778 3.40000000
 C	-15.67894647 9.95535605 3.40000000
 C	4.99045527 17.88959601 3.40000000
 C	-6.49265287 13.48164378 3.40000000
 C	-4.19599909 14.36324657 3.40000000
 C	-17.97560026 9.07375327 3.40000000
 C	7.28694829 18.77113709 3.40000000
 C	-20.27225404 8.19215048 3.40000000
 C	9.58360207 19.65273987 3.40000000
 C	-22.56874706 7.31060940 3.40000000
 C	11.88025585 20.53434266 3.40000000
 C	14.17690963 21.41594545 3.40000000
 C	16.47340265 22.29748653 3.40000000
 C	18.77005643 23.17908931 3.40000000
 C	21.06654945 24.06063039 3.40000000
 C	23.36320323 24.94223318 3.40000000
 C	25.65985701 25.82383597 3.40000000
 C	27.95651080 26.70543875 3.40000000
 C	-8.78914589 12.60010271 3.40000000
 C	-1.89934531 15.24484936 3.40000000
 C	30.25300382 27.58697983 3.40000000
 C	32.54965760 28.46858262 3.40000000
 C	34.84615062 29.35012369 3.40000000
 C	37.14280440 30.23172648 3.40000000
 C	39.43945818 31.11332927 3.40000000
 C	41.73611196 31.99493206 3.40000000
 C	44.03260498 32.87647313 3.40000000
 C	-11.08579967 11.71849992 3.40000000
 C	0.39730847 16.12645215 3.40000000
 C	-13.38229269 10.83695884 3.40000000
 C	2.69380149 17.00799322 3.40000000
 C	-16.18794008 11.28132974 3.40000000
 C	4.48146166 19.21556969 3.40000000
 C	-7.00148572 14.80767917 3.40000000
 C	-4.70499270 15.68922025 3.40000000
 C	-18.48459386 10.39972695 3.40000000
 C	6.77811544 20.09717248 3.40000000
 C	-20.78108688 9.51818587 3.40000000
 C	9.07460846 20.97871355 3.40000000
 C	-23.07774066 8.63658308 3.40000000
 C	11.37126224 21.86031634 3.40000000
 C	13.66786244 22.74189856 3.40000000
 C	15.96440904 23.62346021 3.40000000
 C	18.26106283 24.50506299 3.40000000
 C	20.55771661 25.38666578 3.40000000
 C	22.85420963 26.26820686 3.40000000
 C	25.15086341 27.14980965 3.40000000
 C	27.44746360 28.03139186 3.40000000
 C	-9.29813950 13.92607639 3.40000000
 C	-2.40833892 16.57082304 3.40000000
 C	29.74401021 28.91295351 3.40000000
 C	32.04066399 29.79455630 3.40000000
 C	34.33731777 30.67615909 3.40000000
 C	36.63381079 31.55770016 3.40000000
 C	38.93046457 32.43930295 3.40000000
 C	41.22706476 33.32088517 3.40000000
 C	43.52361137 34.20244681 3.40000000
 C	-11.59479328 13.04447360 3.40000000
 C	-0.11173872 17.45240526 3.40000000
 C	-13.89133989 12.16291195 3.40000000
 C	2.18480788 18.33396690 3.40000000
 C	-6.10784333 15.91123561 3.40000000
 C	-17.59079071 11.50334510 3.40000000
 C	5.37526481 20.31918784 3.40000000
 C	7.67175783 21.20072892 3.40000000
 C	-19.88744449 10.62174231 3.40000000
 C	-22.18393751 9.74020123 3.40000000
 C	9.96841161 22.08233170 3.40000000
 C	12.26506540 22.96393449 3.40000000
 C	14.56171918 23.84553728 3.40000000
 C	-8.40433635 15.02969454 3.40000000
 C	-3.81118955 16.79283840 3.40000000
 C	16.85821220 24.72707836 3.40000000
 C	19.15486598 25.60868114 3.40000000
 C	21.45135900 26.49022222 3.40000000
 C	23.74801278 27.37182501 3.40000000
 C	26.04466656 28.25342780 3.40000000
 C	28.34132034 29.13503058 3.40000000
 C	30.63781336 30.01657166 3.40000000
 C	32.93446714 30.89817445 3.40000000
 C	35.23096016 31.77971552 3.40000000
 C	37.52761394 32.66131831 3.40000000
 C	39.82426772 33.54292110 3.40000000
 C	-10.70099013 14.14809175 3.40000000
 C	-1.51453577 17.67444119 3.40000000
 C	42.12092150 34.42452389 3.40000000
 C	44.41741452 35.30606496 3.40000000
 C	-12.99748315 13.26655067 3.40000000
 C	0.78211801 18.55604398 3.40000000
 C	-15.29413693 12.38494788 3.40000000
 C	3.07861103 19.43758505 3.40000000
 C	-6.61667618 17.23727100 3.40000000
 C	-18.09978432 12.82931878 3.40000000
 C	4.86627121 21.64516152 3.40000000
 C	-20.39627734 11.94777770 3.40000000
 C	7.16292499 22.52676431 3.40000000
 C	-22.69293112 11.06617491 3.40000000
 C	9.45941801 23.40830538 3.40000000
 C	11.75607179 24.28990817 3.40000000
 C	14.05267198 25.17149039 3.40000000
 C	-8.91332996 16.35566822 3.40000000
 C	-4.32018316 18.11881208 3.40000000
 C	16.34921859 26.05305204 3.40000000
 C	18.64587237 26.93465482 3.40000000
 C	20.94252615 27.81625761 3.40000000
 C	23.23901917 28.69779869 3.40000000
 C	25.53567295 29.57940148 3.40000000
 C	27.83227314 30.46098369 3.40000000
 C	30.12881975 31.34254534 3.40000000
 C	32.42547353 32.22414813 3.40000000
 C	34.72212731 33.10575092 3.40000000
 C	37.01862033 33.98729199 3.40000000
 C	39.31527411 34.86889478 3.40000000
 C	-11.20998374 15.47406543 3.40000000
 C	-2.02352938 19.00041487 3.40000000
 C	41.61187431 35.75047700 3.40000000
 C	43.90842091 36.63203864 3.40000000
 C	-13.50653034 14.59250378 3.40000000
 C	0.27307082 19.88199709 3.40000000
 C	-15.80313054 13.71092157 3.40000000
 C	2.56961742 20.76355873 3.40000000
 C	-17.20595423 13.93310702 3.40000000
 C	3.46344751 21.86734697 3.40000000
 C	-8.01949987 17.45945646 3.40000000
 C	-5.72300685 18.34099753 3.40000000
 C	-19.50260802 13.05150423 3.40000000
 C	5.76010129 22.74894976 3.40000000
 C	-21.79910103 12.16996315 3.40000000
 C	8.05659431 23.63049084 3.40000000
 C	10.35324809 24.51209362 3.40000000
 C	12.64990187 25.39369641 3.40000000
 C	14.94655565 26.27529920 3.40000000
 C	17.24304867 27.15684028 3.40000000
 C	19.53970245 28.03844306 3.40000000
 C	21.83619547 28.91998414 3.40000000
 C	24.13284925 29.80158693 3.40000000
 C	26.42950304 30.68318972 3.40000000
 C	-10.31615365 16.57785367 3.40000000
 C	-3.42635307 19.22260032 3.40000000
 C	28.72615682 31.56479250 3.40000000
 C	31.02264984 32.44633358 3.40000000
 C	33.31930362 33.32793637 3.40000000
 C	35.61579664 34.20947744 3.40000000
 C	37.91245042 35.09108023 3.40000000
 C	40.20910420 35.97268302 3.40000000
 C	42.50575798 36.85428581 3.40000000
 C	44.80225100 37.73582688 3.40000000
 C	-12.61264667 15.69631259 3.40000000
 C	-1.12969929 20.10420311 3.40000000
 C	-14.90930045 14.81470980 3.40000000
 C	1.16695449 20.98580590 3.40000000
 C	-17.71494784 15.25908069 3.40000000
 C	2.95445391 23.19332064 3.40000000
 C	-8.52849348 18.78543013 3.40000000
 C	-6.23183969 19.66703292 3.40000000
 C	-20.01144086 14.37753961 3.40000000
 C	5.25110769 24.07492343 3.40000000
 C	-22.30809464 13.49593682 3.40000000
 C	7.54776147 24.95652622 3.40000000
 C	9.84425449 25.83806730 3.40000000
 C	12.14090827 26.71967008 3.40000000
 C	14.43750846 27.60125230 3.40000000
 C	16.73405507 28.48281395 3.40000000
 C	19.03070885 29.36441673 3.40000000
 C	21.32736263 30.24601952 3.40000000
 C	23.62385565 31.12756060 3.40000000
 C	25.92050943 32.00916339 3.40000000
 C	-10.82514726 17.90382734 3.40000000
 C	-3.93534668 20.54857399 3.40000000
 C	28.21710963 32.89074560 3.40000000
 C	30.51365623 33.77230725 3.40000000
 C	32.81031001 34.65391004 3.40000000
 C	35.10696379 35.53551283 3.40000000
 C	37.40345681 36.41705390 3.40000000
 C	39.70011059 37.29865669 3.40000000
 C	41.99671079 38.18023891 3.40000000
 C	44.29325739 39.06180055 3.40000000
 C	-13.12169386 17.02226569 3.40000000
 C	-1.63869289 21.43017678 3.40000000
 C	-15.41829406 16.14068348 3.40000000
 C	0.65790730 22.31175900 3.40000000
 C	-7.63466339 19.88921837 3.40000000
 C	-19.11777153 15.48126614 3.40000000
 C	3.84828399 24.29710888 3.40000000
 C	-21.41426455 14.59972506 3.40000000
 C	6.14493777 25.17871167 3.40000000
 C	8.44143079 26.06025275 3.40000000
 C	10.73808457 26.94185553 3.40000000
 C	13.03473835 27.82345832 3.40000000
 C	-9.93131717 19.00761558 3.40000000
 C	-5.33817037 20.77075944 3.40000000
 C	15.33139214 28.70506111 3.40000000
 C	17.62788515 29.58660219 3.40000000
 C	19.92453894 30.46820497 3.40000000
 C	22.22103195 31.34974605 3.40000000
 C	24.51768574 32.23134884 3.40000000
 C	26.81433952 33.11295163 3.40000000
 C	29.11099330 33.99455441 3.40000000
 C	31.40748632 34.87609549 3.40000000
 C	33.70414010 35.75769828 3.40000000
 C	36.00063312 36.63923935 3.40000000
 C	-12.22781019 18.12607450 3.40000000
 C	38.29728690 37.52084214 3.40000000
 C	-3.04151659 21.65236223 3.40000000
 C	40.59394068 38.40244493 3.40000000
 C	42.89059446 39.28404772 3.40000000
 C	45.18708748 40.16558879 3.40000000
 C	-14.52446397 17.24447171 3.40000000
 C	-0.74486281 22.53396502 3.40000000
 C	-16.82111775 16.36286893 3.40000000
 C	1.55179097 23.41556781 3.40000000
 C	-8.14366598 21.21513535 3.40000000
 C	-19.62661336 16.80724484 3.40000000
 C	3.33928140 25.62302587 3.40000000
 C	-21.92326714 15.92564205 3.40000000
 C	5.63593519 26.50462866 3.40000000
 C	7.93258897 27.38623145 3.40000000
 C	10.22908199 28.26777252 3.40000000
 C	12.52573577 29.14937531 3.40000000
 C	-10.44031976 20.33353257 3.40000000
 C	14.82233596 30.03095753 3.40000000
 C	-5.84701220 22.09673814 3.40000000
 C	17.11888257 30.91251917 3.40000000
 C	19.41553635 31.79412196 3.40000000
 C	21.71219013 32.67572475 3.40000000
 C	24.00868315 33.55726583 3.40000000
 C	26.30533693 34.43886861 3.40000000
 C	28.60193712 35.32045083 3.40000000
 C	30.89848373 36.20201248 3.40000000
 C	33.19513751 37.08361526 3.40000000
 C	35.49179129 37.96521805 3.40000000
 C	-12.73686636 19.45197092 3.40000000
 C	37.78828431 38.84675913 3.40000000
 C	-3.55051918 22.97827922 3.40000000
 C	40.08493809 39.72836192 3.40000000
 C	42.38153829 40.60994413 3.40000000
 C	44.67808489 41.49150578 3.40000000
 C	-15.03346656 18.57038870 3.40000000
 C	-1.25386540 23.85988201 3.40000000
 C	-17.33012034 17.68878591 3.40000000
 C	1.04273480 24.74146422 3.40000000
 C	-18.73293505 17.91102805 3.40000000
 C	1.93662745 25.84532972 3.40000000
 C	-9.54648069 21.43737749 3.40000000
 C	-7.24982691 22.31898028 3.40000000
 C	-21.02942807 17.02948697 3.40000000
 C	4.23312047 26.72687079 3.40000000
 C	6.52977425 27.60847358 3.40000000
 C	8.82626727 28.49001466 3.40000000
 C	11.12292105 29.37161744 3.40000000
 C	13.41957484 30.25322023 3.40000000
 C	15.71622862 31.13482302 3.40000000
 C	18.01272164 32.01636410 3.40000000
 C	20.30937542 32.89796688 3.40000000
 C	22.60586844 33.77950796 3.40000000
 C	24.90252222 34.66111075 3.40000000
 C	-11.84297371 20.55583641 3.40000000
 C	-4.95333389 23.20052135 3.40000000
 C	27.19917600 35.54271354 3.40000000
 C	29.49582978 36.42431632 3.40000000
 C	31.79232280 37.30585740 3.40000000
 C	34.08897658 38.18746019 3.40000000
 C	36.38546960 39.06900126 3.40000000
 C	38.68212338 39.95060405 3.40000000
 C	40.97877716 40.83220684 3.40000000
 C	43.27543094 41.71380963 3.40000000
 C	45.57192396 42.59535070 3.40000000
 C	-14.13962749 19.67423363 3.40000000
 C	-2.65668011 24.08212414 3.40000000
 C	-16.43628127 18.79263084 3.40000000
 C	-0.36002633 24.96372693 3.40000000
 C	-19.24179484 19.23689336 3.40000000
 C	1.42755332 27.17111275 3.40000000
 C	-10.05550124 22.76318109 3.40000000
 C	-7.75884745 23.64478388 3.40000000
 C	-21.53844862 18.35529057 3.40000000
 C	3.72409993 28.05267439 3.40000000
 C	6.02075371 28.93427718 3.40000000
 C	8.31740749 29.81587997 3.40000000
 C	10.61390051 30.69742105 3.40000000
 C	12.91055429 31.57902383 3.40000000
 C	15.20715448 32.46060605 3.40000000
 C	17.50370109 33.34216770 3.40000000
 C	19.80035487 34.22377048 3.40000000
 C	22.09700865 35.10537327 3.40000000
 C	24.39350167 35.98691435 3.40000000
 C	-12.35204784 21.88161944 3.40000000
 C	-5.46219367 24.52638667 3.40000000
 C	26.69015545 36.86851714 3.40000000
 C	28.98675565 37.75009935 3.40000000
 C	31.28330225 38.63166100 3.40000000
 C	33.57995603 39.51326379 3.40000000
 C	35.87660982 40.39486658 3.40000000
 C	38.17310283 41.27640765 3.40000000
 C	40.46975662 42.15801044 3.40000000
 C	42.76635681 43.03959266 3.40000000
 C	45.06290342 43.92115430 3.40000000
 C	-14.64864804 21.00003723 3.40000000
 C	-3.16570065 25.40792774 3.40000000
 C	-16.94530182 20.11843444 3.40000000
 C	-0.86904687 26.28953053 3.40000000
 C	-9.16167115 23.86696932 3.40000000
 C	-20.64461853 19.45907880 3.40000000
 C	2.32143700 28.27492155 3.40000000
 C	4.61793002 29.15646262 3.40000000
 C	6.91458380 30.03806541 3.40000000
 C	9.21107682 30.91960649 3.40000000
 C	11.50773060 31.80120927 3.40000000
 C	-11.45816417 22.98542824 3.40000000
 C	13.80438438 32.68281206 3.40000000
 C	-6.86501737 24.74857211 3.40000000
 C	16.10103816 33.56441485 3.40000000
 C	18.39753118 34.44595593 3.40000000
 C	20.69418496 35.32755871 3.40000000
 C	22.99067798 36.20909979 3.40000000
 C	25.28733176 37.09070258 3.40000000
 C	27.58398554 37.97230537 3.40000000
 C	29.88063932 38.85390815 3.40000000
 C	32.17713234 39.73544923 3.40000000
 C	34.47378612 40.61705202 3.40000000
 C	-13.75481795 22.10382546 3.40000000
 C	-4.56852435 25.63011318 3.40000000
 C	36.77027914 41.49859309 3.40000000
 C	39.06693292 42.38019588 3.40000000
 C	41.36358670 43.26179867 3.40000000
 C	43.66024049 44.14340146 3.40000000
 C	45.95673350 45.02494253 3.40000000
 C	-16.05147173 21.22222267 3.40000000
 C	-2.27187057 26.51171597 3.40000000
 C	-18.34812551 20.34061988 3.40000000
 C	0.02478322 27.39331876 3.40000000
 C	-9.67066475 25.19294300 3.40000000
 C	-21.15361214 20.78505248 3.40000000
 C	1.81238980 29.60087466 3.40000000
 C	4.10893641 30.48243630 3.40000000
 C	6.40559019 31.36403909 3.40000000
 C	8.70224397 32.24564188 3.40000000
 C	10.99873699 33.12718296 3.40000000
 C	-11.96721136 24.31138135 3.40000000
 C	13.29539077 34.00878574 3.40000000
 C	-7.37401097 26.07454579 3.40000000
 C	15.59199096 34.89036796 3.40000000
 C	17.88853757 35.77192961 3.40000000
 C	20.18519135 36.65353240 3.40000000
 C	22.48184513 37.53513518 3.40000000
 C	24.77833815 38.41667626 3.40000000
 C	27.07499193 39.29827905 3.40000000
 C	29.37159213 40.17986126 3.40000000
 C	31.66813873 41.06142291 3.40000000
 C	33.96479252 41.94302570 3.40000000
 C	-14.26381155 23.42979914 3.40000000
 C	36.26144630 42.82462849 3.40000000
 C	-5.07735719 26.95614858 3.40000000
 C	38.55793932 43.70616956 3.40000000
 C	40.85459310 44.58777235 3.40000000
 C	43.15119329 45.46935457 3.40000000
 C	45.44773990 46.35091621 3.40000000
 C	-16.56046534 22.54819635 3.40000000
 C	-2.78086417 27.83768965 3.40000000
 C	-18.85695835 21.66665527 3.40000000
 C	-0.48421039 28.71929244 3.40000000
 C	-20.25978205 21.88884071 3.40000000
 C	0.40961970 29.82308067 3.40000000
 C	-11.07332768 25.41519015 3.40000000
 C	-8.77683467 26.29673123 3.40000000
 C	2.70627348 30.70468346 3.40000000
 C	5.00276650 31.58622453 3.40000000
 C	7.29942028 32.46782732 3.40000000
 C	9.59591330 33.34936840 3.40000000
 C	11.89256708 34.23097119 3.40000000
 C	14.18922086 35.11257397 3.40000000
 C	16.48587464 35.99417676 3.40000000
 C	18.78236766 36.87571784 3.40000000
 C	21.07902144 37.75732062 3.40000000
 C	23.37551446 38.63886170 3.40000000
 C	-13.36998147 24.53358737 3.40000000
 C	-6.48018088 27.17833402 3.40000000
 C	25.67216824 39.52046449 3.40000000
 C	27.96882202 40.40206728 3.40000000
 C	30.26547580 41.28367006 3.40000000
 C	32.56196882 42.16521114 3.40000000
 C	34.85862260 43.04681393 3.40000000
 C	37.15511562 43.92835501 3.40000000
 C	39.45176940 44.80995779 3.40000000
 C	41.74842319 45.69156058 3.40000000
 C	44.04507697 46.57316337 3.40000000
 C	46.34156999 47.45470444 3.40000000
 C	-15.66663525 23.65198458 3.40000000
 C	-4.18368787 28.05987509 3.40000000
 C	-17.96328903 22.77038179 3.40000000
 C	-1.88703408 28.94147788 3.40000000
 C	-20.76877565 23.21481440 3.40000000
 C	-0.09937391 31.14905435 3.40000000
 C	-11.58237488 26.74114326 3.40000000
 C	-9.28582827 27.62270491 3.40000000
 C	2.19722628 32.03063657 3.40000000
 C	4.49377289 32.91219821 3.40000000
 C	6.79042667 33.79380100 3.40000000
 C	9.08708045 34.67540379 3.40000000
 C	11.38357347 35.55694487 3.40000000
 C	13.68022725 36.43854765 3.40000000
 C	15.97682745 37.32012987 3.40000000
 C	18.27337405 38.20169152 3.40000000
 C	20.57002783 39.08329431 3.40000000
 C	22.86668162 39.96489709 3.40000000
 C	-13.87897507 25.85956105 3.40000000
 C	-6.98917449 28.50430770 3.40000000
 C	25.16317463 40.84643817 3.40000000
 C	27.45982842 41.72804096 3.40000000
 C	29.75642861 42.60962317 3.40000000
 C	32.05297522 43.49118482 3.40000000
 C	34.34962900 44.37278761 3.40000000
 C	36.64628278 45.25439040 3.40000000
 C	38.94277580 46.13593147 3.40000000
 C	41.23942958 47.01753426 3.40000000
 C	43.53602977 47.89911648 3.40000000
 C	45.83257638 48.78067813 3.40000000
 C	-16.17562885 24.97795826 3.40000000
 C	-4.69252071 29.38591049 3.40000000
 C	-18.47212187 24.09641718 3.40000000
 C	-2.39602769 30.26745156 3.40000000
 C	-10.68851814 27.84478198 3.40000000
 C	0.79442924 32.25267250 3.40000000
 C	3.09108302 33.13427529 3.40000000
 C	5.38757604 34.01581636 3.40000000
 C	7.68422982 34.89741915 3.40000000
 C	9.98072284 35.77896023 3.40000000
 C	-12.98517192 26.96317920 3.40000000
 C	-8.39202512 28.72632306 3.40000000
 C	12.27737662 36.66056302 3.40000000
 C	14.57403040 37.54216580 3.40000000
 C	16.87068418 38.42376859 3.40000000
 C	19.16717720 39.30530967 3.40000000
 C	21.46383098 40.18691246 3.40000000
 C	23.76032400 41.06845353 3.40000000
 C	26.05697778 41.95005632 3.40000000
 C	28.35363157 42.83165911 3.40000000
 C	30.65028535 43.71326189 3.40000000
 C	32.94677837 44.59480297 3.40000000
 C	35.24343215 45.47640576 3.40000000
 C	-15.28182570 26.08157641 3.40000000
 C	-6.09537134 29.60792585 3.40000000
 C	37.53992517 46.35794684 3.40000000
 C	39.83657895 47.23954962 3.40000000
 C	42.13323273 48.12115241 3.40000000
 C	44.42988651 49.00275520 3.40000000
 C	46.72637953 49.88429627 3.40000000
 C	-3.79887832 30.48946692 3.40000000
 C	-17.57847949 25.19997362 3.40000000
 C	-19.87497250 24.31843254 3.40000000
 C	-1.50222454 31.37106971 3.40000000
 C	-11.19756534 29.17073509 3.40000000
 C	0.28543563 33.57864618 3.40000000
 C	2.58203583 34.46022840 3.40000000
 C	4.87858243 35.34179004 3.40000000
 C	7.17523621 36.22339283 3.40000000
 C	9.47189000 37.10499562 3.40000000
 C	-13.49416553 28.28915288 3.40000000
 C	-8.90101873 30.05229674 3.40000000
 C	11.76838301 37.98653670 3.40000000
 C	14.06503680 38.86813948 3.40000000
 C	16.36163699 39.74972170 3.40000000
 C	18.65818360 40.63128335 3.40000000
 C	20.95483738 41.51288614 3.40000000
 C	23.25149116 42.39448892 3.40000000
 C	25.54798418 43.27603000 3.40000000
 C	27.84463796 44.15763279 3.40000000
 C	30.14123815 45.03921500 3.40000000
 C	32.43778476 45.92077665 3.40000000
 C	34.73443854 46.80237944 3.40000000
 C	-15.79081931 27.40755009 3.40000000
 C	-6.60436495 30.93389953 3.40000000
 C	37.03109232 47.68398223 3.40000000
 C	39.32758534 48.56552330 3.40000000
 C	41.62423912 49.44712609 3.40000000
 C	43.92083932 50.32870831 3.40000000
 C	46.21738592 51.21026996 3.40000000
 C	-18.08731233 26.52600901 3.40000000
 C	-4.30771117 31.81550232 3.40000000
 C	-20.38396611 25.64440623 3.40000000
 C	-2.01121815 32.69704339 3.40000000
 C	-1.11738806 33.80083163 3.40000000
 C	-12.60033545 29.39294112 3.40000000
 C	-10.30368166 30.27454390 3.40000000
 C	1.17926572 34.68243442 3.40000000
 C	3.47591950 35.56403721 3.40000000
 C	5.77241252 36.44557828 3.40000000
 C	8.06906630 37.32718107 3.40000000
 C	10.36555932 38.20872215 3.40000000
 C	12.66221310 39.09032494 3.40000000
 C	14.95886688 39.97192772 3.40000000
 C	17.25552066 40.85353051 3.40000000
 C	19.55201368 41.73507159 3.40000000
 C	21.84866746 42.61667437 3.40000000
 C	-14.89698923 28.51133833 3.40000000
 C	-8.00718864 31.15608498 3.40000000
 C	24.14516048 43.49821545 3.40000000
 C	26.44181426 44.37981824 3.40000000
 C	28.73846804 45.26142103 3.40000000
 C	31.03512183 46.14302381 3.40000000
 C	33.33161484 47.02456489 3.40000000
 C	35.62826863 47.90616768 3.40000000
 C	37.92476164 48.78770876 3.40000000
 C	40.22141543 49.66931154 3.40000000
 C	42.51806921 50.55091433 3.40000000
 C	44.81472299 51.43251712 3.40000000
 C	-17.19364301 27.62973554 3.40000000
 C	-5.71053486 32.03768777 3.40000000
 C	47.11121601 52.31405819 3.40000000
 C	-19.49013603 26.74819446 3.40000000
 C	-3.41404184 32.91922884 3.40000000
 C	-1.62638167 35.12680530 3.40000000
 C	-13.10932905 30.71891479 3.40000000
 C	-10.81272886 31.60049700 3.40000000
 C	0.67027211 36.00840809 3.40000000
 C	2.96687231 36.88999031 3.40000000
 C	5.26341891 37.77155196 3.40000000
 C	7.56007270 38.65315474 3.40000000
 C	9.85672648 39.53475753 3.40000000
 C	12.15321950 40.41629861 3.40000000
 C	14.44987328 41.29790139 3.40000000
 C	16.74647347 42.17948361 3.40000000
 C	19.04302008 43.06104526 3.40000000
 C	21.33967386 43.94264805 3.40000000
 C	-15.40598283 29.83731200 3.40000000
 C	-8.51618225 32.48205865 3.40000000
 C	23.63632764 44.82425083 3.40000000
 C	25.93282066 45.70579191 3.40000000
 C	28.22947444 46.58739470 3.40000000
 C	30.52607463 47.46897692 3.40000000
 C	32.82262124 48.35053856 3.40000000
 C	35.11927502 49.23214135 3.40000000
 C	37.41592880 50.11374414 3.40000000
 C	39.71242182 50.99528521 3.40000000
 C	42.00907560 51.87688800 3.40000000
 C	44.30567580 52.75847022 3.40000000
 C	-17.70247585 28.95577092 3.40000000
 C	-6.21952847 33.36366144 3.40000000
 C	46.60222240 53.64003187 3.40000000
 C	-19.99912963 28.07416814 3.40000000
 C	-3.92287469 34.24526423 3.40000000
 C	-12.21549896 31.82270303 3.40000000
 C	-0.73255158 36.23059354 3.40000000
 C	1.56410220 37.11219633 3.40000000
 C	3.86075598 37.99379912 3.40000000
 C	6.15724900 38.87534019 3.40000000
 C	8.45390278 39.75694298 3.40000000
 C	-14.51215275 30.94110024 3.40000000
 C	10.75039580 40.63848406 3.40000000
 C	-9.91884518 32.70430581 3.40000000
 C	13.04704958 41.52008685 3.40000000
 C	15.34370336 42.40168963 3.40000000
 C	17.64035714 43.28329242 3.40000000
 C	19.93685016 44.16483350 3.40000000
 C	22.23350394 45.04643629 3.40000000
 C	24.52999696 45.92797736 3.40000000
 C	26.82665074 46.80958015 3.40000000
 C	29.12330452 47.69118294 3.40000000
 C	31.41995831 48.57278572 3.40000000
 C	33.71645133 49.45432680 3.40000000
 C	-16.80880653 30.05949745 3.40000000
 C	-7.62235216 33.58584689 3.40000000
 C	36.01310511 50.33592959 3.40000000
 C	38.30959813 51.21747067 3.40000000
 C	40.60625191 52.09907345 3.40000000
 C	42.90290569 52.98067624 3.40000000
 C	45.19955947 53.86227903 3.40000000
 C	47.49605249 54.74382010 3.40000000
 C	-19.10529955 29.17795637 3.40000000
 C	-5.32569838 34.46744968 3.40000000
 C	-3.02920536 35.34899075 3.40000000
 C	-12.72450155 33.14862001 3.40000000
 C	-1.24155417 37.55651053 3.40000000
 C	1.05509961 38.43811332 3.40000000
 C	3.35169981 39.31969553 3.40000000
 C	5.64824641 40.20125718 3.40000000
 C	7.94490019 41.08285997 3.40000000
 C	-15.02115533 32.26701723 3.40000000
 C	10.24155398 41.96446276 3.40000000
 C	-10.42790136 34.03020223 3.40000000
 C	12.53804699 42.84600383 3.40000000
 C	14.83470078 43.72760662 3.40000000
 C	17.13130097 44.60918884 3.40000000
 C	19.42784758 45.49075049 3.40000000
 C	21.72450136 46.37235327 3.40000000
 C	24.02115514 47.25395606 3.40000000
 C	26.31764816 48.13549714 3.40000000
 C	28.61430194 49.01709992 3.40000000
 C	30.91090213 49.89868214 3.40000000
 C	-17.31764835 31.38547615 3.40000000
 C	33.20744874 50.78024379 3.40000000
 C	-8.13135475 34.91176388 3.40000000
 C	35.50410252 51.66184658 3.40000000
 C	37.80075630 52.54344936 3.40000000
 C	40.09724932 53.42499044 3.40000000
 C	42.39390310 54.30659323 3.40000000
 C	44.69050329 55.18817545 3.40000000
 C	46.98704990 56.06973709 3.40000000
 C	-19.61430213 30.50387336 3.40000000
 C	-5.83470097 35.79336667 3.40000000
 C	-3.53804719 36.67496945 3.40000000
 C	-2.64436888 37.77875267 3.40000000
 C	-14.12731626 33.37086215 3.40000000
 C	-11.83066248 34.25246494 3.40000000
 C	-0.34771510 38.66035545 3.40000000
 C	1.94893868 39.54195824 3.40000000
 C	4.24559246 40.42356103 3.40000000
 C	6.54208548 41.30510210 3.40000000
 C	8.83873926 42.18670489 3.40000000
 C	11.13523228 43.06824597 3.40000000
 C	13.43188606 43.94984876 3.40000000
 C	15.72853984 44.83145154 3.40000000
 C	18.02519362 45.71305433 3.40000000
 C	20.32168664 46.59459541 3.40000000
 C	-16.42397005 32.48925936 3.40000000
 C	-9.53400870 35.13406772 3.40000000
 C	22.61834042 47.47619820 3.40000000
 C	24.91483344 48.35773927 3.40000000
 C	27.21148722 49.23934206 3.40000000
 C	29.50814101 50.12094485 3.40000000
 C	31.80479479 51.00254764 3.40000000
 C	34.10128781 51.88408871 3.40000000
 C	36.39794159 52.76569150 3.40000000
 C	38.69443461 53.64723258 3.40000000
 C	40.99108839 54.52883536 3.40000000
 C	43.28774217 55.41043815 3.40000000
 C	-18.72046306 31.60771829 3.40000000
 C	-7.23751568 36.01560880 3.40000000
 C	45.58439595 56.29204094 3.40000000
 C	47.88088897 57.17358202 3.40000000
 C	-4.94086190 36.89721159 3.40000000
 C	-3.15322867 39.10461798 3.40000000
 C	-14.63633681 34.69666575 3.40000000
 C	-12.33968303 35.57826854 3.40000000
 C	-0.85673565 39.98615905 3.40000000
 C	1.43991813 40.86776184 3.40000000
 C	3.73651833 41.74934406 3.40000000
 C	6.03306494 42.63090571 3.40000000
 C	8.32971872 43.51250849 3.40000000
 C	10.62637250 44.39411128 3.40000000
 C	12.92286552 45.27565236 3.40000000
 C	15.21951930 46.15725514 3.40000000
 C	17.51611949 47.03883736 3.40000000
 C	19.81266610 47.92039901 3.40000000
 C	-16.93282983 33.81512467 3.40000000
 C	-10.04308283 36.45985075 3.40000000
 C	22.10931988 48.80200180 3.40000000
 C	24.40597366 49.68360458 3.40000000
 C	26.70246668 50.56514566 3.40000000
 C	28.99912046 51.44674845 3.40000000
 C	31.29572065 52.32833067 3.40000000
 C	33.59226726 53.20989231 3.40000000
 C	35.88892104 54.09149510 3.40000000
 C	38.18557482 54.97309789 3.40000000
 C	40.48206784 55.85463896 3.40000000
 C	42.77872162 56.73624175 3.40000000
 C	-19.22948361 32.93352189 3.40000000
 C	-7.74653623 37.34141240 3.40000000
 C	45.07532182 57.61782397 3.40000000
 C	47.37186842 58.49938562 3.40000000
 C	-5.44988245 38.22301519 3.40000000
 C	-13.74250672 35.80045398 3.40000000
 C	-2.25955934 40.20834450 3.40000000
 C	0.03709444 41.08994728 3.40000000
 C	2.33374822 41.97155007 3.40000000
 C	4.63040200 42.85315286 3.40000000
 C	6.92689502 43.73469393 3.40000000
 C	9.22354881 44.61629672 3.40000000
 C	-16.03916050 34.91885119 3.40000000
 C	-11.44585294 36.68205677 3.40000000
 C	11.52004182 45.49783780 3.40000000
 C	13.81669561 46.37944059 3.40000000
 C	16.11334939 47.26104337 3.40000000
 C	18.41000317 48.14264616 3.40000000
 C	20.70649619 49.02418724 3.40000000
 C	23.00314997 49.90579003 3.40000000
 C	25.29964299 50.78733110 3.40000000
 C	27.59629677 51.66893389 3.40000000
 C	29.89295055 52.55053668 3.40000000
 C	-18.33565352 34.03731012 3.40000000
 C	32.18960433 53.43213947 3.40000000
 C	-9.14919916 37.56365955 3.40000000
 C	34.48609735 54.31368054 3.40000000
 C	36.78275113 55.19528333 3.40000000
 C	39.07924415 56.07682441 3.40000000
 C	41.37589793 56.95842719 3.40000000
 C	43.67255171 57.84002998 3.40000000
 C	45.96920549 58.72163277 3.40000000
 C	-6.85270614 38.44520063 3.40000000
 C	-4.55605236 39.32680342 3.40000000
 H	-27.74398573 -37.55533953 3.40000000
 H	-25.44738250 -36.67375616 3.40000000
 H	-23.15072871 -35.79215337 3.40000000
 H	-20.85409178 -34.91055705 3.40000000
 H	-18.55758191 -34.02900951 3.40000000
 H	-16.26092813 -33.14740672 3.40000000
 H	-13.96438456 -32.26584623 3.40000000
 H	-11.66778133 -31.38426286 3.40000000
 H	-9.37112755 -30.50266007 3.40000000
 H	-7.07449062 -29.62106375 3.40000000
 H	-4.77798075 -28.73951620 3.40000000
 H	-2.48132697 -27.85791342 3.40000000
 H	-0.18478340 -26.97635292 3.40000000
 H	2.11181983 -26.09476955 3.40000000
 H	4.40847361 -25.21316676 3.40000000
 H	6.70511054 -24.33157045 3.40000000
 H	9.00162041 -23.45002290 3.40000000
 H	11.29827419 -22.56842011 3.40000000
 H	13.59481776 -21.68685962 3.40000000
 H	15.89142099 -20.80527625 3.40000000
 H	18.18807477 -19.92367346 3.40000000
 H	20.48471171 -19.04207714 3.40000000
 H	22.78122158 -18.16052960 3.40000000
 H	25.07787536 -17.27892681 3.40000000
 H	27.37441892 -16.39736632 3.40000000
 H	29.67102216 -15.51578294 3.40000000
 H	31.96767594 -14.63418016 3.40000000
 H	34.26431287 -13.75258384 3.40000000
 H	36.56082274 -12.87103629 3.40000000
 H	38.06742210 -11.01054104 3.40000000
 H	38.45225010 -8.58083261 3.40000000
 H	38.83706811 -6.15118729 3.40000000
 H	39.22190459 -3.72142538 3.40000000
 H	39.60673492 -1.29170234 3.40000000
 H	39.99155062 1.13792836 3.40000000
 H	40.37638710 3.56769027 3.40000000
 H	40.76121511 5.99739870 3.40000000
 H	41.14603312 8.42704402 3.40000000
 H	41.53086960 10.85680593 3.40000000
 H	41.91569993 13.28652897 3.40000000
 H	42.30051563 15.71615967 3.40000000
 H	42.68535211 18.14592158 3.40000000
 H	43.07018012 20.57563001 3.40000000
 H	43.45499812 23.00527533 3.40000000
 H	43.83983460 25.43503724 3.40000000
 H	44.22466494 27.86476029 3.40000000
 H	44.60948064 30.29439099 3.40000000
 H	44.99431712 32.72415290 3.40000000
 H	45.37914512 35.15386133 3.40000000
 H	45.76396313 37.58350664 3.40000000
 H	46.14879961 40.01326855 3.40000000
 H	46.53362994 42.44299160 3.40000000
 H	46.91844565 44.87262230 3.40000000
 H	47.30328213 47.30238421 3.40000000
 H	47.68811013 49.73209264 3.40000000
 H	48.07292814 52.16173795 3.40000000
 H	48.45776462 54.59149986 3.40000000
 H	48.84259495 57.02122291 3.40000000
 H	47.98463769 59.25609264 3.40000000
 H	45.62022588 59.63064593 3.40000000
 H	43.32360884 58.74905724 3.40000000
 H	41.02695506 57.86745446 3.40000000
 H	38.73041149 56.98589396 3.40000000
 H	36.43380826 56.10431059 3.40000000
 H	34.13715448 55.22270780 3.40000000
 H	31.84062472 54.34115262 3.40000000
 H	29.54400768 53.45956394 3.40000000
 H	27.24735390 52.57796115 3.40000000
 H	24.95081033 51.69640066 3.40000000
 H	22.65420710 50.81481729 3.40000000
 H	20.35755331 49.93321450 3.40000000
 H	18.06102356 49.05165932 3.40000000
 H	15.76440651 48.17007064 3.40000000
 H	13.46775273 47.28846785 3.40000000
 H	11.17120916 46.40690736 3.40000000
 H	8.87460593 45.52532398 3.40000000
 H	6.57795215 44.64372120 3.40000000
 H	4.28142240 43.76216602 3.40000000
 H	1.98480535 42.88057733 3.40000000
 H	-0.31184843 41.99897454 3.40000000
 H	-2.60839200 41.11741405 3.40000000
 H	-4.90499523 40.23583068 3.40000000
 H	-7.20164901 39.35422789 3.40000000
 H	-9.49817877 38.47267271 3.40000000
 H	-11.79479581 37.59108403 3.40000000
 H	-14.09144959 36.70948124 3.40000000
 H	-16.38799316 35.82792075 3.40000000
 H	-18.68459639 34.94633738 3.40000000
 H	-20.19119575 33.08584212 3.40000000
 H	-20.57600811 30.65623247 3.40000000
 H	-20.96084176 28.22648838 3.40000000
 H	-21.34567824 25.79672647 3.40000000
 H	-21.73050626 23.36701803 3.40000000
 H	-22.11532428 20.93737272 3.40000000
 H	-22.50016076 18.50761081 3.40000000
 H	-22.88497312 16.07800116 3.40000000
 H	-23.26980677 13.64825706 3.40000000
 H	-23.65464325 11.21849515 3.40000000
 H	-24.03947126 8.78878672 3.40000000
 H	-24.42428929 6.35914141 3.40000000
 H	-24.80912577 3.92937950 3.40000000
 H	-25.19393813 1.49976984 3.40000000
 H	-25.57877178 -0.92997425 3.40000000
 H	-25.96360826 -3.35973616 3.40000000
 H	-26.34843627 -5.78944459 3.40000000
 H	-26.73325429 -8.21908990 3.40000000
 H	-27.11809077 -10.64885181 3.40000000
 H	-27.50290314 -13.07846147 3.40000000
 H	-27.88773679 -15.50820556 3.40000000
 H	-28.27257327 -17.93796747 3.40000000
 H	-28.65740128 -20.36767590 3.40000000
 H	-29.04221930 -22.79732121 3.40000000
 H	-29.42705578 -25.22708312 3.40000000
 H	-29.81186815 -27.65669278 3.40000000
 H	-30.19670179 -30.08643687 3.40000000
 H	-30.58153828 -32.51619878 3.40000000
 H	-30.96636629 -34.94590721 3.40000000
 H	-30.10841135 -37.18079156 3.40000000
