 C	-35.51786123 -36.77982198 3.40000000
 C	-33.15311016 -36.10174052 3.40000000
 C	-30.78852463 -35.42370653 3.40000000
 C	-28.42377356 -34.74562508 3.40000000
 C	-33.54460068 -34.73645086 3.40000000
 C	-34.92272146 -34.39284676 3.40000000
 C	-26.05902249 -34.06754362 3.40000000
 C	-31.17984961 -34.05836940 3.40000000
 C	-32.55797040 -33.71476530 3.40000000
 C	-23.69427143 -33.38946216 3.40000000
 C	-28.81526407 -33.38033541 3.40000000
 C	-30.19338486 -33.03673131 3.40000000
 C	-21.32968589 -32.71142817 3.40000000
 C	-26.45051301 -32.70225395 3.40000000
 C	-27.82863379 -32.35864985 3.40000000
 C	-32.94946091 -32.34947563 3.40000000
 C	-18.96493483 -32.03334671 3.40000000
 C	-24.08581712 -32.02418832 3.40000000
 C	-34.32762336 -32.00603862 3.40000000
 C	-25.46388273 -31.68056840 3.40000000
 C	-30.58470984 -31.67139418 3.40000000
 C	-16.60034929 -31.35531272 3.40000000
 C	-21.72117640 -31.34613850 3.40000000
 C	-31.96287229 -31.32795716 3.40000000
 C	-23.09913166 -31.00248694 3.40000000
 C	-28.22012431 -30.99336019 3.40000000
 C	-14.23559822 -30.67723127 3.40000000
 C	-19.35642534 -30.66805705 3.40000000
 C	-29.59828675 -30.64992317 3.40000000
 C	-20.73454613 -30.32445295 3.40000000
 C	-25.85537324 -30.31527873 3.40000000
 C	-11.87084716 -29.99914981 3.40000000
 C	-16.99167427 -29.98997559 3.40000000
 C	-27.23353569 -29.97184171 3.40000000
 C	-32.35436280 -29.96266750 3.40000000
 C	-18.36979506 -29.64637149 3.40000000
 C	-23.49067735 -29.63721309 3.40000000
 C	-33.73248359 -29.61906339 3.40000000
 C	-9.50609609 -29.32106835 3.40000000
 C	-14.62708873 -29.31194160 3.40000000
 C	-24.86878462 -29.29376026 3.40000000
 C	-29.98961174 -29.28458604 3.40000000
 C	-16.00520952 -28.96833750 3.40000000
 C	-21.12603664 -28.95916328 3.40000000
 C	-31.36773253 -28.94098193 3.40000000
 C	-7.14151055 -28.64303436 3.40000000
 C	-12.26233767 -28.63386014 3.40000000
 C	-22.50403355 -28.61567880 3.40000000
 C	-27.62502620 -28.60655205 3.40000000
 C	-13.64045846 -28.29025604 3.40000000
 C	-18.76128557 -28.28108182 3.40000000
 C	-29.00314699 -28.26294794 3.40000000
 C	-4.77675949 -27.96495290 3.40000000
 C	-9.89764178 -27.95579451 3.40000000
 C	-20.13944802 -27.93764481 3.40000000
 C	-25.26027513 -27.92847059 3.40000000
 C	-11.27570739 -27.61217458 3.40000000
 C	-16.39653451 -27.60300037 3.40000000
 C	-26.63839592 -27.58486648 3.40000000
 C	-31.75922304 -27.57569227 3.40000000
 C	-2.41217395 -27.28691891 3.40000000
 C	-7.53300107 -27.27774469 3.40000000
 C	-17.77469695 -27.25956335 3.40000000
 C	-22.89557924 -27.25040496 3.40000000
 C	-33.13734383 -27.23208816 3.40000000
 C	-8.91095632 -26.93409313 3.40000000
 C	-14.03194897 -26.92496637 3.40000000
 C	-24.27364486 -26.90678502 3.40000000
 C	-29.39447197 -26.89761082 3.40000000
 C	-0.04742288 -26.60883745 3.40000000
 C	-5.16825000 -26.59966324 3.40000000
 C	-15.41011142 -26.58152936 3.40000000
 C	-20.53093853 -26.57235514 3.40000000
 C	-30.77259276 -26.55400671 3.40000000
 C	-6.54637079 -26.25605914 3.40000000
 C	-11.66719790 -26.24688492 3.40000000
 C	-21.90889379 -26.22870357 3.40000000
 C	-27.02988643 -26.21957682 3.40000000
 C	2.31732818 -25.93075600 3.40000000
 C	-2.80349893 -25.92158178 3.40000000
 C	-13.04536035 -25.90344790 3.40000000
 C	-18.16618746 -25.89427369 3.40000000
 C	-28.40800722 -25.87597271 3.40000000
 C	-4.18161972 -25.57797768 3.40000000
 C	-9.30250201 -25.56881928 3.40000000
 C	-19.54430825 -25.55066958 3.40000000
 C	-24.66513537 -25.54149537 3.40000000
 C	4.68207925 -25.25267454 3.40000000
 C	-0.43891340 -25.24354779 3.40000000
 C	-10.68060928 -25.22536645 3.40000000
 C	-15.80143640 -25.21619223 3.40000000
 C	-26.04325616 -25.19789126 3.40000000
 C	-31.16409716 -25.18877273 3.40000000
 C	-1.81703418 -24.89994369 3.40000000
 C	-6.93786130 -24.89076947 3.40000000
 C	-17.17955719 -24.87258812 3.40000000
 C	-22.30043948 -24.86342973 3.40000000
 C	-32.54220406 -24.84511294 3.40000000
 C	7.04666478 -24.57464055 3.40000000
 C	1.92583767 -24.56546633 3.40000000
 C	-8.31585822 -24.54728499 3.40000000
 C	-13.43685086 -24.53815824 3.40000000
 C	-23.67850509 -24.51980980 3.40000000
 C	-28.79934609 -24.51069128 3.40000000
 C	0.54771688 -24.22186223 3.40000000
 C	-4.57311023 -24.21268801 3.40000000
 C	-14.81497165 -24.19455413 3.40000000
 C	-19.93579876 -24.18537992 3.40000000
 C	-30.17745299 -24.16703148 3.40000000
 C	9.41141585 -23.89655909 3.40000000
 C	4.29053356 -23.88740070 3.40000000
 C	-5.95127268 -23.86925100 3.40000000
 C	-11.07209980 -23.86007678 3.40000000
 C	-21.31375403 -23.84172834 3.40000000
 C	-26.43476056 -23.83265729 3.40000000
 C	2.91246795 -23.54378077 3.40000000
 C	-2.20835917 -23.53460656 3.40000000
 C	-12.45022059 -23.51647267 3.40000000
 C	-17.57104770 -23.50729846 3.40000000
 C	-27.81286746 -23.48899749 3.40000000
 C	11.77600139 -23.21852510 3.40000000
 C	6.65517427 -23.20935088 3.40000000
 C	-3.58652161 -23.19116954 3.40000000
 C	-8.70740391 -23.18201115 3.40000000
 C	-18.94916849 -23.16369435 3.40000000
 C	-24.07000949 -23.15457583 3.40000000
 C	5.27721901 -22.86569932 3.40000000
 C	0.15622637 -22.85657256 3.40000000
 C	-10.08546952 -22.83839121 3.40000000
 C	-15.20629663 -22.82921701 3.40000000
 C	-25.44811639 -22.81091603 3.40000000
 C	-30.56898517 -22.80190890 3.40000000
 C	14.14075245 -22.54044364 3.40000000
 C	9.01992534 -22.53126943 3.40000000
 C	-1.22193608 -22.51313555 3.40000000
 C	-6.34276319 -22.50396133 3.40000000
 C	-16.58441742 -22.48561290 3.40000000
 C	-21.70531360 -22.47651019 3.40000000
 C	-31.94710595 -22.45830480 3.40000000
 C	7.64180455 -22.18766533 3.40000000
 C	2.52097744 -22.17849111 3.40000000
 C	-7.72071845 -22.16030976 3.40000000
 C	-12.84171110 -22.15118301 3.40000000
 C	-23.08336533 -22.13283458 3.40000000
 C	-28.20423410 -22.12382744 3.40000000
 C	16.50550352 -21.86236219 3.40000000
 C	11.38467640 -21.85318797 3.40000000
 C	1.14281499 -21.83505409 3.40000000
 C	-3.97801213 -21.82587987 3.40000000
 C	-14.21983189 -21.80757890 3.40000000
 C	-19.34067289 -21.79846038 3.40000000
 C	-29.58235489 -21.78022334 3.40000000
 C	10.00655562 -21.50958387 3.40000000
 C	4.88567333 -21.50042547 3.40000000
 C	-5.35613292 -21.48227577 3.40000000
 C	-10.47696003 -21.47310156 3.40000000
 C	-20.71861426 -21.45475312 3.40000000
 C	-25.83964856 -21.44579345 3.40000000
 C	18.87025459 -21.18428073 3.40000000
 C	13.74926194 -21.17515398 3.40000000
 C	3.50756605 -21.15697264 3.40000000
 C	-1.61326106 -21.14779842 3.40000000
 C	-11.85508082 -21.12949745 3.40000000
 C	-16.97592182 -21.12037892 3.40000000
 C	-27.21776935 -21.10218935 3.40000000
 C	12.37114115 -20.83154988 3.40000000
 C	7.25031404 -20.82237566 3.40000000
 C	-2.99138185 -20.80419431 3.40000000
 C	-8.11226414 -20.79503592 3.40000000
 C	-18.35402872 -20.77671913 3.40000000
 C	-23.47489750 -20.76771200 3.40000000
 C	21.23484012 -20.50624674 3.40000000
 C	16.11401301 -20.49707252 3.40000000
 C	5.87231712 -20.47889118 3.40000000
 C	0.75132448 -20.46976443 3.40000000
 C	-9.49032975 -20.45141599 3.40000000
 C	-14.61117075 -20.44229747 3.40000000
 C	-24.85301828 -20.42410790 3.40000000
 C	-29.97384540 -20.41493368 3.40000000
 C	14.73589222 -20.15346842 3.40000000
 C	9.61506510 -20.14429420 3.40000000
 C	-0.62679631 -20.12616032 3.40000000
 C	-5.74762343 -20.11698611 3.40000000
 C	-15.98927766 -20.09863767 3.40000000
 C	-21.11020161 -20.08964636 3.40000000
 C	-31.35196619 -20.07132958 3.40000000
 C	23.59959119 -19.82816528 3.40000000
 C	18.47870890 -19.81900689 3.40000000
 C	8.23690266 -19.80085719 3.40000000
 C	3.11607554 -19.79168297 3.40000000
 C	-7.12557869 -19.77333453 3.40000000
 C	-12.24658522 -19.76426348 3.40000000
 C	-22.48826722 -19.74602644 3.40000000
 C	-27.60909433 -19.73685222 3.40000000
 C	17.10064329 -19.47538696 3.40000000
 C	11.97981617 -19.46621275 3.40000000
 C	1.73795475 -19.44807886 3.40000000
 C	-3.38287236 -19.43890465 3.40000000
 C	-13.62469212 -19.42060368 3.40000000
 C	-18.74556089 -19.41159655 3.40000000
 C	-28.98721512 -19.39324812 3.40000000
 C	25.96417673 -19.15013129 3.40000000
 C	20.84334961 -19.14095707 3.40000000
 C	10.60165372 -19.12277573 3.40000000
 C	5.48077143 -19.11361733 3.40000000
 C	-4.76099315 -19.09530054 3.40000000
 C	-9.88183415 -19.08618202 3.40000000
 C	-20.12351615 -19.06794498 3.40000000
 C	-25.24450880 -19.05881823 3.40000000
 C	19.46539435 -18.79730551 3.40000000
 C	14.34440171 -18.78817875 3.40000000
 C	4.10270582 -18.76999740 3.40000000
 C	-1.01812129 -18.76082319 3.40000000
 C	-11.25994105 -18.74252222 3.40000000
 C	-16.38080983 -18.73351509 3.40000000
 C	-26.62262958 -18.71521413 3.40000000
 C	28.32892779 -18.47204983 3.40000000
 C	23.20810068 -18.46287562 3.40000000
 C	12.96623926 -18.44474174 3.40000000
 C	7.84541215 -18.43556752 3.40000000
 C	-2.39624208 -18.41721908 3.40000000
 C	-7.51713826 -18.40811638 3.40000000
 C	-17.75893061 -18.38991099 3.40000000
 C	-22.87975773 -18.38073677 3.40000000
 C	21.82997989 -18.11927152 3.40000000
 C	16.70915277 -18.11009730 3.40000000
 C	6.46745688 -18.09191595 3.40000000
 C	1.34646424 -18.08278920 3.40000000
 C	-8.89518999 -18.06444077 3.40000000
 C	-14.01605876 -18.05543363 3.40000000
 C	-24.25787852 -18.03713267 3.40000000
 C	-29.37870563 -18.02795845 3.40000000
 C	30.69367886 -17.79396838 3.40000000
 C	25.57285174 -17.78479416 3.40000000
 C	15.33099033 -17.76666028 3.40000000
 C	10.21016321 -17.75748606 3.40000000
 C	-0.03165655 -17.73918509 3.40000000
 C	-5.15249755 -17.73006657 3.40000000
 C	-15.39417955 -17.71182953 3.40000000
 C	-20.51506184 -17.70267114 3.40000000
 C	-30.75686808 -17.68452144 3.40000000
 C	24.19473095 -17.44119006 3.40000000
 C	19.07384866 -17.43203166 3.40000000
 C	8.83204242 -17.41388195 3.40000000
 C	3.71121531 -17.40470775 3.40000000
 C	-6.53043892 -17.38635931 3.40000000
 C	-11.65147322 -17.37739964 3.40000000
 C	-21.89312745 -17.35905122 3.40000000
 C	-27.01395457 -17.34987700 3.40000000
 C	33.05842992 -17.11588692 3.40000000
 C	27.93743728 -17.10676017 3.40000000
 C	17.69574139 -17.08857883 3.40000000
 C	12.57491428 -17.07940461 3.40000000
 C	2.33309452 -17.06110364 3.40000000
 C	-2.78774648 -17.05198511 3.40000000
 C	-13.02959401 -17.03379554 3.40000000
 C	-18.15042113 -17.02462132 3.40000000
 C	-28.39211701 -17.00643998 3.40000000
 C	26.55931649 -16.76315607 3.40000000
 C	21.43848938 -16.75398185 3.40000000
 C	11.19679349 -16.73580050 3.40000000
 C	6.07591120 -16.72664211 3.40000000
 C	-4.16585338 -16.70832532 3.40000000
 C	-9.28672216 -16.69931819 3.40000000
 C	-19.52837639 -16.68096976 3.40000000
 C	-24.64936903 -16.67184301 3.40000000
 C	35.42301546 -16.43785293 3.40000000
 C	30.30218835 -16.42867871 3.40000000
 C	20.06049246 -16.41049737 3.40000000
 C	14.93949981 -16.40137062 3.40000000
 C	4.69784558 -16.38302218 3.40000000
 C	-0.42299542 -16.37390366 3.40000000
 C	-10.66484295 -16.35571409 3.40000000
 C	-15.78567006 -16.34653987 3.40000000
 C	-26.02753148 -16.32840599 3.40000000
 C	28.92406756 -16.08507461 3.40000000
 C	23.80324044 -16.07590039 3.40000000
 C	13.56137902 -16.05776651 3.40000000
 C	8.44055191 -16.04859230 3.40000000
 C	-1.80110232 -16.03024386 3.40000000
 C	-6.92202627 -16.02125255 3.40000000
 C	-17.16379085 -16.00293577 3.40000000
 C	-22.28461796 -15.99376155 3.40000000
 C	32.66688423 -15.75061308 3.40000000
 C	22.42507800 -15.73246338 3.40000000
 C	17.30425088 -15.72328916 3.40000000
 C	7.06259665 -15.70494072 3.40000000
 C	1.94159012 -15.69586966 3.40000000
 C	-8.30009188 -15.67763263 3.40000000
 C	-13.42091899 -15.66845841 3.40000000
 C	-23.66278041 -15.65032453 3.40000000
 C	-28.78360753 -15.64115032 3.40000000
 C	31.28881862 -15.40699315 3.40000000
 C	26.16799151 -15.39781894 3.40000000
 C	15.92613009 -15.37968505 3.40000000
 C	10.80530298 -15.37051084 3.40000000
 C	0.56348322 -15.35220987 3.40000000
 C	-4.55738556 -15.34320274 3.40000000
 C	-14.79903978 -15.32485431 3.40000000
 C	-19.91992207 -15.31569591 3.40000000
 C	-30.16172832 -15.29754621 3.40000000
 C	35.03152495 -15.07256326 3.40000000
 C	24.78982906 -15.05438192 3.40000000
 C	19.66894677 -15.04522352 3.40000000
 C	9.42718219 -15.02690673 3.40000000
 C	4.30634119 -15.01778821 3.40000000
 C	-5.93534081 -14.99955117 3.40000000
 C	-11.05633346 -14.99042442 3.40000000
 C	-21.29802934 -14.97224308 3.40000000
 C	-26.41885646 -14.96306886 3.40000000
 C	33.65356969 -14.72891170 3.40000000
 C	28.53257705 -14.71978494 3.40000000
 C	18.29088116 -14.70160359 3.40000000
 C	13.17005404 -14.69242938 3.40000000
 C	2.92823428 -14.67412841 3.40000000
 C	-2.19263449 -14.66512128 3.40000000
 C	-12.43445425 -14.64682032 3.40000000
 C	-17.55528136 -14.63764610 3.40000000
 C	-27.79697725 -14.61946475 3.40000000
 C	37.39627601 -14.39448181 3.40000000
 C	27.15441460 -14.37634793 3.40000000
 C	22.03358748 -14.36717371 3.40000000
 C	11.79193325 -14.34882527 3.40000000
 C	6.67103708 -14.33972257 3.40000000
 C	-3.57075528 -14.32151718 3.40000000
 C	-8.69158239 -14.31234296 3.40000000
 C	-18.93327828 -14.29416162 3.40000000
 C	-24.05427092 -14.28503487 3.40000000
 C	36.01815523 -14.05087770 3.40000000
 C	30.89732811 -14.04170349 3.40000000
 C	20.65563222 -14.02352214 3.40000000
 C	15.53463958 -14.01439539 3.40000000
 C	5.29298535 -13.99604696 3.40000000
 C	0.17211658 -13.98703982 3.40000000
 C	-10.06970318 -13.96873886 3.40000000
 C	-15.19053029 -13.95956464 3.40000000
 C	-25.43239171 -13.94143076 3.40000000
 C	29.51916566 -13.69826647 3.40000000
 C	24.39833855 -13.68909225 3.40000000
 C	14.15651879 -13.67079128 3.40000000
 C	9.03567779 -13.66167276 3.40000000
 C	-1.20600421 -13.64343572 3.40000000
 C	-6.32688650 -13.63427733 3.40000000
 C	-16.56869274 -13.61612763 3.40000000
 C	-21.68951986 -13.60695341 3.40000000
 C	33.26202400 -13.36363785 3.40000000
 C	23.02021776 -13.34548814 3.40000000
 C	17.89939065 -13.33631394 3.40000000
 C	7.65773642 -13.31796550 3.40000000
 C	2.53670211 -13.30900583 3.40000000
 C	-7.70495211 -13.29065741 3.40000000
 C	-12.82577923 -13.28148319 3.40000000
 C	-23.06764065 -13.26334930 3.40000000
 C	-28.18846776 -13.25417509 3.40000000
 C	31.88391673 -13.02018502 3.40000000
 C	26.76308962 -13.01101080 3.40000000
 C	16.52126986 -12.99270983 3.40000000
 C	11.40042886 -12.98359130 3.40000000
 C	1.15858133 -12.96540173 3.40000000
 C	-3.96224579 -12.95622751 3.40000000
 C	-14.20394168 -12.93804617 3.40000000
 C	-19.32482397 -12.92888778 3.40000000
 C	-29.56658855 -12.91057098 3.40000000
 C	35.62666471 -12.68558804 3.40000000
 C	25.38496883 -12.66740669 3.40000000
 C	20.26408654 -12.65824830 3.40000000
 C	10.02232195 -12.63993151 3.40000000
 C	4.90145318 -12.63092437 3.40000000
 C	-5.34020105 -12.61257595 3.40000000
 C	-10.46119369 -12.60344920 3.40000000
 C	-20.70288958 -12.58526784 3.40000000
 C	-25.82371669 -12.57609364 3.40000000
 C	34.24866780 -12.34210356 3.40000000
 C	29.12767515 -12.33297681 3.40000000
 C	18.88602092 -12.31462837 3.40000000
 C	13.76517992 -12.30550985 3.40000000
 C	3.52333239 -12.28732027 3.40000000
 C	-1.59749472 -12.27814606 3.40000000
 C	-11.83935614 -12.26001218 3.40000000
 C	-16.96018325 -12.25083796 3.40000000
 C	-27.20183748 -12.23248953 3.40000000
 C	37.99141578 -12.00750658 3.40000000
 C	27.74955436 -11.98937270 3.40000000
 C	22.62872725 -11.98019849 3.40000000
 C	12.38707302 -11.96185005 3.40000000
 C	7.26614907 -11.95285874 3.40000000
 C	-2.97561551 -11.93454196 3.40000000
 C	-8.09644263 -11.92536774 3.40000000
 C	-18.33813851 -11.90718639 3.40000000
 C	-23.45913116 -11.89805964 3.40000000
 C	36.61325333 -11.66406957 3.40000000
 C	31.49242622 -11.65489535 3.40000000
 C	21.25077199 -11.63654691 3.40000000
 C	16.12976546 -11.62747585 3.40000000
 C	5.88808346 -11.60923882 3.40000000
 C	0.76725634 -11.60006460 3.40000000
 C	-9.47460507 -11.58193072 3.40000000
 C	-14.59543219 -11.57275651 3.40000000
 C	-24.83725195 -11.55445553 3.40000000
 C	30.11430543 -11.31129124 3.40000000
 C	24.99347832 -11.30211703 3.40000000
 C	14.75165856 -11.28381606 3.40000000
 C	9.63078978 -11.27480893 3.40000000
 C	-0.61086444 -11.25646050 3.40000000
 C	-5.73174674 -11.24730210 3.40000000
 C	-15.97355298 -11.22915240 3.40000000
 C	-21.09438009 -11.21997819 3.40000000
 C	33.85712211 -10.97682971 3.40000000
 C	23.61535753 -10.95851292 3.40000000
 C	18.49451652 -10.94939440 3.40000000
 C	8.25283452 -10.93115736 3.40000000
 C	3.13184188 -10.92203061 3.40000000
 C	-7.10985401 -10.90384927 3.40000000
 C	-12.23068112 -10.89467505 3.40000000
 C	-22.47250088 -10.87637408 3.40000000
 C	-27.59334188 -10.86725555 3.40000000
 C	32.47905649 -10.63320978 3.40000000
 C	27.35822938 -10.62403557 3.40000000
 C	17.11640962 -10.60573460 3.40000000
 C	11.99554085 -10.59672747 3.40000000
 C	1.75372109 -10.57842651 3.40000000
 C	-3.36710602 -10.56925229 3.40000000
 C	-13.60880191 -10.55107094 3.40000000
 C	-18.72968420 -10.54191255 3.40000000
 C	-28.97144878 -10.52359576 3.40000000
 C	36.22176282 -10.29877990 3.40000000
 C	25.98010859 -10.28043146 3.40000000
 C	20.85921241 -10.27132876 3.40000000
 C	10.61742006 -10.25312337 3.40000000
 C	5.49659295 -10.24394915 3.40000000
 C	-4.74510294 -10.22576781 3.40000000
 C	-9.86609558 -10.21664106 3.40000000
 C	-20.10774981 -10.19829262 3.40000000
 C	-25.22859082 -10.18917410 3.40000000
 C	34.84380756 -9.95512833 3.40000000
 C	29.72281492 -9.94600158 3.40000000
 C	19.48116069 -9.92765315 3.40000000
 C	14.36029191 -9.91864601 3.40000000
 C	4.11847216 -9.90034505 3.40000000
 C	-1.00235496 -9.89117083 3.40000000
 C	-11.24421637 -9.87303695 3.40000000
 C	-16.36504349 -9.86386274 3.40000000
 C	-26.60669772 -9.84551430 3.40000000
 C	38.58651389 -9.62069844 3.40000000
 C	28.34469413 -9.60239747 3.40000000
 C	23.22385313 -9.59327895 3.40000000
 C	12.98217113 -9.57504191 3.40000000
 C	7.86128884 -9.56588352 3.40000000
 C	-2.38051740 -9.54773382 3.40000000
 C	-7.50134452 -9.53855960 3.40000000
 C	-17.74299875 -9.52021116 3.40000000
 C	-22.86400528 -9.51114011 3.40000000
 C	37.20839310 -9.27709433 3.40000000
 C	32.08756598 -9.26792013 3.40000000
 C	21.84591175 -9.24957169 3.40000000
 C	16.72487745 -9.24061202 3.40000000
 C	6.48322322 -9.22226359 3.40000000
 C	1.36239611 -9.21308938 3.40000000
 C	-8.87946531 -9.19495549 3.40000000
 C	-14.00029242 -9.18578128 3.40000000
 C	-24.24211218 -9.16748031 3.40000000
 C	30.70944519 -8.92431602 3.40000000
 C	25.58860419 -8.91519749 3.40000000
 C	15.34675666 -8.89700792 3.40000000
 C	10.22592955 -8.88783370 3.40000000
 C	-0.01576634 -8.86965236 3.40000000
 C	-5.13664863 -8.86049397 3.40000000
 C	-15.37841321 -8.84217717 3.40000000
 C	-20.49925421 -8.83305865 3.40000000
 C	34.45226187 -8.58985449 3.40000000
 C	24.21049729 -8.57153770 3.40000000
 C	19.08962852 -8.56253056 3.40000000
 C	8.84797429 -8.54418214 3.40000000
 C	3.72698165 -8.53505538 3.40000000
 C	-6.51471424 -8.51687403 3.40000000
 C	-11.63554136 -8.50769983 3.40000000
 C	-21.87736111 -8.48939885 3.40000000
 C	-26.99822989 -8.48039172 3.40000000
 C	33.07419626 -8.24623456 3.40000000
 C	27.95335526 -8.23711604 3.40000000
 C	17.71150773 -8.21892646 3.40000000
 C	12.59068062 -8.20975225 3.40000000
 C	2.34881920 -8.19161837 3.40000000
 C	-2.77200792 -8.18244415 3.40000000
 C	-13.01366215 -8.16409572 3.40000000
 C	-18.13455832 -8.15499301 3.40000000
 C	-28.37635068 -8.13678762 3.40000000
 C	36.81690259 -7.91180468 3.40000000
 C	26.57524836 -7.89345624 3.40000000
 C	21.45432441 -7.88446493 3.40000000
 C	11.21255983 -7.86614815 3.40000000
 C	6.09173271 -7.85697393 3.40000000
 C	-4.14996318 -7.83879258 3.40000000
 C	-9.27095582 -7.82966583 3.40000000
 C	-19.51261005 -7.81131740 3.40000000
 C	-24.63347882 -7.80231026 3.40000000
 C	35.43894733 -7.56815310 3.40000000
 C	30.31794080 -7.55908204 3.40000000
 C	20.07625880 -7.54084501 3.40000000
 C	14.95543168 -7.53167079 3.40000000
 C	4.71357027 -7.51353691 3.40000000
 C	-0.40725685 -7.50436269 3.40000000
 C	-10.64907661 -7.48606172 3.40000000
 C	-15.76991761 -7.47694320 3.40000000
 C	-26.01159961 -7.45870616 3.40000000
 C	39.18165365 -7.23372322 3.40000000
 C	28.93983389 -7.21542225 3.40000000
 C	23.81896512 -7.20641512 3.40000000
 C	13.57731089 -7.18806669 3.40000000
 C	8.45642860 -7.17890829 3.40000000
 C	-1.78537764 -7.16075859 3.40000000
 C	-6.90620475 -7.15158438 3.40000000
 C	-17.14785898 -7.13323594 3.40000000
 C	-22.26889329 -7.12427627 3.40000000
 C	37.80353286 -6.89011911 3.40000000
 C	32.68269186 -6.88100059 3.40000000
 C	22.44100986 -6.86276355 3.40000000
 C	17.32001722 -6.85363680 3.40000000
 C	7.07832133 -6.83545546 3.40000000
 C	1.95749422 -6.82628124 3.40000000
 C	-8.28432554 -6.80798027 3.40000000
 C	-13.40516654 -6.79886174 3.40000000
 C	-23.64701407 -6.78067217 3.40000000
 C	31.30458496 -6.53734079 3.40000000
 C	26.18371619 -6.52833366 3.40000000
 C	15.94189643 -6.51003270 3.40000000
 C	10.82106932 -6.50085848 3.40000000
 C	0.57937343 -6.48267713 3.40000000
 C	-4.54150886 -6.47351874 3.40000000
 C	-14.78327345 -6.45520195 3.40000000
 C	-19.90414222 -6.44619482 3.40000000
 C	35.04738775 -6.20293495 3.40000000
 C	24.80559540 -6.18472956 3.40000000
 C	19.68476828 -6.17555534 3.40000000
 C	9.44307240 -6.15737400 3.40000000
 C	4.32207975 -6.14824725 3.40000000
 C	-5.91957448 -6.12989881 3.40000000
 C	-11.04041548 -6.12078029 3.40000000
 C	-21.28226301 -6.10259072 3.40000000
 C	-26.40309012 -6.09341650 3.40000000
 C	33.66933603 -5.85925934 3.40000000
 C	28.54846725 -5.85025220 3.40000000
 C	18.30664750 -5.83195124 3.40000000
 C	13.18582038 -5.82277702 3.40000000
 C	2.94395896 -5.80464314 3.40000000
 C	-2.17686815 -5.79546893 3.40000000
 C	-12.41852238 -5.77712049 3.40000000
 C	-17.53944633 -5.76812918 3.40000000
 C	-27.78121091 -5.74981240 3.40000000
 C	37.41202847 -5.52488514 3.40000000
 C	27.17034647 -5.50664810 3.40000000
 C	22.04946417 -5.49748971 3.40000000
 C	11.80765793 -5.47934001 3.40000000
 C	6.68683082 -5.47016579 3.40000000
 C	-3.55482341 -5.45181735 3.40000000
 C	-8.67582994 -5.44274630 3.40000000
 C	-18.91751194 -5.42450926 3.40000000
 C	-24.03833906 -5.41533504 3.40000000
 C	36.03408709 -5.18117788 3.40000000
 C	30.91305279 -5.17221821 3.40000000
 C	20.67139856 -5.15386978 3.40000000
 C	15.55057145 -5.14469557 3.40000000
 C	5.30871003 -5.12656168 3.40000000
 C	0.18788292 -5.11738747 3.40000000
 C	-10.05393684 -5.09908650 3.40000000
 C	-15.17480562 -5.09007937 3.40000000
 C	-25.41645984 -5.07173094 3.40000000
 C	39.77677953 -4.84680368 3.40000000
 C	29.53493200 -4.82861411 3.40000000
 C	24.41410489 -4.81943989 3.40000000
 C	14.17240900 -4.80125855 3.40000000
 C	9.05152671 -4.79210015 3.40000000
 C	-1.19023787 -4.77378336 3.40000000
 C	-6.31107887 -4.76466484 3.40000000
 C	-16.55276087 -4.74642780 3.40000000
 C	-21.67375352 -4.73730105 3.40000000
 C	38.39867263 -4.50314389 3.40000000
 C	33.27780386 -4.49413675 3.40000000
 C	23.03614963 -4.47578833 3.40000000
 C	17.91515698 -4.46666157 3.40000000
 C	7.67346110 -4.44848022 3.40000000
 C	2.55263398 -4.43930601 3.40000000
 C	-7.68918578 -4.42100504 3.40000000
 C	-12.81005455 -4.41199791 3.40000000
 C	-23.05187431 -4.39369695 3.40000000
 C	31.89968307 -4.15053265 3.40000000
 C	26.77885595 -4.14135844 3.40000000
 C	16.53699454 -4.12322456 3.40000000
 C	11.41616742 -4.11405034 3.40000000
 C	1.17451319 -4.09570190 3.40000000
 C	-3.94638299 -4.08659920 3.40000000
 C	-14.18817534 -4.06839381 3.40000000
 C	-19.30900245 -4.05921959 3.40000000
 C	35.64249975 -3.81607112 3.40000000
 C	25.40073517 -3.79775434 3.40000000
 C	20.27990805 -3.78858012 3.40000000
 C	10.03821216 -3.77039877 3.40000000
 C	4.91721952 -3.76127202 3.40000000
 C	-5.32443471 -3.74292359 3.40000000
 C	-10.44530348 -3.73391645 3.40000000
 C	-20.68712324 -3.71561549 3.40000000
 C	-25.80795036 -3.70644127 3.40000000
 C	34.26443413 -3.47245120 3.40000000
 C	29.14360702 -3.46327698 3.40000000
 C	18.90174560 -3.44514310 3.40000000
 C	13.78091849 -3.43596888 3.40000000
 C	3.53909873 -3.41766791 3.40000000
 C	-1.58174227 -3.40854939 3.40000000
 C	-11.82342427 -3.39031235 3.40000000
 C	-16.94430656 -3.38115396 3.40000000
 C	-27.18611280 -3.36300426 3.40000000
 C	38.00714046 -3.13802131 3.40000000
 C	27.76548623 -3.11967288 3.40000000
 C	22.64460394 -3.11051448 3.40000000
 C	12.40279770 -3.09236477 3.40000000
 C	7.28197059 -3.08319057 3.40000000
 C	-2.95968364 -3.06484213 3.40000000
 C	-8.08071795 -3.05588246 3.40000000
 C	-18.32237217 -3.03753404 3.40000000
 C	-23.44319929 -3.02835982 3.40000000
 C	36.62918520 -2.79436974 3.40000000
 C	31.50819256 -2.78524299 3.40000000
 C	21.26649667 -2.76706165 3.40000000
 C	16.14566955 -2.75788743 3.40000000
 C	5.90384980 -2.73958646 3.40000000
 C	0.78300879 -2.73046793 3.40000000
 C	-9.45883874 -2.71227836 3.40000000
 C	-14.57966585 -2.70310414 3.40000000
 C	-24.82136174 -2.68492280 3.40000000
 C	40.37189152 -2.45993985 3.40000000
 C	30.13007177 -2.44163889 3.40000000
 C	25.00924465 -2.43246467 3.40000000
 C	14.76754876 -2.41428332 3.40000000
 C	9.64666648 -2.40512493 3.40000000
 C	-0.59509811 -2.38680814 3.40000000
 C	-5.71596688 -2.37780101 3.40000000
 C	-15.95762111 -2.35945258 3.40000000
 C	-21.07861375 -2.35032583 3.40000000
 C	38.99377074 -2.11633575 3.40000000
 C	33.87294362 -2.10716153 3.40000000
 C	23.63124774 -2.08898019 3.40000000
 C	18.51025509 -2.07985344 3.40000000
 C	8.26860086 -2.06150500 3.40000000
 C	3.14775986 -2.05238648 3.40000000
 C	-7.09408767 -2.03419691 3.40000000
 C	-12.21491478 -2.02502269 3.40000000
 C	-22.45677620 -2.00688881 3.40000000
 C	32.49482283 -1.76355743 3.40000000
 C	27.37399572 -1.75438321 3.40000000
 C	17.13213430 -1.73624933 3.40000000
 C	12.01130719 -1.72707512 3.40000000
 C	1.76965296 -1.70872668 3.40000000
 C	-3.35127099 -1.69973537 3.40000000
 C	-13.59303557 -1.68141859 3.40000000
 C	-18.71386269 -1.67224437 3.40000000
 C	36.23763951 -1.42909590 3.40000000
 C	25.99583327 -1.41094620 3.40000000
 C	20.87500616 -1.40177198 3.40000000
 C	10.63335193 -1.38342354 3.40000000
 C	5.51234540 -1.37435248 3.40000000
 C	-4.72933660 -1.35611545 3.40000000
 C	-9.85016372 -1.34694123 3.40000000
 C	-20.09202513 -1.32880735 3.40000000
 C	-25.21285225 -1.31963314 3.40000000
 C	34.85957390 -1.08547597 3.40000000
 C	29.73874679 -1.07630176 3.40000000
 C	19.49688537 -1.05816787 3.40000000
 C	14.37605825 -1.04899366 3.40000000
 C	4.13423850 -1.03069269 3.40000000
 C	-0.98663028 -1.02168556 3.40000000
 C	-11.22828451 -1.00333713 3.40000000
 C	-16.34916680 -0.99417873 3.40000000
 C	-26.59097304 -0.97602903 3.40000000
 C	38.60228022 -0.75104608 3.40000000
 C	28.36058434 -0.73286474 3.40000000
 C	23.23970205 -0.72370634 3.40000000
 C	12.99793746 -0.70538955 3.40000000
 C	7.87709646 -0.69627103 3.40000000
 C	-2.36458554 -0.67803399 3.40000000
 C	-7.48557818 -0.66890724 3.40000000
 C	-17.72727407 -0.65072590 3.40000000
 C	-22.84810118 -0.64155168 3.40000000
 C	37.22432497 -0.40739452 3.40000000
 C	32.10333232 -0.39826776 3.40000000
 C	21.86163643 -0.38008641 3.40000000
 C	16.74080932 -0.37091220 3.40000000
 C	6.49898956 -0.35261123 3.40000000
 C	1.37812079 -0.34360410 3.40000000
 C	-8.86369897 -0.32530314 3.40000000
 C	-13.98452608 -0.31612892 3.40000000
 C	-24.22622197 -0.29794757 3.40000000
 C	40.96703129 -0.07296463 3.40000000
 C	30.72516988 -0.05483075 3.40000000
 C	25.60434276 -0.04565653 3.40000000
 C	15.36268853 -0.02730809 3.40000000
 C	10.24179235 -0.01820539 3.40000000
 C	0.00000000 0.00000000 3.40000000
 C	-5.12082712 0.00917422 3.40000000
 C	-15.36252300 0.02735556 3.40000000
 C	-20.48351565 0.03648231 3.40000000
 C	39.58891050 0.27063948 3.40000000
 C	34.46808339 0.27981369 3.40000000
 C	24.22638750 0.29799504 3.40000000
 C	19.10539486 0.30712179 3.40000000
 C	8.86374063 0.32547022 3.40000000
 C	3.74287185 0.33447736 3.40000000
 C	-6.49894790 0.35277832 3.40000000
 C	-11.61977502 0.36195254 3.40000000
 C	-21.86163644 0.38008642 3.40000000
 C	33.08992094 0.62325071 3.40000000
 C	27.96909383 0.63242493 3.40000000
 C	17.72727407 0.65072590 3.40000000
 C	12.60643307 0.65984442 3.40000000
 C	2.36475107 0.67808146 3.40000000
 C	-2.75613123 0.68723985 3.40000000
 C	-12.99793746 0.70538955 3.40000000
 C	-18.11876458 0.71456377 3.40000000
 C	36.83277928 0.95787933 3.40000000
 C	26.59097304 0.97602904 3.40000000
 C	21.47014592 0.98520324 3.40000000
 C	11.22849169 1.00355168 3.40000000
 C	6.10745739 1.01251135 3.40000000
 C	-4.13419684 1.03085977 3.40000000
 C	-9.25502395 1.04003399 3.40000000
 C	-19.49688537 1.05816788 3.40000000
 C	-24.61771248 1.06734209 3.40000000
 C	35.45467201 1.30133216 3.40000000
 C	30.33384489 1.31050638 3.40000000
 C	20.09202513 1.32880735 3.40000000
 C	14.97118413 1.33792588 3.40000000
 C	4.72933660 1.35611545 3.40000000
 C	-0.39149051 1.36528967 3.40000000
 C	-10.63318640 1.38347101 3.40000000
 C	-15.75406869 1.39262940 3.40000000
 C	-25.99583327 1.41094620 3.40000000
 C	39.19741999 1.63592914 3.40000000
 C	28.95572410 1.65411049 3.40000000
 C	23.83484181 1.66326888 3.40000000
 C	13.59307723 1.68158567 3.40000000
 C	8.47220846 1.69059281 3.40000000
 C	-1.76944577 1.70894123 3.40000000
 C	-6.89043841 1.71806798 3.40000000
 C	-17.13213430 1.73624934 3.40000000
 C	-22.25296142 1.74542354 3.40000000
 C	37.81942307 1.97941362 3.40000000
 C	32.69843043 1.98854037 3.40000000
 C	22.45677620 2.00688881 3.40000000
 C	17.33593520 2.01600733 3.40000000
 C	7.09408767 2.03419691 3.40000000
 C	1.97326055 2.04337112 3.40000000
 C	-8.26860086 2.06150500 3.40000000
 C	-13.38942798 2.07067922 3.40000000
 C	-23.63108221 2.08902765 3.40000000
 C	41.56217106 2.31401060 3.40000000
 C	31.32030964 2.33214448 3.40000000
 C	26.19948253 2.34131869 3.40000000
 C	15.95782830 2.35966713 3.40000000
 C	10.83690435 2.36865844 3.40000000
 C	0.59513977 2.38697522 3.40000000
 C	-4.52568735 2.39614944 3.40000000
 C	-14.76738324 2.41433079 3.40000000
 C	-19.88837588 2.42345754 3.40000000
 C	40.18400861 2.65744761 3.40000000
 C	35.06318150 2.66662183 3.40000000
 C	24.82152727 2.68497027 3.40000000
 C	19.70052073 2.69404133 3.40000000
 C	9.45883874 2.71227836 3.40000000
 C	4.33801162 2.72145258 3.40000000
 C	-5.90384980 2.73958646 3.40000000
 C	-11.02467691 2.74876067 3.40000000
 C	-21.26649667 2.76706165 3.40000000
 C	33.68506071 3.01022594 3.40000000
 C	28.56423359 3.01940015 3.40000000
 C	18.32241383 3.03770112 3.40000000
 C	13.20154506 3.04670825 3.40000000
 C	2.95989083 3.06505668 3.40000000
 C	-2.16099146 3.07421508 3.40000000
 C	-12.40279770 3.09236478 3.40000000
 C	-17.52362481 3.10153899 3.40000000
 C	37.42787739 3.34468747 3.40000000
 C	27.18611280 3.36300426 3.40000000
 C	22.06527180 3.37212278 3.40000000
 C	11.82358980 3.39035982 3.40000000
 C	6.70259716 3.39948657 3.40000000
 C	-3.53909873 3.41766791 3.40000000
 C	-8.65992584 3.42684213 3.40000000
 C	-18.90174560 3.44514310 3.40000000
 C	-24.02258660 3.45426163 3.40000000
 C	36.04981177 3.68830740 3.40000000
 C	30.92898466 3.69748161 3.40000000
 C	20.68716490 3.71578258 3.40000000
 C	15.56629613 3.72478971 3.40000000
 C	5.32447637 3.74309067 3.40000000
 C	0.20364925 3.75226489 3.40000000
 C	-10.03804663 3.77044624 3.40000000
 C	-15.15892892 3.77960463 3.40000000
 C	-25.40069351 3.79792142 3.40000000
 C	39.79251810 4.02273728 3.40000000
 C	29.55086387 4.04108572 3.40000000
 C	24.42996769 4.05018842 3.40000000
 C	14.18817534 4.06839381 3.40000000
 C	9.06734822 4.07756803 3.40000000
 C	-1.17434766 4.09574937 3.40000000
 C	-6.29534031 4.10487612 3.40000000
 C	-16.53699454 4.12322456 3.40000000
 C	-21.65783554 4.13234308 3.40000000
 C	38.41456284 4.36638885 3.40000000
 C	33.29357020 4.37551560 3.40000000
 C	23.05191597 4.39386403 3.40000000
 C	17.93104719 4.40287117 3.40000000
 C	7.68922744 4.42117213 3.40000000
 C	2.56840032 4.43034635 3.40000000
 C	-7.67346110 4.44848023 3.40000000
 C	-12.79428821 4.45765444 3.40000000
 C	-23.03594244 4.47600288 3.40000000
 C	42.15726916 4.70081874 3.40000000
 C	31.91544941 4.71911971 3.40000000
 C	26.79460840 4.72823823 3.40000000
 C	16.55292640 4.74647527 3.40000000
 C	11.43204411 4.75563366 3.40000000
 C	1.19023787 4.77378336 3.40000000
 C	-3.93058924 4.78295758 3.40000000
 C	-14.17224347 4.80130602 3.40000000
 C	-19.29325000 4.81037707 3.40000000
 C	40.77914837 5.04442285 3.40000000
 C	35.65832126 5.05359705 3.40000000
 C	25.41666703 5.07194549 3.40000000
 C	20.29563273 5.08090516 3.40000000
 C	10.05397850 5.09925359 3.40000000
 C	4.93315139 5.10842780 3.40000000
 C	-5.30871003 5.12656169 3.40000000
 C	-10.42953714 5.13573590 3.40000000
 C	-20.67135690 5.15403687 3.40000000
 C	34.28020047 5.39720116 3.40000000
 C	29.15935947 5.40631969 3.40000000
 C	18.91751194 5.42450926 3.40000000
 C	13.79668483 5.43368348 3.40000000
 C	3.55498894 5.45186482 3.40000000
 C	-1.56589335 5.46102321 3.40000000
 C	-11.80765793 5.47934001 3.40000000
 C	-16.92849894 5.48845853 3.40000000
 C	38.02301715 5.73166269 3.40000000
 C	27.78125257 5.74997948 3.40000000
 C	22.66038379 5.75898662 3.40000000
 C	12.41872957 5.77733504 3.40000000
 C	7.29773692 5.78646180 3.40000000
 C	-2.94395897 5.80464315 3.40000000
 C	-8.06478608 5.81381735 3.40000000
 C	-18.30660584 5.83211833 3.40000000
 C	-23.42747461 5.84112546 3.40000000
 C	36.64495154 6.07528262 3.40000000
 C	31.52411054 6.08440114 3.40000000
 C	21.28226301 6.10259072 3.40000000
 C	16.16143589 6.11176493 3.40000000
 C	5.91957448 6.12989881 3.40000000
 C	0.79874736 6.13907303 3.40000000
 C	-9.44290687 6.15742146 3.40000000
 C	-14.56380305 6.16652417 3.40000000
 C	-24.80559540 6.18472956 3.40000000
 C	40.38765786 6.40971250 3.40000000
 C	30.14600363 6.42806094 3.40000000
 C	25.02507968 6.43705225 3.40000000
 C	14.78331510 6.45536903 3.40000000
 C	9.66248799 6.46454325 3.40000000
 C	-0.57920790 6.48272460 3.40000000
 C	-5.70020054 6.49185135 3.40000000
 C	-15.94185477 6.51019978 3.40000000
 C	-21.06272355 6.51920692 3.40000000
 C	39.00970260 6.75336408 3.40000000
 C	33.88869607 6.76243514 3.40000000
 C	23.64701407 6.78067217 3.40000000
 C	18.52618696 6.78984639 3.40000000
 C	8.28432554 6.80798027 3.40000000
 C	3.16349843 6.81715448 3.40000000
 C	-7.07832133 6.83545546 3.40000000
 C	-12.19916233 6.84457398 3.40000000
 C	-22.44084433 6.86281102 3.40000000
 C	42.75240893 7.08779396 3.40000000
 C	32.51058917 7.10609493 3.40000000
 C	27.38972040 7.11510206 3.40000000
 C	17.14806617 7.13345049 3.40000000
 C	12.02718388 7.14260889 3.40000000
 C	1.78537764 7.16075859 3.40000000
 C	-3.33544948 7.16993280 3.40000000
 C	-13.57710371 7.18828124 3.40000000
 C	-18.69813801 7.19724091 3.40000000
 C	41.37428814 7.43139807 3.40000000
 C	36.25344714 7.44051659 3.40000000
 C	26.01176514 7.45875363 3.40000000
 C	20.89077249 7.46788038 3.40000000
 C	10.64907661 7.48606172 3.40000000
 C	5.52824949 7.49523594 3.40000000
 C	-4.71357027 7.51353691 3.40000000
 C	-9.83441127 7.52265544 3.40000000
 C	-20.07625880 7.54084501 3.40000000
 C	34.87534024 7.78417639 3.40000000
 C	29.75447146 7.79318352 3.40000000
 C	19.51265171 7.81148448 3.40000000
 C	14.39182459 7.82065870 3.40000000
 C	4.15012870 7.83884005 3.40000000
 C	-0.97075359 7.84799844 3.40000000
 C	-11.21251817 7.86631523 3.40000000
 C	-16.33338694 7.87532236 3.40000000
 C	38.61814303 8.11858223 3.40000000
 C	28.37635068 8.13678762 3.40000000
 C	23.25552356 8.14596184 3.40000000
 C	13.01382767 8.16414318 3.40000000
 C	7.89283503 8.17326993 3.40000000
 C	-2.34881920 8.19161837 3.40000000
 C	-7.46966020 8.20073689 3.40000000
 C	-17.71150773 8.21892646 3.40000000
 C	-22.83233485 8.22810068 3.40000000
 C	37.24009130 8.46225784 3.40000000
 C	32.11922253 8.47126498 3.40000000
 C	21.87740277 8.48956594 3.40000000
 C	16.75657566 8.49874016 3.40000000
 C	6.51471424 8.51687404 3.40000000
 C	1.39388713 8.52604825 3.40000000
 C	-8.84776710 8.54439669 3.40000000
 C	-13.96869105 8.55338800 3.40000000
 C	-24.21045563 8.57170478 3.40000000
 C	40.98278374 8.79663204 3.40000000
 C	30.74110174 8.81486908 3.40000000
 C	25.62021945 8.82402747 3.40000000
 C	15.37841321 8.84217717 3.40000000
 C	10.25758610 8.85135139 3.40000000
 C	0.01593187 8.86969983 3.40000000
 C	-5.10507466 8.87877088 3.40000000
 C	-15.34675666 8.89700792 3.40000000
 C	-20.46758378 8.90618214 3.40000000
 C	39.60484237 9.14033930 3.40000000
 C	34.48380807 9.14929897 3.40000000
 C	24.24215384 9.16764740 3.40000000
 C	19.12132672 9.17682161 3.40000000
 C	8.87946531 9.19495550 3.40000000
 C	3.75863819 9.20412971 3.40000000
 C	-6.48318157 9.22243068 3.40000000
 C	-11.60405034 9.23143781 3.40000000
 C	-21.84570457 9.24978624 3.40000000
 C	43.34753481 9.47471350 3.40000000
 C	33.10568728 9.49290307 3.40000000
 C	27.98486016 9.50207729 3.40000000
 C	17.74316428 9.52025863 3.40000000
 C	12.62228199 9.52941703 3.40000000
 C	2.38051740 9.54773382 3.40000000
 C	-2.74032360 9.55685234 3.40000000
 C	-12.98200560 9.57508938 3.40000000
 C	-18.10299824 9.58421613 3.40000000
 C	41.96942791 9.81837329 3.40000000
 C	36.84855913 9.82738043 3.40000000
 C	26.60690491 9.84572885 3.40000000
 C	21.48591226 9.85485561 3.40000000
 C	11.24421637 9.87303696 3.40000000
 C	6.12338926 9.88221117 3.40000000
 C	-4.11843050 9.90051214 3.40000000
 C	-9.23929927 9.90951927 3.40000000
 C	-19.48111903 9.92782023 3.40000000
 C	35.47043834 10.17098453 3.40000000
 C	30.34961123 10.18015874 3.40000000
 C	20.10774981 10.19829262 3.40000000
 C	14.98692270 10.20746684 3.40000000
 C	4.74526847 10.22581527 3.40000000
 C	-0.37562771 10.23491798 3.40000000
 C	-10.61742006 10.25312337 3.40000000
 C	-15.73824718 10.26229759 3.40000000
 C	39.21325502 10.50544606 3.40000000
 C	28.97149044 10.52376284 3.40000000
 C	23.85066333 10.53293706 3.40000000
 C	13.60896744 10.55111841 3.40000000
 C	8.48797480 10.56024516 3.40000000
 C	-1.75367943 10.57859359 3.40000000
 C	-6.87454821 10.58760073 3.40000000
 C	-17.11636796 10.60590169 3.40000000
 C	-22.23719508 10.61507591 3.40000000
 C	37.83518941 10.84906598 3.40000000
 C	32.71436230 10.85824020 3.40000000
 C	22.47250088 10.87637408 3.40000000
 C	17.35167377 10.88554830 3.40000000
 C	7.10985401 10.90384927 3.40000000
 C	1.98901300 10.91296779 3.40000000
 C	-8.25266900 10.93120483 3.40000000
 C	-13.37355129 10.94036322 3.40000000
 C	-23.61535753 10.95851292 3.40000000
 C	41.57789574 11.18349587 3.40000000
 C	31.33624151 11.20184430 3.40000000
 C	26.21535922 11.21100270 3.40000000
 C	15.97355298 11.22915241 3.40000000
 C	10.85272586 11.23832661 3.40000000
 C	0.61107163 11.25667505 3.40000000
 C	-4.50996267 11.26563472 3.40000000
 C	-14.75161690 11.28398314 3.40000000
 C	-19.87244401 11.29315736 3.40000000
 C	40.19994048 11.52714744 3.40000000
 C	35.07894783 11.53627419 3.40000000
 C	24.83725195 11.55445553 3.40000000
 C	19.71642483 11.56362975 3.40000000
 C	9.47460507 11.58193072 3.40000000
 C	4.35376407 11.59104925 3.40000000
 C	-5.88808346 11.60923882 3.40000000
 C	-11.00891057 11.61841304 3.40000000
 C	-21.25060646 11.63659438 3.40000000
 C	43.94264680 11.86157733 3.40000000
 C	33.70082705 11.87987829 3.40000000
 C	28.57999993 11.88905251 3.40000000
 C	18.33830404 11.90723386 3.40000000
 C	13.21742175 11.91639225 3.40000000
 C	2.97565717 11.93470904 3.40000000
 C	-2.14521160 11.94371617 3.40000000
 C	-12.38686583 11.96206460 3.40000000
 C	-17.50785848 11.97119135 3.40000000
 C	42.56452601 12.20518143 3.40000000
 C	37.44369890 12.21435565 3.40000000
 C	27.20200301 12.23253699 3.40000000
 C	22.08101037 12.24166374 3.40000000
 C	11.83935614 12.26001218 3.40000000
 C	6.71851514 12.26913070 3.40000000
 C	-3.52333239 12.28732027 3.40000000
 C	-8.64415951 12.29649449 3.40000000
 C	-18.88602092 12.31462837 3.40000000
 C	36.06557811 12.55795975 3.40000000
 C	30.94475100 12.56713397 3.40000000
 C	20.70288958 12.58526785 3.40000000
 C	15.58206247 12.59444206 3.40000000
 C	5.34040824 12.61279050 3.40000000
 C	0.21948429 12.62178181 3.40000000
 C	-10.02228029 12.64009859 3.40000000
 C	-15.14310741 12.64927281 3.40000000
 C	39.80839479 12.89242128 3.40000000
 C	29.56658855 12.91057098 3.40000000
 C	24.44576143 12.91974520 3.40000000
 C	14.20410720 12.93809364 3.40000000
 C	9.08310067 12.94716470 3.40000000
 C	-1.15858133 12.96540173 3.40000000
 C	-6.27940844 12.97457595 3.40000000
 C	-16.52126986 12.99270983 3.40000000
 C	-21.64209697 13.00188404 3.40000000
 C	38.43032918 13.23604121 3.40000000
 C	33.30950206 13.24521542 3.40000000
 C	23.06764064 13.26334931 3.40000000
 C	17.94681353 13.27252352 3.40000000
 C	7.70499377 13.29082449 3.40000000
 C	2.58412500 13.29983162 3.40000000
 C	-7.65752923 13.31818005 3.40000000
 C	-12.77841152 13.32733845 3.40000000
 C	-23.02021776 13.34548815 3.40000000
 C	42.17303550 13.57047110 3.40000000
 C	31.93133962 13.58865244 3.40000000
 C	26.81045732 13.59781084 3.40000000
 C	16.56869274 13.61612763 3.40000000
 C	11.44785174 13.62524615 3.40000000
 C	1.20616974 13.64348319 3.40000000
 C	-3.91482290 13.65260994 3.40000000
 C	-14.15651879 13.67079128 3.40000000
 C	-19.27734591 13.67996550 3.40000000
 C	40.79508024 13.91412266 3.40000000
 C	35.67408760 13.92324942 3.40000000
 C	25.43239171 13.94143077 3.40000000
 C	20.31156460 13.95060498 3.40000000
 C	10.06974484 13.96890595 3.40000000
 C	4.94887606 13.97791308 3.40000000
 C	-5.29294369 13.99621404 3.40000000
 C	-10.41377081 14.00538826 3.40000000
 C	-20.65546670 14.02356961 3.40000000
 C	44.53778657 14.24855255 3.40000000
 C	34.29592515 14.26668643 3.40000000
 C	29.17509804 14.27586065 3.40000000
 C	18.93344381 14.29420909 3.40000000
 C	13.81254763 14.30331179 3.40000000
 C	3.57075528 14.32151718 3.40000000
 C	-1.55007184 14.33069140 3.40000000
 C	-11.79176772 14.34887274 3.40000000
 C	-16.91276037 14.35799949 3.40000000
 C	43.15966578 14.59215666 3.40000000
 C	38.03883867 14.60133087 3.40000000
 C	27.79714278 14.61951222 3.40000000
 C	22.67615013 14.62863897 3.40000000
 C	12.43449590 14.64698740 3.40000000
 C	7.31362713 14.65599454 3.40000000
 C	-2.92819263 14.67429550 3.40000000
 C	-8.04901974 14.68346972 3.40000000
 C	-18.29088116 14.70160360 3.40000000
 C	36.66067622 14.94476789 3.40000000
 C	31.53984910 14.95394211 3.40000000
 C	21.29802934 14.97224308 3.40000000
 C	16.17718834 14.98136160 3.40000000
 C	5.93550634 14.99959864 3.40000000
 C	0.81462405 15.00875703 3.40000000
 C	-9.42718219 15.02690673 3.40000000
 C	-14.54800930 15.03608095 3.40000000
 C	40.40353455 15.27939651 3.40000000
 C	30.16172831 15.29754622 3.40000000
 C	25.04090120 15.30672042 3.40000000
 C	14.79924697 15.32506886 3.40000000
 C	9.67821267 15.33402853 3.40000000
 C	-0.56344156 15.35237695 3.40000000
 C	-5.68426867 15.36155117 3.40000000
 C	-15.92613009 15.37968506 3.40000000
 C	-21.04695721 15.38885927 3.40000000
 C	39.02542728 15.62284934 3.40000000
 C	33.90460017 15.63202356 3.40000000
 C	23.66278041 15.65032453 3.40000000
 C	18.54193941 15.65944306 3.40000000
 C	8.30009188 15.67763263 3.40000000
 C	3.17926476 15.68680685 3.40000000
 C	-7.06243112 15.70498819 3.40000000
 C	-12.18331341 15.71414658 3.40000000
 C	-22.42507800 15.73246338 3.40000000
 C	42.76817527 15.95744632 3.40000000
 C	32.52647938 15.97562767 3.40000000
 C	27.40559709 15.98478606 3.40000000
 C	17.16383251 16.00310285 3.40000000
 C	12.04296373 16.01210998 3.40000000
 C	1.80130951 16.03045841 3.40000000
 C	-3.31968314 16.03958516 3.40000000
 C	-13.56137903 16.05776652 3.40000000
 C	-18.68220614 16.06694072 3.40000000
 C	41.39017835 16.30093080 3.40000000
 C	36.26918571 16.31005755 3.40000000
 C	26.02753148 16.32840599 3.40000000
 C	20.90669048 16.33752451 3.40000000
 C	10.66484295 16.35571409 3.40000000
 C	5.54401583 16.36488830 3.40000000
 C	-4.69784558 16.38302218 3.40000000
 C	-9.81867270 16.39219640 3.40000000
 C	-20.06032693 16.41054483 3.40000000
 C	45.13292633 16.63552778 3.40000000
 C	34.89106492 16.65366166 3.40000000
 C	29.77023780 16.66283587 3.40000000
 C	19.52858357 16.68118431 3.40000000
 C	14.40765962 16.69017562 3.40000000
 C	4.16589504 16.70849240 3.40000000
 C	-0.95493207 16.71766662 3.40000000
 C	-11.19662796 16.73584797 3.40000000
 C	-16.31762060 16.74497472 3.40000000
 C	43.75476389 16.97896479 3.40000000
 C	38.63393677 16.98813901 3.40000000
 C	28.39228254 17.00648745 3.40000000
 C	23.27127601 17.01555851 3.40000000
 C	13.02959401 17.03379554 3.40000000
 C	7.90876690 17.04296976 3.40000000
 C	-2.33309452 17.06110364 3.40000000
 C	-7.45392163 17.07027785 3.40000000
 C	-17.69574139 17.08857883 3.40000000
 C	37.25581598 17.33174312 3.40000000
 C	32.13498887 17.34091733 3.40000000
 C	21.89316911 17.35921830 3.40000000
 C	16.77230034 17.36822543 3.40000000
 C	6.53064611 17.38657386 3.40000000
 C	1.40976382 17.39573226 3.40000000
 C	-8.83204242 17.41388196 3.40000000
 C	-13.95286954 17.42305617 3.40000000
 C	40.99863266 17.66620465 3.40000000
 C	30.75686808 17.68452144 3.40000000
 C	25.63602708 17.69363996 3.40000000
 C	15.39434508 17.71187700 3.40000000
 C	10.27335243 17.72100375 3.40000000
 C	0.03165655 17.73918509 3.40000000
 C	-5.08917057 17.74835931 3.40000000
 C	-15.33099033 17.76666028 3.40000000
 C	-20.45183133 17.77577881 3.40000000
 C	39.62056705 18.00982458 3.40000000
 C	34.49973994 18.01899879 3.40000000
 C	24.25792018 18.03729976 3.40000000
 C	19.13705140 18.04630689 3.40000000
 C	8.89523165 18.06460785 3.40000000
 C	3.77440453 18.07378207 3.40000000
 C	-6.46729136 18.09196342 3.40000000
 C	-11.58817365 18.10112181 3.40000000
 C	-21.82993823 18.11943860 3.40000000
 C	43.36327338 18.34425446 3.40000000
 C	33.12161915 18.36260290 3.40000000
 C	28.00072297 18.37170560 3.40000000
 C	17.75893061 18.38991099 3.40000000
 C	12.63810350 18.39908521 3.40000000
 C	2.39640761 18.41726655 3.40000000
 C	-2.72458503 18.42639330 3.40000000
 C	-12.96623926 18.44474174 3.40000000
 C	-18.08708026 18.45386026 3.40000000
 C	41.98531811 18.68790603 3.40000000
 C	36.86432547 18.69703278 3.40000000
 C	26.62267124 18.71538121 3.40000000
 C	21.50180247 18.72438835 3.40000000
 C	11.25998271 18.74268931 3.40000000
 C	6.13915560 18.75186353 3.40000000
 C	-4.10270582 18.76999741 3.40000000
 C	-9.22353293 18.77917162 3.40000000
 C	-19.46518716 18.79752006 3.40000000
 C	45.72802444 19.02233592 3.40000000
 C	35.48620468 19.04063689 3.40000000
 C	30.36536368 19.04975541 3.40000000
 C	20.12368168 19.06799245 3.40000000
 C	15.00279939 19.07715084 3.40000000
 C	4.76099315 19.09530054 3.40000000
 C	-0.35983396 19.10447476 3.40000000
 C	-10.60148819 19.12282320 3.40000000
 C	-15.72249473 19.13189425 3.40000000
 C	44.34990365 19.36594003 3.40000000
 C	39.22907654 19.37511423 3.40000000
 C	28.98742231 19.39346267 3.40000000
 C	23.86638801 19.40242234 3.40000000
 C	13.62473378 19.42077077 3.40000000
 C	8.50390666 19.42994498 3.40000000
 C	-1.73795476 19.44807887 3.40000000
 C	-6.85878187 19.45725308 3.40000000
 C	-17.10060163 19.47555405 3.40000000
 C	37.85095575 19.71871834 3.40000000
 C	32.73011475 19.72783687 3.40000000
 C	22.48826722 19.74602644 3.40000000
 C	17.36744010 19.75520066 3.40000000
 C	7.12574422 19.77338200 3.40000000
 C	2.00486193 19.78254039 3.40000000
 C	-8.23690266 19.80085719 3.40000000
 C	-13.35774366 19.80997571 3.40000000
 C	41.59377243 20.05317987 3.40000000
 C	31.35200785 20.07149666 3.40000000
 C	26.23113907 20.08050380 3.40000000
 C	15.98948484 20.09885222 3.40000000
 C	10.86849220 20.10797898 3.40000000
 C	0.62679631 20.12616033 3.40000000
 C	-4.49403080 20.13533453 3.40000000
 C	-14.73585056 20.15363551 3.40000000
 C	-19.85671933 20.16264264 3.40000000
 C	40.21570681 20.39679980 3.40000000
 C	35.09486581 20.40591832 3.40000000
 C	24.85301828 20.42410790 3.40000000
 C	19.73219117 20.43328211 3.40000000
 C	9.49032975 20.45141599 3.40000000
 C	4.36950264 20.46059021 3.40000000
 C	-5.87215159 20.47893864 3.40000000
 C	-10.99304777 20.48804135 3.40000000
 C	-21.23484012 20.50624674 3.40000000
 C	43.95841314 20.73122968 3.40000000
 C	33.71675891 20.74957812 3.40000000
 C	28.59583496 20.75856943 3.40000000
 C	18.35407038 20.77688621 3.40000000
 C	13.23324327 20.78606043 3.40000000
 C	2.99154738 20.80424178 3.40000000
 C	-2.12944526 20.81336853 3.40000000
 C	-12.37109949 20.83171696 3.40000000
 C	-17.49196827 20.84072410 3.40000000
 C	42.58045788 21.07488126 3.40000000
 C	37.45945135 21.08395232 3.40000000
 C	27.21776935 21.10218935 3.40000000
 C	22.09694223 21.11136357 3.40000000
 C	11.85508082 21.12949745 3.40000000
 C	6.73425370 21.13867166 3.40000000
 C	-3.50756605 21.15697264 3.40000000
 C	-8.62840706 21.16609116 3.40000000
 C	-18.87008906 21.18432820 3.40000000
 C	46.32316421 21.40931114 3.40000000
 C	36.08134445 21.42761211 3.40000000
 C	30.96047567 21.43661924 3.40000000
 C	20.71882145 21.45496767 3.40000000
 C	15.59793916 21.46412607 3.40000000
 C	5.35613291 21.48227577 3.40000000
 C	0.23530580 21.49144998 3.40000000
 C	-10.00634843 21.50979842 3.40000000
 C	-15.12738273 21.51875809 3.40000000
 C	44.94504342 21.75291525 3.40000000
 C	39.82420242 21.76203377 3.40000000
 C	29.58252042 21.78027081 3.40000000
 C	24.46152777 21.78939756 3.40000000
 C	14.21983189 21.80757890 3.40000000
 C	9.09900477 21.81675312 3.40000000
 C	-1.14281499 21.83505409 3.40000000
 C	-6.26365599 21.84417262 3.40000000
 C	-16.50550352 21.86236219 3.40000000
 C	38.44609551 22.10569357 3.40000000
 C	33.32522674 22.11470070 3.40000000
 C	23.08340698 22.13300166 3.40000000
 C	17.96257987 22.14217588 3.40000000
 C	7.72088398 22.16035723 3.40000000
 C	2.60000169 22.16951562 3.40000000
 C	-7.64176289 22.18783241 3.40000000
 C	-12.76263167 22.19683954 3.40000000
 C	42.18889831 22.44009941 3.40000000
 C	31.94710595 22.45830480 3.40000000
 C	26.82627884 22.46747902 3.40000000
 C	16.58458295 22.48566036 3.40000000
 C	11.46359031 22.49478711 3.40000000
 C	1.22193608 22.51313555 3.40000000
 C	-3.89890492 22.52225407 3.40000000
 C	-14.14075245 22.54044364 3.40000000
 C	-19.26157957 22.54961786 3.40000000
 C	40.81084658 22.78377502 3.40000000
 C	35.68997781 22.79278216 3.40000000
 C	25.44815805 22.81108312 3.40000000
 C	20.32733094 22.82025734 3.40000000
 C	10.08546952 22.83839122 3.40000000
 C	4.96464240 22.84756543 3.40000000
 C	-5.27701183 22.86591387 3.40000000
 C	-10.39793578 22.87490518 3.40000000
 C	-20.63970036 22.89322196 3.40000000
 C	44.55353902 23.11814922 3.40000000
 C	34.31185702 23.13638626 3.40000000
 C	29.19097473 23.14554465 3.40000000
 C	18.94916849 23.16369435 3.40000000
 C	13.82834137 23.17286857 3.40000000
 C	3.58668714 23.19121701 3.40000000
 C	-1.53431939 23.20028806 3.40000000
 C	-11.77600139 23.21852510 3.40000000
 C	-16.89682850 23.22769932 3.40000000
 C	43.17559765 23.46185648 3.40000000
 C	38.05456334 23.47081615 3.40000000
 C	27.81290912 23.48916458 3.40000000
 C	22.69208200 23.49833879 3.40000000
 C	12.45022058 23.51647268 3.40000000
 C	7.32939347 23.52564689 3.40000000
 C	-2.91242629 23.54394786 3.40000000
 C	-8.03329506 23.55295499 3.40000000
 C	-18.27494929 23.57130342 3.40000000
 C	46.91829008 23.79623068 3.40000000
 C	36.67644256 23.81442025 3.40000000
 C	31.55561544 23.82359447 3.40000000
 C	21.31391955 23.84177581 3.40000000
 C	16.19303726 23.85093421 3.40000000
 C	5.95127268 23.86925100 3.40000000
 C	0.83043168 23.87836952 3.40000000
 C	-9.41125032 23.89660656 3.40000000
 C	-14.53224297 23.90573331 3.40000000
 C	45.54018318 24.13989047 3.40000000
 C	40.41931441 24.14889761 3.40000000
 C	30.17766018 24.16724603 3.40000000
 C	25.05666754 24.17637279 3.40000000
 C	14.81497165 24.19455414 3.40000000
 C	9.69414454 24.20372835 3.40000000
 C	-0.54767522 24.22202932 3.40000000
 C	-5.66854400 24.23103645 3.40000000
 C	-15.91036375 24.24933741 3.40000000
 C	39.04119362 24.49250171 3.40000000
 C	33.92036651 24.50167592 3.40000000
 C	23.67850509 24.51980980 3.40000000
 C	18.55767798 24.52898402 3.40000000
 C	8.31602375 24.54733245 3.40000000
 C	3.19512757 24.55643516 3.40000000
 C	-7.04666478 24.57464055 3.40000000
 C	-12.16749190 24.58381477 3.40000000
 C	42.78401030 24.82696324 3.40000000
 C	32.54224572 24.84528002 3.40000000
 C	27.42141860 24.85445424 3.40000000
 C	17.17972272 24.87263559 3.40000000
 C	12.05873007 24.88176234 3.40000000
 C	1.81707584 24.90011077 3.40000000
 C	-3.30379293 24.90911791 3.40000000
 C	-13.54561269 24.92741887 3.40000000
 C	-18.66643980 24.93659309 3.40000000
 C	41.40594469 25.17058316 3.40000000
 C	36.28511757 25.17975738 3.40000000
 C	26.04325616 25.19789126 3.40000000
 C	20.92242904 25.20706548 3.40000000
 C	10.68060928 25.22536645 3.40000000
 C	5.55976828 25.23448497 3.40000000
 C	-4.68191372 25.25272201 3.40000000
 C	-9.80279601 25.26188040 3.40000000
 C	-20.04460225 25.28003010 3.40000000
 C	45.14865101 25.50501305 3.40000000
 C	34.90699679 25.52336148 3.40000000
 C	29.78611449 25.53251988 3.40000000
 C	19.54430825 25.55066959 3.40000000
 C	14.42348114 25.55984379 3.40000000
 C	4.18182691 25.57819223 3.40000000
 C	-0.93920739 25.58715190 3.40000000
 C	-11.18086162 25.60550032 3.40000000
 C	-16.30168874 25.61467454 3.40000000
 C	43.77069575 25.84866462 3.40000000
 C	38.64970311 25.85779137 3.40000000
 C	28.40800722 25.87597271 3.40000000
 C	23.28718011 25.88514693 3.40000000
 C	13.04536035 25.90344790 3.40000000
 C	7.92451935 25.91256643 3.40000000
 C	-2.31732818 25.93075600 3.40000000
 C	-7.43815530 25.93993022 3.40000000
 C	-17.67985118 25.95811156 3.40000000
 C	47.51340208 26.18309451 3.40000000
 C	37.27158232 26.20139547 3.40000000
 C	32.15075521 26.21056969 3.40000000
 C	21.90905932 26.22875104 3.40000000
 C	16.78817703 26.23790943 3.40000000
 C	6.54641245 26.25622622 3.40000000
 C	1.42554367 26.26523335 3.40000000
 C	-8.81611055 26.28358178 3.40000000
 C	-13.93710320 26.29270853 3.40000000
 C	46.13528129 26.52669861 3.40000000
 C	41.01445418 26.53587283 3.40000000
 C	30.77275829 26.55405417 3.40000000
 C	25.65176565 26.56318092 3.40000000
 C	15.41011142 26.58152936 3.40000000
 C	10.28927041 26.59064788 3.40000000
 C	0.04742288 26.60883745 3.40000000
 C	-5.07340423 26.61801167 3.40000000
 C	-15.31526565 26.63614555 3.40000000
 C	39.63633339 26.87947693 3.40000000
 C	34.51550627 26.88865115 3.40000000
 C	24.27364485 26.90678503 3.40000000
 C	19.15281774 26.91595924 3.40000000
 C	8.91116351 26.93430768 3.40000000
 C	3.79023956 26.94329899 3.40000000
 C	-6.45152502 26.96161577 3.40000000
 C	-11.57235213 26.97078999 3.40000000
 C	43.37915007 27.21393846 3.40000000
 C	33.13734383 27.23208816 3.40000000
 C	28.01651671 27.24126238 3.40000000
 C	17.77486248 27.25961082 3.40000000
 C	12.65385595 27.26868187 3.40000000
 C	2.41217395 27.28691891 3.40000000
 C	-2.70865316 27.29609313 3.40000000
 C	-12.95051458 27.31422701 3.40000000
 C	-18.07134169 27.32340122 3.40000000
 C	42.00108445 27.55755839 3.40000000
 C	36.88025734 27.56673260 3.40000000
 C	26.63839592 27.58486649 3.40000000
 C	21.51756881 27.59404070 3.40000000
 C	11.27574905 27.61234167 3.40000000
 C	6.15488028 27.62134880 3.40000000
 C	-4.08677395 27.63969723 3.40000000
 C	-9.20765624 27.64885563 3.40000000
 C	-19.44946249 27.66700533 3.40000000
 C	45.74379078 27.89198828 3.40000000
 C	35.50209489 27.91016962 3.40000000
 C	30.38121260 27.91932802 3.40000000
 C	20.13944802 27.93764481 3.40000000
 C	15.01860702 27.94676333 3.40000000
 C	4.77692502 27.96500037 3.40000000
 C	-0.34406763 27.97412712 3.40000000
 C	-10.58576351 27.99230846 3.40000000
 C	-15.70659063 28.00148268 3.40000000
 C	44.36583552 28.23563984 3.40000000
 C	39.24484288 28.24476660 3.40000000
 C	29.00314699 28.26294795 3.40000000
 C	23.88231987 28.27212216 3.40000000
 C	13.64050012 28.29042313 3.40000000
 C	8.51963134 28.29943026 3.40000000
 C	-1.72218842 28.31773122 3.40000000
 C	-6.84301553 28.32690544 3.40000000
 C	-17.08471142 28.34508679 3.40000000
 C	48.10854184 28.57006973 3.40000000
 C	37.86668043 28.58820361 3.40000000
 C	32.74585331 28.59737783 3.40000000
 C	22.50419908 28.61572627 3.40000000
 C	17.38330291 28.62482897 3.40000000
 C	7.14151055 28.64303436 3.40000000
 C	2.02068344 28.65220858 3.40000000
 C	-8.22101245 28.67038992 3.40000000
 C	-13.34200509 28.67951667 3.40000000
 C	46.73042106 28.91367383 3.40000000
 C	41.60959394 28.92284805 3.40000000
 C	31.36789805 28.94102940 3.40000000
 C	26.24690541 28.95015615 3.40000000
 C	16.00525118 28.96850458 3.40000000
 C	10.88438241 28.97751172 3.40000000
 C	0.64256265 28.99581268 3.40000000
 C	-4.47826446 29.00498690 3.40000000
 C	-14.72012588 29.02312078 3.40000000
 C	40.23143150 29.26628507 3.40000000
 C	35.11060438 29.27545929 3.40000000
 C	24.86878462 29.29376026 3.40000000
 C	19.74794362 29.30287878 3.40000000
 C	9.50626162 29.32111582 3.40000000
 C	4.38537933 29.33027421 3.40000000
 C	-5.85642691 29.34842391 3.40000000
 C	-10.97725403 29.35759813 3.40000000
 C	43.97428983 29.60091369 3.40000000
 C	33.73248359 29.61906340 3.40000000
 C	28.61165648 29.62823760 3.40000000
 C	18.37000225 29.64658604 3.40000000
 C	13.24896794 29.65554571 3.40000000
 C	3.00731372 29.67389413 3.40000000
 C	-2.11351340 29.68306835 3.40000000
 C	-12.35537482 29.70120224 3.40000000
 C	-17.47620193 29.71037645 3.40000000
 C	42.59618256 29.94436652 3.40000000
 C	37.47535545 29.95354074 3.40000000
 C	27.23353569 29.97184171 3.40000000
 C	22.11269469 29.98096024 3.40000000
 C	11.87084716 29.99914981 3.40000000
 C	6.75002004 30.00832403 3.40000000
 C	-3.49167584 30.02650537 3.40000000
 C	-8.61255814 30.03566376 3.40000000
 C	-18.85432272 30.05398056 3.40000000
 C	46.33893054 30.27896350 3.40000000
 C	36.09723466 30.29714485 3.40000000
 C	30.97635237 30.30630324 3.40000000
 C	20.73458778 30.32462003 3.40000000
 C	15.61371901 30.33362716 3.40000000
 C	5.37206478 30.35197559 3.40000000
 C	0.25107214 30.36110234 3.40000000
 C	-9.99062375 30.37928370 3.40000000
 C	-15.11145086 30.38845790 3.40000000
 C	44.96093363 30.62244798 3.40000000
 C	39.83994098 30.63157473 3.40000000
 C	29.59828675 30.64992317 3.40000000
 C	24.47744575 30.65904169 3.40000000
 C	14.23559822 30.67723127 3.40000000
 C	9.11477111 30.68640548 3.40000000
 C	-1.12709031 30.70453936 3.40000000
 C	-6.24791742 30.71371358 3.40000000
 C	-16.48957165 30.73206201 3.40000000
 C	48.70368161 30.95704496 3.40000000
 C	38.46182019 30.97517884 3.40000000
 C	33.34099308 30.98435305 3.40000000
 C	23.09933885 31.00270149 3.40000000
 C	17.97841490 31.01169280 3.40000000
 C	7.73665032 31.03000958 3.40000000
 C	2.61582320 31.03918380 3.40000000
 C	-7.62587268 31.05736515 3.40000000
 C	-12.74686533 31.06649190 3.40000000
 C	47.32551916 31.30048197 3.40000000
 C	42.20469205 31.30965619 3.40000000
 C	31.96303782 31.32800463 3.40000000
 C	26.84203129 31.33707569 3.40000000
 C	16.60034929 31.35531272 3.40000000
 C	11.47952217 31.36448694 3.40000000
 C	1.23766076 31.38262082 3.40000000
 C	-3.88316636 31.39179503 3.40000000
 C	-14.12498612 31.41009601 3.40000000
 C	40.82657126 31.65326030 3.40000000
 C	35.70574415 31.66243451 3.40000000
 C	25.46392439 31.68073548 3.40000000
 C	20.34305561 31.68974261 3.40000000
 C	10.10140139 31.70809104 3.40000000
 C	4.98051909 31.71724944 3.40000000
 C	-5.26128715 31.73539914 3.40000000
 C	-10.38211426 31.74457335 3.40000000
 C	44.56938794 31.98772183 3.40000000
 C	34.32762336 32.00603862 3.40000000
 C	29.20678235 32.01515714 3.40000000
 C	18.96510035 32.03339418 3.40000000
 C	13.84410771 32.04252093 3.40000000
 C	3.60241182 32.06070227 3.40000000
 C	-1.51841529 32.06987649 3.40000000
 C	-11.76023505 32.08817746 3.40000000
 C	-16.88107605 32.09729599 3.40000000
 C	43.19132232 32.33134176 3.40000000
 C	38.07049521 32.34051597 3.40000000
 C	27.82867545 32.35881694 3.40000000
 C	22.70780668 32.36782407 3.40000000
 C	12.46598692 32.38612503 3.40000000
 C	7.34515981 32.39529925 3.40000000
 C	-2.89653608 32.41348060 3.40000000
 C	-8.01741837 32.42263899 3.40000000
 C	-18.25918295 32.44095578 3.40000000
 C	46.93402865 32.66577164 3.40000000
 C	36.69237442 32.68412008 3.40000000
 C	31.57147824 32.69322278 3.40000000
 C	21.32968589 32.71142817 3.40000000
 C	16.20885878 32.72060239 3.40000000
 C	5.96716289 32.73878373 3.40000000
 C	0.84617025 32.74791048 3.40000000
 C	-9.39548398 32.76625892 3.40000000
 C	-14.51632499 32.77537744 3.40000000
 C	45.55607339 33.00942321 3.40000000
 C	40.43508075 33.01854996 3.40000000
 C	30.19342652 33.03689839 3.40000000
 C	25.07255775 33.04590553 3.40000000
 C	14.83073799 33.06420649 3.40000000
 C	9.70991087 33.07338071 3.40000000
 C	-0.53195054 33.09151459 3.40000000
 C	-5.65277766 33.10068880 3.40000000
 C	-15.89443189 33.11903724 3.40000000
 C	49.29877972 33.34385310 3.40000000
 C	39.05695996 33.36215407 3.40000000
 C	33.93611896 33.37127259 3.40000000
 C	23.69443696 33.38950963 3.40000000
 C	18.57355467 33.39866802 3.40000000
 C	8.33174843 33.41681772 3.40000000
 C	3.21092131 33.42599194 3.40000000
 C	-7.03073292 33.44434038 3.40000000
 C	-12.15173945 33.45341143 3.40000000
 C	47.92065893 33.68745721 3.40000000
 C	42.79983182 33.69663141 3.40000000
 C	32.55817759 33.71497985 3.40000000
 C	27.43714328 33.72393952 3.40000000
 C	17.19548906 33.74228795 3.40000000
 C	12.07466194 33.75146216 3.40000000
 C	1.83280052 33.76959605 3.40000000
 C	-3.28802659 33.77877026 3.40000000
 C	-13.52984635 33.79707123 3.40000000
 C	41.42171103 34.04023552 3.40000000
 C	36.30087002 34.04935405 3.40000000
 C	26.05902249 34.06754362 3.40000000
 C	20.93819538 34.07671784 3.40000000
 C	10.69649949 34.09489918 3.40000000
 C	5.57561720 34.10405757 3.40000000
 C	-4.66614738 34.12237437 3.40000000
 C	-9.78698838 34.13149289 3.40000000
 C	45.16452771 34.37469705 3.40000000
 C	34.92276312 34.39301384 3.40000000
 C	29.80189435 34.40202098 3.40000000
 C	19.56024012 34.42036940 3.40000000
 C	14.43924748 34.42949616 3.40000000
 C	4.19755159 34.44767751 3.40000000
 C	-0.92327552 34.45685171 3.40000000
 C	-11.16509528 34.47515269 3.40000000
 C	-16.28596406 34.48415982 3.40000000
 C	43.78646209 34.71831698 3.40000000
 C	38.66562109 34.72743550 3.40000000
 C	28.42377356 34.74562508 3.40000000
 C	23.30294645 34.75479929 3.40000000
 C	13.06108503 34.77293317 3.40000000
 C	7.94025792 34.78210739 3.40000000
 C	-2.30139631 34.80045582 3.40000000
 C	-7.42229249 34.80955853 3.40000000
 C	-17.66408485 34.82776392 3.40000000
 C	47.52916842 35.05274686 3.40000000
 C	37.28751419 35.07109530 3.40000000
 C	32.16659024 35.08008661 3.40000000
 C	21.92482566 35.09840339 3.40000000
 C	16.80399854 35.10757761 3.40000000
 C	6.56230265 35.12575896 3.40000000
 C	1.44131001 35.13488571 3.40000000
 C	-8.80034422 35.15323414 3.40000000
 C	-13.92121299 35.16224128 3.40000000
 C	46.15121316 35.39639844 3.40000000
 C	41.03020663 35.40546950 3.40000000
 C	30.78852463 35.42370653 3.40000000
 C	25.66769751 35.43288075 3.40000000
 C	15.42583610 35.45101463 3.40000000
 C	10.30500898 35.46018884 3.40000000
 C	0.06318922 35.47848982 3.40000000
 C	-5.05765178 35.48760834 3.40000000
 C	-15.29933378 35.50584538 3.40000000
 C	49.89391948 35.73082832 3.40000000
 C	39.65209973 35.74912929 3.40000000
 C	34.53123095 35.75813642 3.40000000
 C	24.28957672 35.77648485 3.40000000
 C	19.16869443 35.78564325 3.40000000
 C	8.92688819 35.80379295 3.40000000
 C	3.80606108 35.81296716 3.40000000
 C	-6.43559315 35.83131560 3.40000000
 C	-11.55662745 35.84027527 3.40000000
 C	48.51579869 36.07443243 3.40000000
 C	43.39495769 36.08355095 3.40000000
 C	33.15327569 36.10178799 3.40000000
 C	28.03228305 36.11091474 3.40000000
 C	17.79058716 36.12909608 3.40000000
 C	12.66976005 36.13827030 3.40000000
 C	2.42794029 36.15657127 3.40000000
 C	-2.69290071 36.16568980 3.40000000
 C	-12.93474824 36.18387937 3.40000000
 C	42.01685079 36.42721075 3.40000000
 C	36.89598202 36.43621788 3.40000000
 C	26.65416226 36.45451884 3.40000000
 C	21.53333515 36.46369306 3.40000000
 C	11.29163926 36.48187441 3.40000000
 C	6.17075697 36.49103280 3.40000000
 C	-4.07100761 36.50934959 3.40000000
 C	-9.19187639 36.51835672 3.40000000
 C	45.75965358 36.76161659 3.40000000
 C	35.51786123 36.77982198 3.40000000
 C	30.39703411 36.78899620 3.40000000
 C	20.15533823 36.80717754 3.40000000
 C	15.03434558 36.81630429 3.40000000
 C	4.79269135 36.83465273 3.40000000
 C	-0.32814965 36.84377125 3.40000000
 C	-10.56999718 36.86196082 3.40000000
 C	-15.69082429 36.87113504 3.40000000
 C	44.38160186 37.10529220 3.40000000
 C	39.26073308 37.11429934 3.40000000
 C	29.01891333 37.13260030 3.40000000
 C	23.89808621 37.14177452 3.40000000
 C	13.65622479 37.15990840 3.40000000
 C	8.53539768 37.16908261 3.40000000
 C	-1.70625655 37.18743105 3.40000000
 C	-6.82718050 37.19642236 3.40000000
 C	48.12429430 37.43966640 3.40000000
 C	37.88261230 37.45790344 3.40000000
 C	32.76173000 37.46706183 3.40000000
 C	22.51992377 37.48521153 3.40000000
 C	17.39909665 37.49438575 3.40000000
 C	7.15744242 37.51273419 3.40000000
 C	2.03643589 37.52180524 3.40000000
 C	-8.20524611 37.54004228 3.40000000
 C	-13.32607323 37.54921650 3.40000000
 C	46.74635292 37.78337366 3.40000000
 C	41.62531862 37.79233333 3.40000000
 C	31.38366439 37.81068176 3.40000000
 C	26.26283728 37.81985597 3.40000000
 C	16.02097586 37.83798986 3.40000000
 C	10.90014875 37.84716407 3.40000000
 C	0.65832899 37.86546504 3.40000000
 C	-4.46253979 37.87447217 3.40000000
 C	50.48904536 38.11774786 3.40000000
 C	40.24719783 38.13593743 3.40000000
 C	35.12637072 38.14511165 3.40000000
 C	24.88467483 38.16329299 3.40000000
 C	19.76379254 38.17245139 3.40000000
 C	9.52202796 38.19076818 3.40000000
 C	4.40118696 38.19988670 3.40000000
 C	-5.84049504 38.21812374 3.40000000
 C	-10.96148769 38.22725049 3.40000000
 C	49.11093846 38.46140765 3.40000000
 C	43.99006969 38.47041479 3.40000000
 C	33.74841546 38.48876321 3.40000000
 C	28.62742281 38.49788997 3.40000000
 C	18.38572693 38.51607132 3.40000000
 C	13.26489981 38.52524553 3.40000000
 C	3.02308005 38.54354650 3.40000000
 C	-2.09778872 38.55255363 3.40000000
 C	42.61194890 38.81401889 3.40000000
 C	37.49112178 38.82319310 3.40000000
 C	27.24926037 38.84132698 3.40000000
 C	22.12843325 38.85050120 3.40000000
 C	11.88677902 38.86884963 3.40000000
 C	6.76588285 38.87795234 3.40000000
 C	-3.47590951 38.89615773 3.40000000
 C	-8.59673662 38.90533195 3.40000000
 C	46.35476558 39.14848042 3.40000000
 C	36.11300100 39.16679720 3.40000000
 C	30.99217388 39.17597142 3.40000000
 C	20.75047799 39.19415277 3.40000000
 C	15.62948535 39.20327952 3.40000000
 C	5.38783112 39.22162795 3.40000000
 C	0.26696235 39.23063509 3.40000000
 C	44.97669996 39.49210034 3.40000000
 C	39.85587285 39.50127456 3.40000000
 C	29.61401143 39.51940844 3.40000000
 C	24.49318432 39.52858266 3.40000000
 C	14.25136456 39.54688363 3.40000000
 C	9.13052356 39.55600215 3.40000000
 C	-1.11115844 39.57423919 3.40000000
 C	-6.23204073 39.58339758 3.40000000
 C	48.71940629 39.82653023 3.40000000
 C	38.47775206 39.84487866 3.40000000
 C	33.35686977 39.85403706 3.40000000
 C	23.11506353 39.87218677 3.40000000
 C	17.99423642 39.88136097 3.40000000
 C	7.75258219 39.89970941 3.40000000
 C	2.63154788 39.90866908 3.40000000
 C	47.34145103 40.17018180 3.40000000
 C	42.22045839 40.17930855 3.40000000
 C	31.97876250 40.19748989 3.40000000
 C	26.85793539 40.20666411 3.40000000
 C	16.61611563 40.22496508 3.40000000
 C	11.49527462 40.23408361 3.40000000
 C	1.25342710 40.25227318 3.40000000
 C	-3.86740002 40.26144740 3.40000000
 C	51.08415736 40.50461169 3.40000000
 C	40.84233760 40.52291265 3.40000000
 C	35.72151048 40.53208687 3.40000000
 C	25.47981459 40.55026822 3.40000000
 C	20.35893231 40.55942661 3.40000000
 C	10.11716772 40.57774340 3.40000000
 C	4.99629895 40.58675053 3.40000000
 C	49.70603657 40.84821579 3.40000000
 C	44.58520945 40.85739001 3.40000000
 C	34.34351357 40.87557135 3.40000000
 C	29.22252092 40.88469810 3.40000000
 C	18.98086669 40.90304654 3.40000000
 C	13.86002569 40.91216506 3.40000000
 C	3.61817816 40.93035463 3.40000000
 C	-1.50264895 40.93952885 3.40000000
 C	43.20708866 41.20099411 3.40000000
 C	38.08626155 41.21016833 3.40000000
 C	27.84440013 41.22830221 3.40000000
 C	22.72357302 41.23747642 3.40000000
 C	12.48191879 41.25582486 3.40000000
 C	7.36099484 41.26481617 3.40000000
 C	46.94990534 41.53545564 3.40000000
 C	36.70809910 41.55360534 3.40000000
 C	31.58727199 41.56277956 3.40000000
 C	21.34561776 41.58112800 3.40000000
 C	16.22461123 41.59019905 3.40000000
 C	5.98292923 41.60843609 3.40000000
 C	0.86210211 41.61761031 3.40000000
 C	45.57183973 41.87907557 3.40000000
 C	40.45101262 41.88824978 3.40000000
 C	30.20915120 41.90638367 3.40000000
 C	25.08832409 41.91555788 3.40000000
 C	14.84650433 41.93385885 3.40000000
 C	9.72563555 41.94286598 3.40000000
 C	49.31454606 42.21350546 3.40000000
 C	39.07285017 42.23168680 3.40000000
 C	33.95196788 42.24084520 3.40000000
 C	23.71020330 42.25916199 3.40000000
 C	18.58936229 42.26828051 3.40000000
 C	8.34768029 42.28651755 3.40000000
 C	3.22668765 42.29564430 3.40000000
 C	47.93659080 42.55715702 3.40000000
 C	42.81559815 42.56628378 3.40000000
 C	32.57390226 42.58446513 3.40000000
 C	27.45307515 42.59363934 3.40000000
 C	17.21125539 42.61194031 3.40000000
 C	12.09038662 42.62094744 3.40000000
 C	51.67929712 42.89158691 3.40000000
 C	41.43743571 42.90972079 3.40000000
 C	36.31660859 42.91889501 3.40000000
 C	26.07495436 42.93724345 3.40000000
 C	20.95405818 42.94634615 3.40000000
 C	10.71226583 42.96455154 3.40000000
 C	5.59143872 42.97372576 3.40000000
 C	50.30117633 43.23519101 3.40000000
 C	45.18034922 43.24436523 3.40000000
 C	34.93865333 43.26254658 3.40000000
 C	29.81766069 43.27167333 3.40000000
 C	19.57600646 43.29002176 3.40000000
 C	14.45513768 43.29902890 3.40000000
 C	43.80218677 43.58780225 3.40000000
 C	38.68135966 43.59697647 3.40000000
 C	28.43953990 43.61527744 3.40000000
 C	23.31869890 43.62439596 3.40000000
 C	13.07701690 43.64263300 3.40000000
 C	7.95613461 43.65179139 3.40000000
 C	47.54504511 43.92243087 3.40000000
 C	37.30323887 43.94058058 3.40000000
 C	32.18241175 43.94975478 3.40000000
 C	21.94075752 43.96810322 3.40000000
 C	16.81972322 43.97706289 3.40000000
 C	46.16693784 44.26588370 3.40000000
 C	41.04611072 44.27505792 3.40000000
 C	30.80429096 44.29335889 3.40000000
 C	25.68344996 44.30247742 3.40000000
 C	15.44160243 44.32066699 3.40000000
 C	10.32077532 44.32984121 3.40000000
 C	49.90968582 44.60048068 3.40000000
 C	39.66798993 44.61866203 3.40000000
 C	34.54710764 44.62782042 3.40000000
 C	24.30534306 44.64613721 3.40000000
 C	19.18447429 44.65514434 3.40000000
 C	48.53168890 44.94396516 3.40000000
 C	43.41069626 44.95309191 3.40000000
 C	33.16904203 44.97144035 3.40000000
 C	28.04820103 44.98055887 3.40000000
 C	17.80635350 44.99874845 3.40000000
 C	12.68552638 45.00792266 3.40000000
 C	52.27443689 45.27856214 3.40000000
 C	42.03257547 45.29669602 3.40000000
 C	36.91174836 45.30587023 3.40000000
 C	26.67009413 45.32421867 3.40000000
 C	21.54917018 45.33320998 3.40000000
 C	50.89627444 45.62199915 3.40000000
 C	45.77544733 45.63117337 3.40000000
 C	35.53379310 45.64952181 3.40000000
 C	30.41278657 45.65859287 3.40000000
 C	20.17110457 45.67682990 3.40000000
 C	15.05027745 45.68600412 3.40000000
 C	44.39732654 45.97477748 3.40000000
 C	39.27649942 45.98395169 3.40000000
 C	29.03467966 46.00225266 3.40000000
 C	23.91381089 46.01125979 3.40000000
 C	48.14014322 46.30923901 3.40000000
 C	37.89837863 46.32755580 3.40000000
 C	32.77753763 46.33667432 3.40000000
 C	22.53585563 46.35491136 3.40000000
 C	17.41486299 46.36403811 3.40000000
 C	46.76207760 46.65285894 3.40000000
 C	41.64125049 46.66203315 3.40000000
 C	31.39943073 46.68033412 3.40000000
 C	26.27856196 46.68934125 3.40000000
 C	50.50478393 46.98728882 3.40000000
 C	40.26312970 47.00563726 3.40000000
 C	35.14223352 47.01473996 3.40000000
 C	24.90044117 47.03294535 3.40000000
 C	19.77961405 47.04211957 3.40000000
 C	49.12682867 47.33094039 3.40000000
 C	44.00583603 47.34006714 3.40000000
 C	33.76418180 47.35841557 3.40000000
 C	28.64331302 47.36742271 3.40000000
 C	52.86953500 47.66537028 3.40000000
 C	42.62771524 47.68367125 3.40000000
 C	37.50687423 47.69278977 3.40000000
 C	27.26519223 47.71102681 3.40000000
 C	22.14430994 47.72018520 3.40000000
 C	51.49141420 48.00897439 3.40000000
 C	46.37058709 48.01814859 3.40000000
 C	36.12893286 48.03649703 3.40000000
 C	31.00789856 48.04545670 3.40000000
 C	44.99246630 48.36175270 3.40000000
 C	39.87162530 48.37087123 3.40000000
 C	29.62977777 48.38906080 3.40000000
 C	24.50895066 48.39823502 3.40000000
 C	48.73528298 48.69621423 3.40000000
 C	38.49351840 48.71453102 3.40000000
 C	33.37264963 48.72353816 3.40000000
 C	47.35721737 49.03983416 3.40000000
 C	42.23637637 49.04895268 3.40000000
 C	31.99452884 49.06714226 3.40000000
 C	26.87370172 49.07631647 3.40000000
 C	51.09992370 49.37426404 3.40000000
 C	40.85826947 49.39261248 3.40000000
 C	35.73734552 49.40160379 3.40000000
 C	49.72196843 49.71791562 3.40000000
 C	44.60096190 49.72698668 3.40000000
 C	34.35927990 49.74522371 3.40000000
 C	29.23845279 49.75439793 3.40000000
 C	53.46467476 50.05234550 3.40000000
 C	43.22285500 50.07064647 3.40000000
 C	38.10198623 50.07965360 3.40000000
 C	52.08655397 50.39594961 3.40000000
 C	46.96571297 50.40506813 3.40000000
 C	36.72403097 50.42330517 3.40000000
 C	31.60303833 50.43243192 3.40000000
 C	45.58760607 50.74872793 3.40000000
 C	40.46673729 50.75773506 3.40000000
 C	49.33040886 51.08313377 3.40000000
 C	39.08861651 51.10133916 3.40000000
 C	33.96778939 51.11051338 3.40000000
 C	47.95235713 51.42680938 3.40000000
 C	42.83148836 51.43581652 3.40000000
 C	51.69504957 51.76118358 3.40000000
 C	41.45336757 51.77942062 3.40000000
 C	36.33248528 51.78857901 3.40000000
 C	50.31710820 52.10489084 3.40000000
 C	45.19607390 52.11385051 3.40000000
 C	54.05980064 52.43926504 3.40000000
 C	43.81795311 52.45745461 3.40000000
 C	38.69712599 52.46662883 3.40000000
 C	52.68169374 52.78292483 3.40000000
 C	47.56082496 52.79193197 3.40000000
 C	46.18270418 53.13553607 3.40000000
 C	41.06187706 53.14471028 3.40000000
 C	49.92552085 53.46999760 3.40000000
 C	48.54745524 53.81361752 3.40000000
 C	43.42662813 53.82279174 3.40000000
 C	52.29016157 54.14804741 3.40000000
 C	50.91220631 54.49169898 3.40000000
 C	45.79121366 54.50082573 3.40000000
 C	54.65491263 54.82612887 3.40000000
 C	53.27679184 55.16973297 3.40000000
 C	48.15596473 55.17890719 3.40000000
 C	50.52066062 55.85697282 3.40000000
 C	52.88530133 56.53502264 3.40000000
 C	55.25005240 57.21310409 3.40000000
