 C	6.24910163 -23.32196479 3.40000000
 C	-5.63169098 -26.50541358 3.40000000
 C	18.13000514 -20.13848629 3.40000000
 C	-8.00791604 -27.14212116 3.40000000
 C	20.50611930 -19.50180842 3.40000000
 C	-10.38403021 -27.77879904 3.40000000
 C	22.88234436 -18.86510084 3.40000000
 C	-12.76019982 -28.41549177 3.40000000
 C	25.25856942 -18.22839325 3.40000000
 C	-15.13642488 -29.05219935 3.40000000
 C	27.63462814 -17.59173023 3.40000000
 C	3.87298746 -23.95864266 3.40000000
 C	-17.51248360 -29.68886237 3.40000000
 C	30.01085320 -16.95502265 3.40000000
 C	8.62532669 -22.68525721 3.40000000
 C	-19.88870866 -30.32556995 3.40000000
 C	32.38702281 -16.31832992 3.40000000
 C	-22.26493371 -30.96227754 3.40000000
 C	34.76313698 -15.68165205 3.40000000
 C	-24.64104788 -31.59895541 3.40000000
 C	-27.01721749 -32.23564814 3.40000000
 C	-29.39344255 -32.87235572 3.40000000
 C	-31.76950127 -33.50901874 3.40000000
 C	1.49681785 -24.59533539 3.40000000
 C	11.00155174 -22.04854962 3.40000000
 C	-0.87940720 -25.23204298 3.40000000
 C	13.37761047 -21.41188661 3.40000000
 C	-3.25546593 -25.86870599 3.40000000
 C	15.75383552 -20.77517902 3.40000000
 C	-4.62738010 -25.50110270 3.40000000
 C	16.75814641 -19.77086815 3.40000000
 C	4.87735379 -22.95431693 3.40000000
 C	7.25341251 -22.31765392 3.40000000
 C	-7.00360516 -26.13781029 3.40000000
 C	19.13437146 -19.13416056 3.40000000
 C	-9.37966388 -26.77447330 3.40000000
 C	21.51043019 -18.49749754 3.40000000
 C	-11.75588894 -27.41118089 3.40000000
 C	23.88665524 -17.86078996 3.40000000
 C	-14.13211400 -28.04788847 3.40000000
 C	26.26271397 -17.22412694 3.40000000
 C	-16.50833905 -28.68459606 3.40000000
 C	28.63893902 -16.58741936 3.40000000
 C	-18.88439778 -29.32125907 3.40000000
 C	31.01516408 -15.95071177 3.40000000
 C	-21.26062283 -29.95796666 3.40000000
 C	33.39138913 -15.31400419 3.40000000
 C	-23.63668156 -30.59462968 3.40000000
 C	35.76744786 -14.67734117 3.40000000
 C	-26.01290661 -31.23133726 3.40000000
 C	-28.38913167 -31.86804485 3.40000000
 C	2.50112873 -23.59102452 3.40000000
 C	9.62963757 -21.68094633 3.40000000
 C	-30.76535672 -32.50475243 3.40000000
 C	-33.14141545 -33.14141545 3.40000000
 C	0.12490368 -24.22773210 3.40000000
 C	12.00569629 -21.04428331 3.40000000
 C	-2.25132138 -24.86443969 3.40000000
 C	14.38192135 -20.40757573 3.40000000
 C	-4.99498340 -24.12918852 3.40000000
 C	16.39054311 -18.39895397 3.40000000
 C	4.50969505 -21.58241761 3.40000000
 C	6.88580922 -20.94573974 3.40000000
 C	-7.37120846 -24.76589611 3.40000000
 C	18.76671272 -17.76226124 3.40000000
 C	-9.74732262 -25.40257398 3.40000000
 C	21.14282689 -17.12558337 3.40000000
 C	-12.12349224 -26.03926671 3.40000000
 C	23.51905195 -16.48887578 3.40000000
 C	-14.49971729 -26.67597430 3.40000000
 C	25.89527700 -15.85216820 3.40000000
 C	-16.87577602 -27.31263731 3.40000000
 C	28.27133573 -15.21550518 3.40000000
 C	-19.25200107 -27.94934490 3.40000000
 C	30.64756078 -14.57879760 3.40000000
 C	-21.62822613 -28.58605248 3.40000000
 C	33.02373039 -13.94210487 3.40000000
 C	-24.00434030 -29.22273035 3.40000000
 C	35.39984456 -13.30542699 3.40000000
 C	-26.38050991 -29.85942308 3.40000000
 C	-28.75673496 -30.49613067 3.40000000
 C	2.13352544 -22.21911034 3.40000000
 C	9.26203427 -20.30903215 3.40000000
 C	-31.13279369 -31.13279368 3.40000000
 C	-33.50901874 -31.76950127 3.40000000
 C	-0.24269962 -22.85581792 3.40000000
 C	11.63825933 -19.67232457 3.40000000
 C	-2.61875834 -23.49248094 3.40000000
 C	14.01431805 -19.03566155 3.40000000
 C	5.51401681 -20.57825821 3.40000000
 C	-6.36694214 -23.76175157 3.40000000
 C	17.39480942 -17.39480942 3.40000000
 C	-8.74300087 -24.39841458 3.40000000
 C	19.77103448 -16.75810184 3.40000000
 C	-11.11922592 -25.03512217 3.40000000
 C	22.14709320 -16.12143882 3.40000000
 C	-13.49545098 -25.67182975 3.40000000
 C	24.52331826 -15.48473124 3.40000000
 C	26.89937698 -14.84806822 3.40000000
 C	-15.87167603 -26.30853734 3.40000000
 C	3.13779175 -21.21496580 3.40000000
 C	7.89007553 -19.94159519 3.40000000
 C	-18.24773476 -26.94520035 3.40000000
 C	29.27560204 -14.21136064 3.40000000
 C	-20.62395981 -27.58190794 3.40000000
 C	31.65182710 -13.57465305 3.40000000
 C	-23.00001854 -28.21857095 3.40000000
 C	34.02805215 -12.93794547 3.40000000
 C	-25.37624359 -28.85527854 3.40000000
 C	36.40411088 -12.30128245 3.40000000
 C	-27.75246865 -29.49198612 3.40000000
 C	-30.12869371 -30.12869371 3.40000000
 C	-32.50475243 -30.76535672 3.40000000
 C	0.76156669 -21.85167338 3.40000000
 C	10.26630059 -19.30488761 3.40000000
 C	12.64235931 -18.66822459 3.40000000
 C	-1.61465836 -22.48838096 3.40000000
 C	-3.99071709 -23.12504398 3.40000000
 C	15.01858437 -18.03151701 3.40000000
 C	5.14635807 -19.20635889 3.40000000
 C	-6.73454544 -22.38983739 3.40000000
 C	17.02720613 -16.02289525 3.40000000
 C	-9.11065961 -23.02651526 3.40000000
 C	19.40337574 -15.38620252 3.40000000
 C	-11.48682922 -23.66320799 3.40000000
 C	21.77948991 -14.74952464 3.40000000
 C	-13.86305427 -24.29991557 3.40000000
 C	24.15571496 -14.11281706 3.40000000
 C	-16.23911300 -24.93657859 3.40000000
 C	26.53194002 -13.47610947 3.40000000
 C	2.77018845 -19.84305162 3.40000000
 C	7.52247223 -18.56968102 3.40000000
 C	-18.61533805 -25.57328618 3.40000000
 C	28.90799874 -12.83944646 3.40000000
 C	-20.99156311 -26.20999376 3.40000000
 C	31.28422380 -12.20273887 3.40000000
 C	-23.36767728 -26.84667163 3.40000000
 C	33.66039341 -11.56604615 3.40000000
 C	-25.74384689 -27.48336436 3.40000000
 C	36.03650758 -10.92936827 3.40000000
 C	-28.12007195 -28.12007195 3.40000000
 C	-30.49613067 -28.75673496 3.40000000
 C	-32.87235573 -29.39344255 3.40000000
 C	0.39396340 -20.47975920 3.40000000
 C	9.89869729 -17.93297343 3.40000000
 C	-1.98209533 -21.11642222 3.40000000
 C	12.27492235 -17.29626585 3.40000000
 C	-4.35832038 -21.75312980 3.40000000
 C	14.65098107 -16.65960283 3.40000000
 C	-5.73023456 -21.38552650 3.40000000
 C	15.65529195 -15.65529194 3.40000000
 C	3.77449933 -18.83874073 3.40000000
 C	6.15072439 -18.20203315 3.40000000
 C	-8.10629328 -22.02218952 3.40000000
 C	18.03151701 -15.01858436 3.40000000
 C	-10.48251834 -22.65889710 3.40000000
 C	20.40774206 -14.38187677 3.40000000
 C	-12.85874340 -23.29560469 3.40000000
 C	22.78380079 -13.74521376 3.40000000
 C	-15.23496845 -23.93231227 3.40000000
 C	25.16002584 -13.10850617 3.40000000
 C	-17.61102718 -24.56897529 3.40000000
 C	27.53608457 -12.47184316 3.40000000
 C	-19.98725223 -25.20568287 3.40000000
 C	29.91230962 -11.83513557 3.40000000
 C	-22.36331096 -25.84234589 3.40000000
 C	32.28853468 -11.19842799 3.40000000
 C	-24.73953601 -26.47905347 3.40000000
 C	34.66475973 -10.56172040 3.40000000
 C	-27.11576107 -27.11576106 3.40000000
 C	37.04081846 -9.92505739 3.40000000
 C	-29.49198612 -27.75246864 3.40000000
 C	1.39827428 -19.47544832 3.40000000
 C	8.52678311 -17.56537013 3.40000000
 C	-31.86804485 -28.38913166 3.40000000
 C	-0.97795078 -20.11215590 3.40000000
 C	10.90300817 -16.92866255 3.40000000
 C	-3.35400950 -20.74881892 3.40000000
 C	13.27906689 -16.29199953 3.40000000
 C	-6.09783785 -20.01361233 3.40000000
 C	15.28768866 -14.28337778 3.40000000
 C	3.40689604 -17.46682656 3.40000000
 C	5.78306565 -16.83013383 3.40000000
 C	-8.47395202 -20.65029021 3.40000000
 C	17.66391371 -13.64667019 3.40000000
 C	-10.85012163 -21.28698293 3.40000000
 C	20.04008332 -13.00997746 3.40000000
 C	-13.22634669 -21.92369052 3.40000000
 C	22.41619749 -12.37329959 3.40000000
 C	-15.60240541 -22.56035354 3.40000000
 C	24.79242255 -11.73659201 3.40000000
 C	-17.97863047 -23.19706112 3.40000000
 C	27.16864760 -11.09988442 3.40000000
 C	-20.35485553 -23.83376871 3.40000000
 C	29.54470633 -10.46322140 3.40000000
 C	-22.73096969 -24.47044658 3.40000000
 C	31.92093138 -9.82651382 3.40000000
 C	-25.10713931 -25.10713931 3.40000000
 C	34.29710100 -9.18982109 3.40000000
 C	-27.48336436 -25.74384689 3.40000000
 C	36.67321516 -8.55314322 3.40000000
 C	-29.85942309 -26.38050991 3.40000000
 C	1.03067098 -18.10353415 3.40000000
 C	8.15917982 -16.19345596 3.40000000
 C	-32.23564814 -27.01721749 3.40000000
 C	-1.34538774 -18.74019716 3.40000000
 C	10.53540488 -15.55674838 3.40000000
 C	-3.72161280 -19.37690475 3.40000000
 C	12.91162993 -14.92004079 3.40000000
 C	4.41120692 -16.46251568 3.40000000
 C	-7.46958570 -19.64596446 3.40000000
 C	16.29199953 -13.27906689 3.40000000
 C	-9.84581075 -20.28267205 3.40000000
 C	18.66822459 -12.64235930 3.40000000
 C	-12.22203581 -20.91937963 3.40000000
 C	21.04444965 -12.00565172 3.40000000
 C	-14.59826087 -21.55608722 3.40000000
 C	23.42050837 -11.36898870 3.40000000
 C	-16.97431959 -22.19275023 3.40000000
 C	25.79673343 -10.73228112 3.40000000
 C	2.03498186 -17.09922326 3.40000000
 C	-19.35054465 -22.82945782 3.40000000
 C	28.17279215 -10.09561810 3.40000000
 C	6.78743197 -15.82580809 3.40000000
 C	-21.72660337 -23.46612084 3.40000000
 C	30.54901721 -9.45891052 3.40000000
 C	-24.10282843 -24.10282842 3.40000000
 C	32.92524226 -8.82220293 3.40000000
 C	-26.47905348 -24.73953601 3.40000000
 C	35.30146732 -8.18549535 3.40000000
 C	-28.85527854 -25.37624359 3.40000000
 C	37.67752604 -7.54883233 3.40000000
 C	-31.23133726 -26.01290661 3.40000000
 C	-0.34124319 -17.73593085 3.40000000
 C	9.16349070 -15.18914508 3.40000000
 C	-2.71730192 -18.37259386 3.40000000
 C	11.53971575 -14.55243749 3.40000000
 C	-5.09352697 -19.00930145 3.40000000
 C	13.91577448 -13.91577447 3.40000000
 C	4.04358877 -15.09065694 3.40000000
 C	-7.83725929 -18.27412059 3.40000000
 C	15.92438138 -11.90720816 3.40000000
 C	-10.21342891 -18.91081331 3.40000000
 C	18.30060644 -11.27050057 3.40000000
 C	-12.58965396 -19.54752090 3.40000000
 C	20.67677605 -10.63380784 3.40000000
 C	-14.96571269 -20.18418392 3.40000000
 C	23.05289022 -9.99712997 3.40000000
 C	-17.34193774 -20.82089150 3.40000000
 C	25.42911527 -9.36042239 3.40000000
 C	-19.71816280 -21.45759909 3.40000000
 C	1.66736371 -15.72736453 3.40000000
 C	27.80534033 -8.72371480 3.40000000
 C	6.41975838 -14.45396421 3.40000000
 C	-22.09427697 -22.09427696 3.40000000
 C	30.18139905 -8.08705178 3.40000000
 C	-24.47044658 -22.73096969 3.40000000
 C	32.55762411 -7.45034420 3.40000000
 C	-26.84667164 -23.36767727 3.40000000
 C	34.93379372 -6.81365147 3.40000000
 C	-29.22273036 -24.00434029 3.40000000
 C	37.30990789 -6.17697360 3.40000000
 C	-31.59895542 -24.64104787 3.40000000
 C	-0.70869501 -16.36402754 3.40000000
 C	8.79587255 -13.81728634 3.40000000
 C	-3.08492007 -17.00073513 3.40000000
 C	11.17209760 -13.18057876 3.40000000
 C	-5.46114513 -17.63744271 3.40000000
 C	13.54832266 -12.54387117 3.40000000
 C	-6.83287811 -17.26973941 3.40000000
 C	14.55248206 -11.53954942 3.40000000
 C	2.67168945 -14.72299821 3.40000000
 C	5.04791450 -14.08629062 3.40000000
 C	-9.20910317 -17.90644699 3.40000000
 C	16.92870712 -10.90284184 3.40000000
 C	-11.58532823 -18.54315458 3.40000000
 C	19.30493218 -10.26613425 3.40000000
 C	-13.96155328 -19.17986216 3.40000000
 C	21.68115723 -9.62942667 3.40000000
 C	-16.33761201 -19.81652518 3.40000000
 C	24.05721596 -8.99276365 3.40000000
 C	-18.71383706 -20.45323276 3.40000000
 C	26.43344101 -8.35605606 3.40000000
 C	-21.08989579 -21.08989578 3.40000000
 C	28.80949974 -7.71939305 3.40000000
 C	-23.46612084 -21.72660337 3.40000000
 C	31.18572479 -7.08268546 3.40000000
 C	-25.84234590 -22.36331095 3.40000000
 C	33.56194985 -6.44597788 3.40000000
 C	-28.21857095 -23.00001854 3.40000000
 C	35.93817490 -5.80927029 3.40000000
 C	-30.59462968 -23.63668155 3.40000000
 C	38.31423363 -5.17260728 3.40000000
 C	0.29546439 -15.35970579 3.40000000
 C	7.42413956 -13.44958304 3.40000000
 C	-2.08059433 -15.99636881 3.40000000
 C	9.80019828 -12.81292002 3.40000000
 C	-4.45681939 -16.63307639 3.40000000
 C	12.17642334 -12.17621244 3.40000000
 C	-7.20058142 -15.89800642 3.40000000
 C	14.18500053 -10.16775701 3.40000000
 C	2.30404158 -13.35125036 3.40000000
 C	4.68026664 -12.71454278 3.40000000
 C	-9.57675103 -16.53469915 3.40000000
 C	16.56105926 -9.53109399 3.40000000
 C	-11.95297609 -17.17140673 3.40000000
 C	18.93728431 -8.89438641 3.40000000
 C	-14.32903481 -17.80806975 3.40000000
 C	21.31345392 -8.25769368 3.40000000
 C	-16.70525987 -18.44477733 3.40000000
 C	23.68956809 -7.62101580 3.40000000
 C	-19.08148493 -19.08148492 3.40000000
 C	26.06579315 -6.98430822 3.40000000
 C	-21.45759909 -19.71816279 3.40000000
 C	28.44201820 -6.34760063 3.40000000
 C	-23.83376871 -20.35485552 3.40000000
 C	30.81807693 -5.71093762 3.40000000
 C	-26.20999376 -20.99156311 3.40000000
 C	33.19430198 -5.07423003 3.40000000
 C	-28.58605249 -21.62822612 3.40000000
 C	35.57047160 -4.43753730 3.40000000
 C	-30.96227754 -22.26493371 3.40000000
 C	37.94658576 -3.80085943 3.40000000
 C	-0.07201714 -13.98791338 3.40000000
 C	7.05643625 -12.07785005 3.40000000
 C	-2.44824220 -14.62462096 3.40000000
 C	9.43255042 -11.44117218 3.40000000
 C	-4.82446725 -15.26132855 3.40000000
 C	11.80877548 -10.80446459 3.40000000
 C	3.30835246 -12.34693949 3.40000000
 C	-8.57244015 -15.53038827 3.40000000
 C	15.18914508 -9.16349070 3.40000000
 C	-10.94866521 -16.16709586 3.40000000
 C	17.56537014 -8.52678311 3.40000000
 C	-13.32489026 -16.80380344 3.40000000
 C	19.94159519 -7.89007553 3.40000000
 C	-15.70094899 -17.44046646 3.40000000
 C	22.31782025 -7.25336794 3.40000000
 C	-18.07717404 -18.07717404 3.40000000
 C	24.69387897 -6.61670493 3.40000000
 C	-20.45323277 -18.71383706 3.40000000
 C	27.07010403 -5.97999734 3.40000000
 C	0.93212741 -12.98364707 3.40000000
 C	5.68457752 -11.71023190 3.40000000
 C	-22.82945782 -19.35054464 3.40000000
 C	29.44616275 -5.34333433 3.40000000
 C	-25.20568288 -19.98725223 3.40000000
 C	31.82238781 -4.70662674 3.40000000
 C	-27.58190794 -20.62395981 3.40000000
 C	34.19861287 -4.06991916 3.40000000
 C	-29.95796666 -21.26062283 3.40000000
 C	36.57483792 -3.43321157 3.40000000
 C	38.95089665 -2.79654856 3.40000000
 C	-1.44393132 -13.62031009 3.40000000
 C	8.06080258 -11.07352432 3.40000000
 C	-3.82015637 -14.25701767 3.40000000
 C	10.43686130 -10.43686130 3.40000000
 C	-6.19621510 -14.89368069 3.40000000
 C	12.81308636 -9.80015371 3.40000000
 C	2.94074917 -10.97502531 3.40000000
 C	-8.94004345 -14.15847409 3.40000000
 C	14.82170812 -7.79153195 3.40000000
 C	-11.31626850 -14.79518168 3.40000000
 C	17.19776684 -7.15486894 3.40000000
 C	-13.69232723 -15.43184470 3.40000000
 C	19.57399190 -6.51816135 3.40000000
 C	-16.06855228 -16.06855228 3.40000000
 C	21.95016151 -5.88146862 3.40000000
 C	-18.44477734 -16.70525986 3.40000000
 C	24.32627568 -5.24479075 3.40000000
 C	0.56469044 -11.61168832 3.40000000
 C	-20.82089151 -17.34193774 3.40000000
 C	26.70250073 -4.60808316 3.40000000
 C	5.31697422 -10.33831772 3.40000000
 C	-23.19706112 -17.97863047 3.40000000
 C	29.07872579 -3.97137558 3.40000000
 C	-25.57328618 -18.61533805 3.40000000
 C	31.45478451 -3.33471256 3.40000000
 C	-27.94934490 -19.25200107 3.40000000
 C	33.83100957 -2.69800498 3.40000000
 C	-30.32556996 -19.88870865 3.40000000
 C	36.20717918 -2.06131225 3.40000000
 C	38.58329335 -1.42463438 3.40000000
 C	-1.81153461 -12.24839591 3.40000000
 C	7.69314384 -9.70162499 3.40000000
 C	-4.18775967 -12.88510349 3.40000000
 C	10.06925800 -9.06494712 3.40000000
 C	-6.56387384 -13.52178137 3.40000000
 C	12.44548306 -8.42823954 3.40000000
 C	-7.93573257 -13.15416322 3.40000000
 C	13.44979394 -7.42392866 3.40000000
 C	1.56883499 -10.60742202 3.40000000
 C	3.94506005 -9.97071443 3.40000000
 C	-10.31195762 -13.79087080 3.40000000
 C	15.82585267 -6.78726564 3.40000000
 C	-12.68818268 -14.42757839 3.40000000
 C	18.20207772 -6.15055806 3.40000000
 C	-15.06424140 -15.06424140 3.40000000
 C	20.57830278 -5.51385047 3.40000000
 C	-17.44046646 -15.70094899 3.40000000
 C	22.95452783 -4.87714289 3.40000000
 C	-19.81652518 -16.33761200 3.40000000
 C	25.33058656 -4.24047987 3.40000000
 C	-22.19275024 -16.97431959 3.40000000
 C	27.70681161 -3.60377229 3.40000000
 C	-24.56897530 -17.61102717 3.40000000
 C	30.08287034 -2.96710927 3.40000000
 C	-26.94520035 -18.24773476 3.40000000
 C	32.45909539 -2.33040169 3.40000000
 C	-29.32125908 -18.88439778 3.40000000
 C	34.83532045 -1.69369410 3.40000000
 C	37.21154551 -1.05698652 3.40000000
 C	-0.80722373 -11.24408503 3.40000000
 C	6.32128511 -9.33400685 3.40000000
 C	39.58760423 -0.42032350 3.40000000
 C	-3.18344879 -11.88079262 3.40000000
 C	8.69751016 -8.69729926 3.40000000
 C	-5.55950751 -12.51745563 3.40000000
 C	11.07356889 -8.06063624 3.40000000
 C	-8.30333586 -11.78224904 3.40000000
 C	13.08219065 -6.05201448 3.40000000
 C	1.20139803 -9.23546327 3.40000000
 C	3.57745675 -8.59880025 3.40000000
 C	-10.67956092 -12.41895662 3.40000000
 C	15.45841570 -5.41530690 3.40000000
 C	-13.05561964 -13.05561964 3.40000000
 C	17.83447443 -4.77864388 3.40000000
 C	-15.43184470 -13.69232723 3.40000000
 C	20.21069948 -4.14193630 3.40000000
 C	-17.80806976 -14.32903481 3.40000000
 C	22.58686909 -3.50524357 3.40000000
 C	-20.18418392 -14.96571268 3.40000000
 C	24.96298326 -2.86856570 3.40000000
 C	-22.56035354 -15.60240541 3.40000000
 C	27.33920832 -2.23185811 3.40000000
 C	-24.93657859 -16.23911300 3.40000000
 C	29.71543337 -1.59515053 3.40000000
 C	-27.31263732 -16.87577601 3.40000000
 C	32.09149210 -0.95848751 3.40000000
 C	-29.68886237 -17.51248360 3.40000000
 C	34.46771715 -0.32177992 3.40000000
 C	36.84388677 0.31491280 3.40000000
 C	-1.17482703 -9.87217085 3.40000000
 C	5.95368181 -7.96209267 3.40000000
 C	39.22000093 0.95159068 3.40000000
 C	-3.55105208 -10.50887844 3.40000000
 C	8.32985142 -7.32539994 3.40000000
 C	-5.92716625 -11.14555631 3.40000000
 C	10.70596559 -6.68872207 3.40000000
 C	2.20549801 -8.23136329 3.40000000
 C	-9.67529461 -11.41481208 3.40000000
 C	14.08645696 -5.04786994 3.40000000
 C	16.46251568 -4.41120692 3.40000000
 C	-12.05151966 -12.05151967 3.40000000
 C	-14.42757839 -12.68818268 3.40000000
 C	18.83874074 -3.77449934 3.40000000
 C	-16.80380344 -13.32489027 3.40000000
 C	21.21496579 -3.13779175 3.40000000
 C	-19.17986217 -13.96155328 3.40000000
 C	23.59119085 -2.50108417 3.40000000
 C	-0.17056071 -8.86802631 3.40000000
 C	4.58172307 -7.59465571 3.40000000
 C	-21.55608722 -14.59826087 3.40000000
 C	25.96724957 -1.86442115 3.40000000
 C	-23.93231228 -15.23496845 3.40000000
 C	28.34347463 -1.22771357 3.40000000
 C	30.71953335 -0.59105055 3.40000000
 C	-26.30853734 -15.87167604 3.40000000
 C	-28.68459606 -16.50833905 3.40000000
 C	33.09575841 0.04565703 3.40000000
 C	35.47198347 0.68236462 3.40000000
 C	37.84820852 1.31907220 3.40000000
 C	40.22426725 1.95573522 3.40000000
 C	-2.54678577 -9.50473389 3.40000000
 C	6.95794812 -6.95794812 3.40000000
 C	-4.92284449 -10.14139691 3.40000000
 C	9.33417318 -6.32124054 3.40000000
 C	-7.29906955 -10.77810450 3.40000000
 C	11.71023190 -5.68457752 3.40000000
 C	1.83806105 -6.85940455 3.40000000
 C	-10.04289790 -10.04289790 3.40000000
 C	13.71885366 -3.67595576 3.40000000
 C	-12.41895663 -10.67956092 3.40000000
 C	16.09507872 -3.03924818 3.40000000
 C	-14.79518168 -11.31626850 3.40000000
 C	18.47113744 -2.40258516 3.40000000
 C	-17.17140674 -11.95297609 3.40000000
 C	20.84736250 -1.76587757 3.40000000
 C	-19.54752091 -12.58965396 3.40000000
 C	23.22353211 -1.12918485 3.40000000
 C	-0.53816401 -7.49611213 3.40000000
 C	4.21411977 -6.22274153 3.40000000
 C	-21.92369052 -13.22634669 3.40000000
 C	25.59964628 -0.49250697 3.40000000
 C	-24.29991557 -13.86305427 3.40000000
 C	27.97587134 0.14420061 3.40000000
 C	-26.67597430 -14.49971729 3.40000000
 C	30.35209639 0.78090820 3.40000000
 C	-29.05219935 -15.13642488 3.40000000
 C	32.72815512 1.41757121 3.40000000
 C	35.10438017 2.05427880 3.40000000
 C	37.48054978 2.69097153 3.40000000
 C	39.85666395 3.32764940 3.40000000
 C	-2.91438907 -8.13281972 3.40000000
 C	6.59034483 -5.58603395 3.40000000
 C	-5.29050323 -8.76949759 3.40000000
 C	8.96651444 -4.94934122 3.40000000
 C	-7.66667285 -9.40619032 3.40000000
 C	11.34262861 -4.31266335 3.40000000
 C	-9.03858702 -9.03858702 3.40000000
 C	12.34693949 -3.30835246 3.40000000
 C	0.46614687 -6.49180125 3.40000000
 C	2.84220559 -5.85513823 3.40000000
 C	-11.41481208 -9.67529460 3.40000000
 C	14.72316454 -2.67164487 3.40000000
 C	-13.79087080 -10.31195762 3.40000000
 C	17.09922327 -2.03498186 3.40000000
 C	-16.16709586 -10.94866520 3.40000000
 C	19.47544832 -1.39827427 3.40000000
 C	-18.54315458 -11.58532822 3.40000000
 C	21.85167338 -0.76156669 3.40000000
 C	-20.91937964 -12.22203580 3.40000000
 C	24.22789843 -0.12485910 3.40000000
 C	-23.29560470 -12.85874339 3.40000000
 C	26.60395716 0.51180391 3.40000000
 C	-25.67182975 -13.49545097 3.40000000
 C	28.98018221 1.14851150 3.40000000
 C	-28.04788848 -14.13211399 3.40000000
 C	31.35624094 1.78517451 3.40000000
 C	33.73246599 2.42188210 3.40000000
 C	36.10869105 3.05858968 3.40000000
 C	-1.91007819 -7.12850883 3.40000000
 C	5.21843065 -5.21843064 3.40000000
 C	38.48491611 3.69529727 3.40000000
 C	40.86097483 4.33196028 3.40000000
 C	-4.28613691 -7.76517185 3.40000000
 C	7.59465571 -4.58172306 3.40000000
 C	-6.66236197 -8.40187943 3.40000000
 C	9.97088076 -3.94501548 3.40000000
 C	-9.40619032 -7.66667285 3.40000000
 C	11.97933619 -1.93643829 3.40000000
 C	0.09854358 -5.11988708 3.40000000
 C	2.47476863 -4.48317949 3.40000000
 C	-11.78224904 -8.30333586 3.40000000
 C	14.35556125 -1.29973071 3.40000000
 C	-14.15847410 -8.94004345 3.40000000
 C	16.73178630 -0.66302312 3.40000000
 C	-16.53469915 -9.57675103 3.40000000
 C	19.10784503 -0.02636010 3.40000000
 C	-18.91081332 -10.21342891 3.40000000
 C	21.48407008 0.61034748 3.40000000
 C	-21.28698293 -10.85012164 3.40000000
 C	23.86023970 1.24704021 3.40000000
 C	-23.66320799 -11.48682922 3.40000000
 C	26.23635386 1.88371808 3.40000000
 C	-26.03926671 -12.12349224 3.40000000
 C	28.61257892 2.52042567 3.40000000
 C	-28.41549177 -12.76019982 3.40000000
 C	30.98880398 3.15713325 3.40000000
 C	33.36486270 3.79379627 3.40000000
 C	35.74108776 4.43050385 3.40000000
 C	-2.27768148 -5.75659466 3.40000000
 C	4.85082736 -3.84651648 3.40000000
 C	38.11725737 5.06719658 3.40000000
 C	40.49337154 5.70387445 3.40000000
 C	-4.65379565 -6.39327253 3.40000000
 C	7.22705241 -3.20980889 3.40000000
 C	-7.02996526 -7.02996526 3.40000000
 C	9.60322202 -2.57311616 3.40000000
 C	1.10285445 -4.11557619 3.40000000
 C	-10.77810449 -7.29906955 3.40000000
 C	12.98364707 -0.93212740 3.40000000
 C	-13.15416322 -7.93573256 3.40000000
 C	15.35987213 -0.29541982 3.40000000
 C	-15.53038827 -8.57244015 3.40000000
 C	17.73593085 0.34124320 3.40000000
 C	-17.90644700 -9.20910316 3.40000000
 C	20.11215591 0.97795078 3.40000000
 C	-20.28267205 -9.84581075 3.40000000
 C	22.48838096 1.61465837 3.40000000
 C	-1.27337060 -4.75228378 3.40000000
 C	3.47891318 -3.47891318 3.40000000
 C	-22.65889711 -10.48251833 3.40000000
 C	24.86460602 2.25136595 3.40000000
 C	-25.03512217 -11.11922592 3.40000000
 C	27.24066474 2.88802897 3.40000000
 C	-27.41118089 -11.75588893 3.40000000
 C	29.61688980 3.52473655 3.40000000
 C	31.99294852 4.16139957 3.40000000
 C	34.36917358 4.79810715 3.40000000
 C	36.74539864 5.43481474 3.40000000
 C	39.12162369 6.07152232 3.40000000
 C	41.49768242 6.70818534 3.40000000
 C	-3.64942933 -5.38894679 3.40000000
 C	5.85513823 -2.84220559 3.40000000
 C	-6.02565438 -6.02565438 3.40000000
 C	8.23136329 -2.20549801 3.40000000
 C	-8.40187944 -6.66236196 3.40000000
 C	10.60758835 -1.56879042 3.40000000
 C	0.73523630 -2.74371746 3.40000000
 C	-11.14555631 -5.92716624 3.40000000
 C	12.61602892 0.43973133 3.40000000
 C	-13.52178137 -6.56387383 3.40000000
 C	14.99225397 1.07643891 3.40000000
 C	-15.89800643 -7.20058141 3.40000000
 C	17.36847903 1.71314650 3.40000000
 C	-18.27412059 -7.83725929 3.40000000
 C	19.74453775 2.34980952 3.40000000
 C	-20.65029021 -8.47395202 3.40000000
 C	22.12076281 2.98651710 3.40000000
 C	-23.02651526 -9.11065960 3.40000000
 C	-1.64098875 -3.38042504 3.40000000
 C	24.49693242 3.62320983 3.40000000
 C	3.11146136 -2.10700987 3.40000000
 C	-25.40257399 -9.74732262 3.40000000
 C	26.87304659 4.25988770 3.40000000
 C	-27.77879904 -10.38403020 3.40000000
 C	29.24927165 4.89659529 3.40000000
 C	31.62549670 5.53330287 3.40000000
 C	34.00155543 6.16996589 3.40000000
 C	36.37778048 6.80667347 3.40000000
 C	38.75395010 7.44336620 3.40000000
 C	41.13006426 8.08004407 3.40000000
 C	-4.01710292 -4.01710291 3.40000000
 C	5.48752008 -1.47034686 3.40000000
 C	-6.39327253 -4.65379564 3.40000000
 C	7.86374514 -0.83363927 3.40000000
 C	-8.76949759 -5.29050323 3.40000000
 C	10.23991475 -0.19694654 3.40000000
 C	-10.14139691 -4.92284449 3.40000000
 C	11.24429593 0.80743463 3.40000000
 C	-0.63666302 -2.37605872 3.40000000
 C	1.73956204 -1.73935114 3.40000000
 C	-12.51745563 -5.55950751 3.40000000
 C	13.62035466 1.44409765 3.40000000
 C	-14.89368069 -6.19621509 3.40000000
 C	15.99657971 2.08080523 3.40000000
 C	-17.26973941 -6.83287811 3.40000000
 C	18.37263844 2.71746825 3.40000000
 C	-19.64596447 -7.46958569 3.40000000
 C	20.74886349 3.35417584 3.40000000
 C	-22.02218953 -8.10629328 3.40000000
 C	23.12508855 3.99088342 3.40000000
 C	-24.39841458 -8.74300086 3.40000000
 C	25.50131360 4.62759101 3.40000000
 C	-26.77447331 -9.37966388 3.40000000
 C	27.87737233 5.26425402 3.40000000
 C	30.25359738 5.90096161 3.40000000
 C	32.62965611 6.53762462 3.40000000
 C	35.00588116 7.17433221 3.40000000
 C	-3.01272174 -3.01272174 3.40000000
 C	4.11562076 -1.10268812 3.40000000
 C	37.38210622 7.81103979 3.40000000
 C	39.75833128 8.44774738 3.40000000
 C	42.13439000 9.08441039 3.40000000
 C	-5.38894680 -3.64942932 3.40000000
 C	6.49184582 -0.46598054 3.40000000
 C	-7.76517185 -4.28613691 3.40000000
 C	8.86807088 0.17072705 3.40000000
 C	-10.50887844 -3.55105208 3.40000000
 C	10.87659262 2.17916762 3.40000000
 C	-1.00431088 -1.00431088 3.40000000
 C	1.37191417 -0.36760329 3.40000000
 C	-12.88510350 -4.18775966 3.40000000
 C	13.25270679 2.81584550 3.40000000
 C	-15.26132855 -4.82446725 3.40000000
 C	15.62893185 3.45255308 3.40000000
 C	-17.63744272 -5.46114512 3.40000000
 C	18.00515690 4.08926066 3.40000000
 C	-20.01361233 -6.09783785 3.40000000
 C	20.38121563 4.72592368 3.40000000
 C	-22.38983739 -6.73454543 3.40000000
 C	22.75744068 5.36263127 3.40000000
 C	-24.76589611 -7.37120845 3.40000000
 C	25.13361030 5.99932399 3.40000000
 C	-27.14212117 -8.00791604 3.40000000
 C	27.50972446 6.63600187 3.40000000
 C	29.88594952 7.27270945 3.40000000
 C	32.26217458 7.90941704 3.40000000
 C	34.63823330 8.54608005 3.40000000
 C	-3.38042505 -1.64098875 3.40000000
 C	3.74813923 0.26910429 3.40000000
 C	37.01445836 9.18278764 3.40000000
 C	39.39062797 9.81948037 3.40000000
 C	41.76674214 10.45615824 3.40000000
 C	-5.75659466 -2.27768148 3.40000000
 C	6.12419795 0.90576731 3.40000000
 C	-8.13281972 -2.91438906 3.40000000
 C	8.50042301 1.54247489 3.40000000
 C	0.00000000 0.00000000 3.40000000
 C	-11.88079262 -3.18344879 3.40000000
 C	11.88095895 3.18349336 3.40000000
 C	-14.25701767 -3.82015637 3.40000000
 C	14.25701767 3.82015637 3.40000000
 C	-16.63307640 -4.45681939 3.40000000
 C	16.63324273 4.45686396 3.40000000
 C	-19.00930145 -5.09352697 3.40000000
 C	19.00930145 5.09352697 3.40000000
 C	-21.38552651 -5.73023456 3.40000000
 C	21.38552651 5.73023456 3.40000000
 C	-2.37605872 -0.63666302 3.40000000
 C	-23.76175156 -6.36694214 3.40000000
 C	23.76175156 6.36694214 3.40000000
 C	2.37622506 0.63670758 3.40000000
 C	-26.13781029 -7.00360516 3.40000000
 C	26.13797662 7.00364973 3.40000000
 C	28.51403534 7.64031274 3.40000000
 C	30.89026040 8.27702033 3.40000000
 C	33.26631912 8.91368334 3.40000000
 C	35.64254418 9.55039093 3.40000000
 C	38.01876924 10.18709851 3.40000000
 C	40.39499429 10.82380610 3.40000000
 C	42.77105302 11.46046912 3.40000000
 C	-4.75228378 -1.27337060 3.40000000
 C	4.75228378 1.27337060 3.40000000
 C	-7.12850884 -1.91007819 3.40000000
 C	7.12850884 1.91007819 3.40000000
 C	-9.50473389 -2.54678577 3.40000000
 C	9.50473389 2.54678577 3.40000000
 C	-0.36760330 1.37191418 3.40000000
 C	-12.24839591 -1.81153461 3.40000000
 C	11.51330021 4.55539268 3.40000000
 C	-14.62462097 -2.44824219 3.40000000
 C	13.88941438 5.19207055 3.40000000
 C	-17.00073514 -3.08492007 3.40000000
 C	16.26563943 5.82877813 3.40000000
 C	-19.37690475 -3.72161279 3.40000000
 C	18.64186449 6.46548572 3.40000000
 C	-21.75312980 -4.35832038 3.40000000
 C	21.01792321 7.10214874 3.40000000
 C	-2.74371746 0.73523631 3.40000000
 C	-24.12918853 -4.99498340 3.40000000
 C	23.39414827 7.73885632 3.40000000
 C	2.00862176 2.00862176 3.40000000
 C	-26.50541358 -5.63169098 3.40000000
 C	25.77031788 8.37554905 3.40000000
 C	28.14643205 9.01222692 3.40000000
 C	30.52265711 9.64893451 3.40000000
 C	32.89888216 10.28564209 3.40000000
 C	35.27494089 10.92230511 3.40000000
 C	37.65116594 11.55901269 3.40000000
 C	40.02733555 12.19570542 3.40000000
 C	42.40344972 12.83238329 3.40000000
 C	-5.11988708 0.09854358 3.40000000
 C	4.38484682 2.64532935 3.40000000
 C	-7.49611213 -0.53816401 3.40000000
 C	6.76090554 3.28199236 3.40000000
 C	-9.87217086 -1.17482702 3.40000000
 C	9.13713060 3.91869995 3.40000000
 C	-11.24408503 -0.80722373 3.40000000
 C	10.14144148 4.92301083 3.40000000
 C	-1.73935114 1.73956204 3.40000000
 C	0.63670759 2.37622505 3.40000000
 C	-13.62031009 -1.44393132 3.40000000
 C	12.51766653 5.55971841 3.40000000
 C	-15.99636881 -2.08059433 3.40000000
 C	14.89372526 6.19638143 3.40000000
 C	-18.37259387 -2.71730192 3.40000000
 C	17.26995031 6.83308901 3.40000000
 C	-20.74881892 -3.35400950 3.40000000
 C	19.64600904 7.46975203 3.40000000
 C	-23.12504398 -3.99071709 3.40000000
 C	22.02223409 8.10645961 3.40000000
 C	-25.50110270 -4.62738010 3.40000000
 C	24.39845915 8.74316720 3.40000000
 C	26.77468421 9.37987478 3.40000000
 C	29.15074293 10.01653780 3.40000000
 C	31.52696799 10.65324538 3.40000000
 C	33.90302671 11.28990840 3.40000000
 C	-4.11557619 1.10285445 3.40000000
 C	3.01293264 3.01293264 3.40000000
 C	36.27925177 11.92661598 3.40000000
 C	38.65547682 12.56332357 3.40000000
 C	41.03170188 13.20003115 3.40000000
 C	43.40776060 13.83669417 3.40000000
 C	-6.49180125 0.46614687 3.40000000
 C	5.38899137 3.64959566 3.40000000
 C	-8.86802631 -0.17056072 3.40000000
 C	7.76521642 4.28630324 3.40000000
 C	-11.61168833 0.56469045 3.40000000
 C	9.77383818 6.29492500 3.40000000
 C	-2.10700988 3.11146136 3.40000000
 C	0.26910429 3.74813923 3.40000000
 C	-13.98791338 -0.07201714 3.40000000
 C	12.15000779 6.93161773 3.40000000
 C	-16.36402755 -0.70869501 3.40000000
 C	14.52612196 7.56829560 3.40000000
 C	-18.74019716 -1.34538774 3.40000000
 C	16.90234702 8.20500319 3.40000000
 C	-21.11642222 -1.98209533 3.40000000
 C	19.27857207 8.84171077 3.40000000
 C	-23.49248094 -2.61875834 3.40000000
 C	21.65463080 9.47837379 3.40000000
 C	-25.86870600 -3.25546593 3.40000000
 C	24.03085585 10.11508138 3.40000000
 C	26.40702547 10.75177410 3.40000000
 C	28.78313963 11.38845198 3.40000000
 C	31.15936469 12.02515956 3.40000000
 C	33.53558975 12.66186715 3.40000000
 C	-4.48317949 2.47476863 3.40000000
 C	2.64532935 4.38484682 3.40000000
 C	35.91164847 13.29853016 3.40000000
 C	38.28787353 13.93523775 3.40000000
 C	40.66404314 14.57193048 3.40000000
 C	43.04015731 15.20860835 3.40000000
 C	-6.85940455 1.83806105 3.40000000
 C	5.02155440 5.02155440 3.40000000
 C	-9.23546327 1.20139803 3.40000000
 C	7.39761313 5.65821742 3.40000000
 C	-1.10268812 4.11562076 3.40000000
 C	-12.98364707 0.93212740 3.40000000
 C	10.77810449 7.29906955 3.40000000
 C	-15.35970579 0.29546439 3.40000000
 C	13.15432955 7.93577713 3.40000000
 C	-17.73593085 -0.34124320 3.40000000
 C	15.53038827 8.57244015 3.40000000
 C	-20.11215591 -0.97795078 3.40000000
 C	17.90661333 9.20914773 3.40000000
 C	20.28267205 9.84581075 3.40000000
 C	-22.48838096 -1.61465837 3.40000000
 C	-3.47891318 3.47891318 3.40000000
 C	1.27337060 4.75228378 3.40000000
 C	-24.86443969 -2.25132138 3.40000000
 C	22.65889711 10.48251833 3.40000000
 C	25.03512217 11.11922592 3.40000000
 C	27.41134722 11.75593350 3.40000000
 C	29.78740595 12.39259652 3.40000000
 C	32.16363100 13.02930410 3.40000000
 C	34.53968973 13.66596712 3.40000000
 C	36.91591478 14.30267471 3.40000000
 C	39.29213984 14.93938229 3.40000000
 C	41.66836490 15.57608988 3.40000000
 C	44.04442362 16.21275289 3.40000000
 C	-5.85513823 2.84220559 3.40000000
 C	3.64959566 5.38899136 3.40000000
 C	6.02565438 6.02565438 3.40000000
 C	-8.23136329 2.20549801 3.40000000
 C	-10.60742201 1.56883499 3.40000000
 C	8.40187944 6.66236196 3.40000000
 C	-1.47034686 5.48752008 3.40000000
 C	-13.35125037 2.30404158 3.40000000
 C	10.41050120 8.67098372 3.40000000
 C	-15.72736453 1.66736371 3.40000000
 C	12.78667081 9.30767645 3.40000000
 C	-18.10353415 1.03067098 3.40000000
 C	15.16278498 9.94435433 3.40000000
 C	-20.47975920 0.39396340 3.40000000
 C	17.53901003 10.58106191 3.40000000
 C	-22.85581793 -0.24269962 3.40000000
 C	19.91523509 11.21776950 3.40000000
 C	-3.84651647 4.85082735 3.40000000
 C	0.90576731 6.12419795 3.40000000
 C	-25.23204298 -0.87940720 3.40000000
 C	22.29129381 11.85443251 3.40000000
 C	24.66751887 12.49114010 3.40000000
 C	27.04368848 13.12783283 3.40000000
 C	29.41980265 13.76451070 3.40000000
 C	31.79602771 14.40121828 3.40000000
 C	34.17225276 15.03792587 3.40000000
 C	36.54831149 15.67458888 3.40000000
 C	38.92453654 16.31129647 3.40000000
 C	41.30070616 16.94798920 3.40000000
 C	43.67682032 17.58466707 3.40000000
 C	-6.22274153 4.21411977 3.40000000
 C	3.28199236 6.76090554 3.40000000
 C	-8.59880025 3.57745675 3.40000000
 C	5.65821742 7.39761312 3.40000000
 C	-10.97502531 2.94074917 3.40000000
 C	8.03427614 8.03427614 3.40000000
 C	-12.34693949 3.30835247 3.40000000
 C	9.03858702 9.03858703 3.40000000
 C	-2.84220560 5.85513824 3.40000000
 C	-0.46598054 6.49184582 3.40000000
 C	-14.72299821 2.67168945 3.40000000
 C	11.41481208 9.67529461 3.40000000
 C	-17.09922327 2.03498187 3.40000000
 C	13.79103713 10.31200220 3.40000000
 C	-19.47544832 1.39827428 3.40000000
 C	16.16709586 10.94866521 3.40000000
 C	-21.85167338 0.76156670 3.40000000
 C	18.54332091 11.58537280 3.40000000
 C	-24.22773210 0.12490368 3.40000000
 C	20.91937964 12.22203581 3.40000000
 C	23.29560469 12.85874340 3.40000000
 C	25.67182975 13.49545098 3.40000000
 C	28.04805481 14.13215857 3.40000000
 C	30.42411353 14.76882158 3.40000000
 C	32.80033859 15.40552917 3.40000000
 C	-5.21843065 5.21843065 3.40000000
 C	1.91007818 7.12850884 3.40000000
 C	35.17639731 16.04219219 3.40000000
 C	37.55262237 16.67889977 3.40000000
 C	39.92884742 17.31560735 3.40000000
 C	42.30507248 17.95231494 3.40000000
 C	44.68113120 18.58897796 3.40000000
 C	-7.59465571 4.58172307 3.40000000
 C	4.28630324 7.76521643 3.40000000
 C	-9.97071443 3.94506005 3.40000000
 C	6.66236196 8.40187944 3.40000000
 C	-12.71454278 4.68026664 3.40000000
 C	8.67098373 10.41050119 3.40000000
 C	-3.20980889 7.22705241 3.40000000
 C	-0.83363928 7.86374514 3.40000000
 C	-15.09065695 4.04358876 3.40000000
 C	11.04720878 11.04720878 3.40000000
 C	-17.46682656 3.40689604 3.40000000
 C	13.42337840 11.68390151 3.40000000
 C	-19.84305162 2.77018845 3.40000000
 C	15.79949256 12.32057938 3.40000000
 C	-22.21911034 2.13352543 3.40000000
 C	18.17571762 12.95728697 3.40000000
 C	-24.59533540 1.49681785 3.40000000
 C	20.55194268 13.59399455 3.40000000
 C	22.92800140 14.23065757 3.40000000
 C	25.30422646 14.86736515 3.40000000
 C	27.68039607 15.50405788 3.40000000
 C	30.05651024 16.14073575 3.40000000
 C	32.43273529 16.77744334 3.40000000
 C	-5.58603394 6.59034482 3.40000000
 C	1.54247489 8.50042301 3.40000000
 C	34.80896035 17.41415092 3.40000000
 C	37.18501907 18.05081394 3.40000000
 C	39.56124413 18.68752152 3.40000000
 C	41.93741374 19.32421425 3.40000000
 C	44.31352791 19.96089212 3.40000000
 C	-7.96209267 5.95368181 3.40000000
 C	3.91869995 9.13713059 3.40000000
 C	-10.33831772 5.31697422 3.40000000
 C	6.29492500 9.77383818 3.40000000
 C	-2.20549801 8.23136329 3.40000000
 C	-14.08629063 5.04791451 3.40000000
 C	9.67529461 11.41481208 3.40000000
 C	-16.46251568 4.41120692 3.40000000
 C	12.05151966 12.05151967 3.40000000
 C	-18.83874074 3.77449934 3.40000000
 C	14.42774472 12.68822725 3.40000000
 C	-21.21496579 3.13779175 3.40000000
 C	16.80380344 13.32489027 3.40000000
 C	-23.59102452 2.50112874 3.40000000
 C	19.18002850 13.96159785 3.40000000
 C	-4.58172307 7.59465571 3.40000000
 C	21.55608722 14.59826087 3.40000000
 C	0.17072705 8.86807088 3.40000000
 C	23.93231228 15.23496845 3.40000000
 C	26.30853734 15.87167604 3.40000000
 C	28.68476239 16.50838362 3.40000000
 C	31.06082112 17.14504664 3.40000000
 C	33.43704617 17.78175422 3.40000000
 C	35.81310490 18.41841724 3.40000000
 C	38.18932995 19.05512482 3.40000000
 C	40.56555501 19.69183241 3.40000000
 C	42.94178006 20.32853999 3.40000000
 C	45.31783879 20.96520301 3.40000000
 C	-6.95794812 6.95794812 3.40000000
 C	2.54678577 9.50473389 3.40000000
 C	-9.33400685 6.32128511 3.40000000
 C	4.92301083 10.14144148 3.40000000
 C	-11.71023190 5.68457752 3.40000000
 C	7.29906955 10.77810450 3.40000000
 C	-2.57311616 9.60322203 3.40000000
 C	-14.45396422 6.41975838 3.40000000
 C	9.30767645 12.78667081 3.40000000
 C	-16.83013383 5.78306566 3.40000000
 C	11.68390151 13.42337840 3.40000000
 C	-19.20635889 5.14635807 3.40000000
 C	14.06007112 14.06007113 3.40000000
 C	-21.58241761 4.50969505 3.40000000
 C	16.43618529 14.69674900 3.40000000
 C	-23.95864267 3.87298747 3.40000000
 C	18.81241035 15.33345659 3.40000000
 C	-4.94934122 8.96651444 3.40000000
 C	21.18863540 15.97016417 3.40000000
 C	-0.19694655 10.23991476 3.40000000
 C	23.56469413 16.60682719 3.40000000
 C	25.94091918 17.24353477 3.40000000
 C	28.31708879 17.88022750 3.40000000
 C	30.69320296 18.51690537 3.40000000
 C	33.06942802 19.15361296 3.40000000
 C	35.44565308 19.79032054 3.40000000
 C	37.82171180 20.42698356 3.40000000
 C	40.19793686 21.06369114 3.40000000
 C	42.57410647 21.70038387 3.40000000
 C	-7.32539994 8.32985143 3.40000000
 C	44.95022064 22.33706174 3.40000000
 C	2.17916762 10.87659263 3.40000000
 C	-9.70162500 7.69314384 3.40000000
 C	4.55539267 11.51330021 3.40000000
 C	-12.07785005 7.05643626 3.40000000
 C	6.93161773 12.15000780 3.40000000
 C	-13.44958304 7.42413956 3.40000000
 C	7.93577714 13.15432955 3.40000000
 C	-3.94501548 9.97088076 3.40000000
 C	-1.56879042 10.60758835 3.40000000
 C	-15.82580810 6.78743198 3.40000000
 C	10.31200219 13.79103714 3.40000000
 C	-18.20203315 6.15072439 3.40000000
 C	12.68822725 14.42774472 3.40000000
 C	-20.57825821 5.51401681 3.40000000
 C	15.06445230 15.06445231 3.40000000
 C	-22.95431693 4.87735379 3.40000000
 C	17.44051103 15.70111532 3.40000000
 C	19.81673608 16.33782291 3.40000000
 C	22.19279481 16.97448592 3.40000000
 C	24.56901986 17.61119351 3.40000000
 C	26.94524492 18.24790109 3.40000000
 C	29.32146998 18.88460868 3.40000000
 C	31.69752870 19.52127169 3.40000000
 C	-6.32124054 9.33417318 3.40000000
 C	0.80743463 11.24429593 3.40000000
 C	34.07375376 20.15797928 3.40000000
 C	36.44981248 20.79464229 3.40000000
 C	38.82603754 21.43134988 3.40000000
 C	41.20226259 22.06805746 3.40000000
 C	43.57848765 22.70476505 3.40000000
 C	45.95454637 23.34142806 3.40000000
 C	-8.69729926 8.69751016 3.40000000
 C	3.18349336 11.88095895 3.40000000
 C	-11.07352432 8.06080258 3.40000000
 C	5.55971841 12.51766653 3.40000000
 C	-13.81728635 8.79587255 3.40000000
 C	7.56829560 14.52612196 3.40000000
 C	-4.31266335 11.34262861 3.40000000
 C	-1.93643829 11.97933619 3.40000000
 C	-16.19345596 8.15917982 3.40000000
 C	9.94435433 15.16278498 3.40000000
 C	-18.56968102 7.52247224 3.40000000
 C	12.32057938 15.79949257 3.40000000
 C	-20.94573974 6.88580922 3.40000000
 C	14.69674900 16.43618529 3.40000000
 C	-23.32196480 6.24910164 3.40000000
 C	17.07286316 17.07286317 3.40000000
 C	19.44908822 17.70957075 3.40000000
 C	21.82531328 18.34627834 3.40000000
 C	24.20137200 18.98294135 3.40000000
 C	26.57759706 19.61964894 3.40000000
 C	28.95376667 20.25634167 3.40000000
 C	31.32988084 20.89301954 3.40000000
 C	-6.68872207 10.70596559 3.40000000
 C	0.43973132 12.61602892 3.40000000
 C	33.70610589 21.52972712 3.40000000
 C	36.08233095 22.16643471 3.40000000
 C	38.45838967 22.80309772 3.40000000
 C	40.83461473 23.43980531 3.40000000
 C	43.21078434 24.07649804 3.40000000
 C	45.58689851 24.71317591 3.40000000
 C	-9.06494713 10.06925801 3.40000000
 C	2.81584549 13.25270679 3.40000000
 C	-11.44117218 9.43255042 3.40000000
 C	5.19207055 13.88941438 3.40000000
 C	-3.30835246 12.34693949 3.40000000
 C	-15.18914508 9.16349070 3.40000000
 C	8.57244015 15.53038827 3.40000000
 C	-17.56537014 8.52678311 3.40000000
 C	10.94866521 16.16709586 3.40000000
 C	-19.94159519 7.89007553 3.40000000
 C	13.32489026 16.80380344 3.40000000
 C	-22.31765392 7.25341251 3.40000000
 C	15.70111532 17.44051103 3.40000000
 C	18.07717404 18.07717404 3.40000000
 C	20.45339910 18.71388163 3.40000000
 C	-5.68457752 11.71023190 3.40000000
 C	-0.93212741 12.98364707 3.40000000
 C	22.82945782 19.35054464 3.40000000
 C	25.20568288 19.98725223 3.40000000
 C	27.58190794 20.62395981 3.40000000
 C	29.95813299 21.26066740 3.40000000
 C	32.33419172 21.89733041 3.40000000
 C	34.71041677 22.53403800 3.40000000
 C	37.08647550 23.17070102 3.40000000
 C	39.46270055 23.80740860 3.40000000
 C	41.83892561 24.44411619 3.40000000
 C	-8.06063624 11.07356888 3.40000000
 C	44.21515067 25.08082377 3.40000000
 C	1.44409765 13.62035465 3.40000000
 C	46.59120939 25.71748679 3.40000000
 C	-10.43686130 10.43686130 3.40000000
 C	3.82015637 14.25701767 3.40000000
 C	-12.81292002 9.80019828 3.40000000
 C	6.19638143 14.89372526 3.40000000
 C	-3.67595576 13.71885366 3.40000000
 C	-15.55674838 10.53540488 3.40000000
 C	8.20500319 16.90234702 3.40000000
 C	-17.93297343 9.89869729 3.40000000
 C	10.58106191 17.53901003 3.40000000
 C	-20.30903216 9.26203428 3.40000000
 C	12.95728697 18.17571762 3.40000000
 C	-22.68525721 8.62532669 3.40000000
 C	15.33345658 18.81241035 3.40000000
 C	17.70957075 19.44908822 3.40000000
 C	-6.05201448 13.08219065 3.40000000
 C	20.08579580 20.08579581 3.40000000
 C	-1.29973070 14.35556125 3.40000000
 C	22.46202086 20.72250339 3.40000000
 C	24.83807958 21.35916641 3.40000000
 C	27.21430464 21.99587399 3.40000000
 C	29.59047425 22.63256672 3.40000000
 C	31.96658842 23.26924459 3.40000000
 C	34.34281348 23.90595218 3.40000000
 C	36.71903853 24.54265976 3.40000000
 C	39.09509726 25.17932278 3.40000000
 C	41.47132231 25.81603036 3.40000000
 C	-8.42823954 12.44548306 3.40000000
 C	43.84749193 26.45272309 3.40000000
 C	1.07643891 14.99225398 3.40000000
 C	46.22360609 27.08940096 3.40000000
 C	-10.80446460 11.80877548 3.40000000
 C	3.45255308 15.62893185 3.40000000
 C	-13.18057876 11.17209760 3.40000000
 C	5.82877813 16.26563943 3.40000000
 C	-14.55243750 11.53971575 3.40000000
 C	6.83308901 17.26995031 3.40000000
 C	-5.04786993 14.08645695 3.40000000
 C	-2.67164488 14.72316454 3.40000000
 C	-16.92866255 10.90300817 3.40000000
 C	9.20914774 17.90661333 3.40000000
 C	-19.30488761 10.26630058 3.40000000
 C	11.58537279 18.54332091 3.40000000
 C	-21.68094633 9.62963757 3.40000000
 C	13.96159785 19.18002850 3.40000000
 C	16.33782291 19.81673608 3.40000000
 C	18.71388163 20.45339910 3.40000000
 C	21.09010669 21.09010668 3.40000000
 C	23.46616541 21.72676970 3.40000000
 C	25.84239047 22.36347728 3.40000000
 C	28.21861552 23.00018487 3.40000000
 C	30.59484058 23.63689245 3.40000000
 C	-7.42392866 13.44979394 3.40000000
 C	-0.29541982 15.35987212 3.40000000
 C	32.97089930 24.27355547 3.40000000
 C	35.34712436 24.91026305 3.40000000
 C	37.72318308 25.54692607 3.40000000
 C	40.09940814 26.18363366 3.40000000
 C	42.47563319 26.82034124 3.40000000
 C	44.85185825 27.45704882 3.40000000
 C	47.22791697 28.09371184 3.40000000
 C	-9.80015371 12.81308635 3.40000000
 C	2.08080523 15.99657971 3.40000000
 C	-12.17621244 12.17642334 3.40000000
 C	4.45686396 16.63324273 3.40000000
 C	-14.92004079 12.91162993 3.40000000
 C	6.46548572 18.64186449 3.40000000
 C	-5.41530690 15.45841570 3.40000000
 C	-3.03924817 16.09507872 3.40000000
 C	-17.29626585 12.27492235 3.40000000
 C	8.84171077 19.27857207 3.40000000
 C	-19.67232457 11.63825933 3.40000000
 C	11.21776950 19.91523509 3.40000000
 C	-22.04854963 11.00155174 3.40000000
 C	13.59399455 20.55194267 3.40000000
 C	15.97016417 21.18863540 3.40000000
 C	18.34627833 21.82531328 3.40000000
 C	20.72250339 22.46202086 3.40000000
 C	23.09872845 23.09872845 3.40000000
 C	25.47478717 23.73539146 3.40000000
 C	27.85101223 24.37209905 3.40000000
 C	30.22718184 25.00879177 3.40000000
 C	-7.79153195 14.82170812 3.40000000
 C	-0.66302312 16.73178630 3.40000000
 C	32.60329601 25.64546965 3.40000000
 C	34.97952106 26.28217723 3.40000000
 C	37.35574612 26.91888482 3.40000000
 C	39.73180484 27.55554783 3.40000000
 C	42.10802990 28.19225542 3.40000000
 C	44.48419951 28.82894815 3.40000000
 C	46.86031368 29.46562602 3.40000000
 C	-10.16775701 14.18500053 3.40000000
 C	1.71314649 17.36847903 3.40000000
 C	-12.54387118 13.54832266 3.40000000
 C	4.08926066 18.00515690 3.40000000
 C	-4.41120692 16.46251568 3.40000000
 C	-16.29199953 13.27906689 3.40000000
 C	7.46975203 19.64600903 3.40000000
 C	9.84581075 20.28267205 3.40000000
 C	-18.66822459 12.64235930 3.40000000
 C	-21.04428331 12.00569629 3.40000000
 C	12.22203581 20.91937963 3.40000000
 C	14.59826087 21.55608722 3.40000000
 C	16.97448592 22.19279480 3.40000000
 C	-6.78726564 15.82585266 3.40000000
 C	-2.03498186 17.09922326 3.40000000
 C	19.35054465 22.82945782 3.40000000
 C	21.72676970 23.46616540 3.40000000
 C	24.10282843 24.10282842 3.40000000
 C	26.47905348 24.73953601 3.40000000
 C	28.85527854 25.37624359 3.40000000
 C	31.23150360 26.01295117 3.40000000
 C	33.60756232 26.64961419 3.40000000
 C	35.98378738 27.28632178 3.40000000
 C	38.35984610 27.92298479 3.40000000
 C	40.73607116 28.55969238 3.40000000
 C	43.11229621 29.19639996 3.40000000
 C	-9.16349070 15.18914508 3.40000000
 C	0.34124319 17.73593085 3.40000000
 C	45.48852127 29.83310755 3.40000000
 C	47.86457999 30.46977056 3.40000000
 C	-11.53954942 14.55248206 3.40000000
 C	2.71746825 18.37263843 3.40000000
 C	-13.91577448 13.91577447 3.40000000
 C	5.09352697 19.00930145 3.40000000
 C	-4.77864388 17.83447442 3.40000000
 C	-16.65960283 14.65098107 3.40000000
 C	7.10214873 21.01792321 3.40000000
 C	-19.03566155 14.01431805 3.40000000
 C	9.47837379 21.65463079 3.40000000
 C	-21.41188661 13.37761047 3.40000000
 C	11.85443251 22.29129381 3.40000000
 C	14.23065757 22.92800140 3.40000000
 C	16.60682718 23.56469412 3.40000000
 C	-7.15486894 17.19776684 3.40000000
 C	-2.40258516 18.47113744 3.40000000
 C	18.98294135 24.20137200 3.40000000
 C	21.35916641 24.83807958 3.40000000
 C	23.73539146 25.47478717 3.40000000
 C	26.11145019 26.11145018 3.40000000
 C	28.48767524 26.74815777 3.40000000
 C	30.86384486 27.38485050 3.40000000
 C	33.23995902 28.02152837 3.40000000
 C	35.61618408 28.65823595 3.40000000
 C	37.99240914 29.29494354 3.40000000
 C	40.36846786 29.93160655 3.40000000
 C	42.74469292 30.56831414 3.40000000
 C	-9.53109399 16.56105925 3.40000000
 C	-0.02636010 19.10784502 3.40000000
 C	45.12086253 31.20500687 3.40000000
 C	47.49697670 31.84168474 3.40000000
 C	-11.90720816 15.92438138 3.40000000
 C	2.34980951 19.74453775 3.40000000
 C	-14.28337777 15.28768865 3.40000000
 C	4.72592368 20.38121563 3.40000000
 C	-15.65529195 15.65529195 3.40000000
 C	5.73023456 21.38552651 3.40000000
 C	-6.15055806 18.20207772 3.40000000
 C	-3.77449934 18.83874074 3.40000000
 C	-18.03151701 15.01858437 3.40000000
 C	8.10645961 22.02223410 3.40000000
 C	-20.40757573 14.38192135 3.40000000
 C	10.48251834 22.65889711 3.40000000
 C	12.85874339 23.29560470 3.40000000
 C	15.23496845 23.93231228 3.40000000
 C	17.61119351 24.56901987 3.40000000
 C	19.98725223 25.20568288 3.40000000
 C	22.36347729 25.84239047 3.40000000
 C	24.73953601 26.47905348 3.40000000
 C	27.11576107 27.11576107 3.40000000
 C	29.49198612 27.75246865 3.40000000
 C	-8.52678312 17.56537014 3.40000000
 C	-1.39827428 19.47544833 3.40000000
 C	31.86821118 28.38917624 3.40000000
 C	34.24426990 29.02583926 3.40000000
 C	36.62049496 29.66254684 3.40000000
 C	38.99655368 30.29920986 3.40000000
 C	41.37277874 30.93591744 3.40000000
 C	43.74900379 31.57262503 3.40000000
 C	46.12522885 32.20933261 3.40000000
 C	48.50128757 32.84599563 3.40000000
 C	-10.90284184 16.92870712 3.40000000
 C	0.97795078 20.11215591 3.40000000
 C	-13.27906690 16.29199954 3.40000000
 C	3.35417583 20.74886350 3.40000000
 C	-16.02289525 17.02720612 3.40000000
 C	5.36263126 22.75744068 3.40000000
 C	-6.51816135 19.57399189 3.40000000
 C	-4.14193630 20.21069948 3.40000000
 C	-18.39895397 16.39054311 3.40000000
 C	7.73885632 23.39414826 3.40000000
 C	-20.77517903 15.75383552 3.40000000
 C	10.11508138 24.03085585 3.40000000
 C	12.49114010 24.66751887 3.40000000
 C	14.86736516 25.30422645 3.40000000
 C	17.24353477 25.94091918 3.40000000
 C	19.61964894 26.57759705 3.40000000
 C	21.99587399 27.21430464 3.40000000
 C	24.37209905 27.85101222 3.40000000
 C	26.74815777 28.48767524 3.40000000
 C	29.12438283 29.12438282 3.40000000
 C	-8.89438641 18.93728431 3.40000000
 C	-1.76587757 20.84736249 3.40000000
 C	31.50055244 29.76107555 3.40000000
 C	33.87666661 30.39775342 3.40000000
 C	36.25289166 31.03446101 3.40000000
 C	38.62911672 31.67116859 3.40000000
 C	41.00517544 32.30783161 3.40000000
 C	43.38140050 32.94453919 3.40000000
 C	45.75757011 33.58123192 3.40000000
 C	48.13368428 34.21790980 3.40000000
 C	-11.27050058 18.30060644 3.40000000
 C	0.61034748 21.48407008 3.40000000
 C	-13.64667019 17.66391371 3.40000000
 C	2.98651710 22.12076281 3.40000000
 C	-5.51385047 20.57830278 3.40000000
 C	-17.39480942 17.39480942 3.40000000
 C	6.36694214 23.76175157 3.40000000
 C	-19.77086815 16.75814641 3.40000000
 C	8.74316720 24.39845915 3.40000000
 C	11.11922592 25.03512217 3.40000000
 C	13.49545098 25.67182975 3.40000000
 C	15.87167603 26.30853734 3.40000000
 C	-7.89007553 19.94159519 3.40000000
 C	-3.13779175 21.21496580 3.40000000
 C	18.24790109 26.94524492 3.40000000
 C	20.62395981 27.58190794 3.40000000
 C	23.00018487 28.21861552 3.40000000
 C	25.37624359 28.85527854 3.40000000
 C	27.75246865 29.49198612 3.40000000
 C	30.12869371 30.12869371 3.40000000
 C	32.50491876 30.76540129 3.40000000
 C	34.88097749 31.40206431 3.40000000
 C	37.25720254 32.03877189 3.40000000
 C	39.63326127 32.67543491 3.40000000
 C	-10.26613425 19.30493218 3.40000000
 C	42.00948632 33.31214250 3.40000000
 C	-0.76156669 21.85167338 3.40000000
 C	44.38571138 33.94885008 3.40000000
 C	46.76193644 34.58555767 3.40000000
 C	49.13799516 35.22222068 3.40000000
 C	-12.64235931 18.66822459 3.40000000
 C	1.61465836 22.48838096 3.40000000
 C	-15.01858437 18.03151701 3.40000000
 C	3.99088342 23.12508855 3.40000000
 C	-5.88146863 21.95016151 3.40000000
 C	-17.76226124 18.76671273 3.40000000
 C	5.99932399 25.13361030 3.40000000
 C	-20.13848630 18.13000514 3.40000000
 C	8.37554905 25.77031788 3.40000000
 C	10.75177410 26.40702547 3.40000000
 C	13.12783283 27.04368849 3.40000000
 C	15.50405788 27.68039607 3.40000000
 C	-8.25769368 21.31345393 3.40000000
 C	17.88022749 28.31708880 3.40000000
 C	-3.50524357 22.58686910 3.40000000
 C	20.25634166 28.95376667 3.40000000
 C	22.63256672 29.59047426 3.40000000
 C	25.00879177 30.22718184 3.40000000
 C	27.38485050 30.86384486 3.40000000
 C	29.76107555 31.50055244 3.40000000
 C	32.13724517 32.13724517 3.40000000
 C	34.51335933 32.77392304 3.40000000
 C	36.88958439 33.41063063 3.40000000
 C	39.26580945 34.04733821 3.40000000
 C	-10.63380785 20.67677606 3.40000000
 C	41.64186817 34.68400123 3.40000000
 C	-1.12918485 23.22353211 3.40000000
 C	44.01809323 35.32070881 3.40000000
 C	46.39426284 35.95740154 3.40000000
 C	48.77037701 36.59407942 3.40000000
 C	-13.00997746 20.04008333 3.40000000
 C	1.24704021 23.86023970 3.40000000
 C	-15.38620252 19.40337574 3.40000000
 C	3.62320982 24.49693243 3.40000000
 C	-16.75810184 19.77103448 3.40000000
 C	4.62759100 25.50131360 3.40000000
 C	-7.25336794 22.31782025 3.40000000
 C	-4.87714289 22.95452783 3.40000000
 C	-19.13416056 19.13437146 3.40000000
 C	7.00364973 26.13797662 3.40000000
 C	9.37987478 26.77468421 3.40000000
 C	11.75593351 27.41134722 3.40000000
 C	14.13215856 28.04805481 3.40000000
 C	16.50838362 28.68476239 3.40000000
 C	18.88460868 29.32146998 3.40000000
 C	21.26066740 29.95813299 3.40000000
 C	23.63689246 30.59484058 3.40000000
 C	26.01295118 31.23150359 3.40000000
 C	28.38917624 31.86821118 3.40000000
 C	-9.62942667 21.68115723 3.40000000
 C	-2.50108416 23.59119085 3.40000000
 C	30.76540129 32.50491876 3.40000000
 C	33.14162635 33.14162635 3.40000000
 C	35.51768507 33.77828936 3.40000000
 C	37.89391013 34.41499695 3.40000000
 C	40.26996885 35.05165997 3.40000000
 C	42.64619391 35.68836755 3.40000000
 C	45.02241896 36.32507513 3.40000000
 C	47.39864402 36.96178272 3.40000000
 C	49.77470275 37.59844574 3.40000000
 C	-12.00565172 21.04444965 3.40000000
 C	-0.12485911 24.22789843 3.40000000
 C	-14.38187678 20.40774206 3.40000000
 C	2.25136595 24.86460602 3.40000000
 C	-17.12558337 21.14282689 3.40000000
 C	4.25988770 26.87304659 3.40000000
 C	-7.62101581 23.68956809 3.40000000
 C	-5.24479075 24.32627568 3.40000000
 C	-19.50180843 20.50611931 3.40000000
 C	6.63600186 27.50972447 3.40000000
 C	9.01222692 28.14643205 3.40000000
 C	11.38845198 28.78313964 3.40000000
 C	13.76451070 29.41980265 3.40000000
 C	16.14073576 30.05651024 3.40000000
 C	18.51690537 30.69320297 3.40000000
 C	20.89301954 31.32988084 3.40000000
 C	23.26924459 31.96658842 3.40000000
 C	25.64546965 32.60329601 3.40000000
 C	28.02152837 33.23995902 3.40000000
 C	-9.99712998 23.05289022 3.40000000
 C	-2.86856570 24.96298326 3.40000000
 C	30.39775343 33.87666661 3.40000000
 C	32.77392304 34.51335934 3.40000000
 C	35.15003721 35.15003721 3.40000000
 C	37.52626226 35.78674479 3.40000000
 C	39.90248732 36.42345238 3.40000000
 C	42.27854604 37.06011540 3.40000000
 C	44.65477110 37.69682298 3.40000000
 C	47.03094071 38.33351571 3.40000000
 C	49.40705488 38.97019358 3.40000000
 C	-12.37329959 22.41619749 3.40000000
 C	-0.49250697 25.59964628 3.40000000
 C	-14.74952465 21.77948991 3.40000000
 C	1.88371808 26.23635386 3.40000000
 C	-6.61670493 24.69387897 3.40000000
 C	-18.49749754 21.51043018 3.40000000
 C	5.26425402 27.87737233 3.40000000
 C	7.64031274 28.51403534 3.40000000
 C	10.01653780 29.15074293 3.40000000
 C	12.39259652 29.78740594 3.40000000
 C	14.76882158 30.42411353 3.40000000
 C	-8.99276365 24.05721595 3.40000000
 C	17.14504664 31.06082111 3.40000000
 C	-4.24047987 25.33058656 3.40000000
 C	19.52127169 31.69752870 3.40000000
 C	21.89733042 32.33419171 3.40000000
 C	24.27355547 32.97089930 3.40000000
 C	26.64961420 33.60756232 3.40000000
 C	29.02583925 34.24426990 3.40000000
 C	31.40206431 34.88097748 3.40000000
 C	33.77828937 35.51768507 3.40000000
 C	36.15434809 36.15434809 3.40000000
 C	38.53057315 36.79105567 3.40000000
 C	-11.36898871 23.42050837 3.40000000
 C	-1.86442115 25.96724957 3.40000000
 C	40.90663187 37.42771869 3.40000000
 C	43.28285693 38.06442627 3.40000000
 C	45.65908198 38.70113386 3.40000000
 C	48.03530704 39.33784144 3.40000000
 C	50.41136576 39.97450446 3.40000000
 C	-13.74521376 22.78380078 3.40000000
 C	0.51180391 26.60395716 3.40000000
 C	-16.12143882 22.14709320 3.40000000
 C	2.88802896 27.24066474 3.40000000
 C	-6.98430822 26.06579315 3.40000000
 C	-18.86510084 22.88234436 3.40000000
 C	4.89659528 29.24927165 3.40000000
 C	7.27270945 29.88594952 3.40000000
 C	9.64893450 30.52265711 3.40000000
 C	12.02515956 31.15936469 3.40000000
 C	14.40121828 31.79602771 3.40000000
 C	-9.36042239 25.42911528 3.40000000
 C	16.77744334 32.43273529 3.40000000
 C	-4.60808317 26.70250073 3.40000000
 C	19.15361295 33.06942802 3.40000000
 C	21.52972712 33.70610589 3.40000000
 C	23.90595218 34.34281348 3.40000000
 C	26.28217723 34.97952106 3.40000000
 C	28.65823596 35.61618408 3.40000000
 C	31.03446101 36.25289166 3.40000000
 C	33.41063063 36.88958439 3.40000000
 C	35.78674479 37.52626226 3.40000000
 C	38.16296985 38.16296985 3.40000000
 C	-11.73659200 24.79242255 3.40000000
 C	40.53919491 38.79967743 3.40000000
 C	-2.23185811 27.33920832 3.40000000
 C	42.91525363 39.43634045 3.40000000
 C	45.29147869 40.07304803 3.40000000
 C	47.66764830 40.70974076 3.40000000
 C	50.04376247 41.34641864 3.40000000
 C	-14.11281706 24.15571496 3.40000000
 C	0.14420061 27.97587133 3.40000000
 C	-16.48887578 23.51905195 3.40000000
 C	2.52042567 28.61257892 3.40000000
 C	-17.86078996 23.88665524 3.40000000
 C	3.52473655 29.61688980 3.40000000
 C	-8.35605607 26.43344101 3.40000000
 C	-5.97999734 27.07010402 3.40000000
 C	5.90096161 30.25359738 3.40000000
 C	8.27702033 30.89026040 3.40000000
 C	10.65324539 31.52696798 3.40000000
 C	13.02930411 32.16363100 3.40000000
 C	15.40552917 32.80033858 3.40000000
 C	17.78175422 33.43704617 3.40000000
 C	20.15797928 34.07375375 3.40000000
 C	22.53403800 34.71041677 3.40000000
 C	24.91026306 35.34712435 3.40000000
 C	27.28632178 35.98378737 3.40000000
 C	-10.73228112 25.79673342 3.40000000
 C	-3.60377229 27.70681161 3.40000000
 C	29.66254684 36.62049495 3.40000000
 C	32.03877189 37.25720254 3.40000000
 C	34.41499695 37.89391012 3.40000000
 C	36.79105567 38.53057314 3.40000000
 C	39.16728073 39.16728073 3.40000000
 C	41.54333945 39.80394374 3.40000000
 C	43.91956451 40.44065133 3.40000000
 C	46.29578957 41.07735891 3.40000000
 C	48.67201462 41.71406650 3.40000000
 C	51.04807335 42.35072951 3.40000000
 C	-13.10850618 25.16002584 3.40000000
 C	-1.22771356 28.34347463 3.40000000
 C	-15.48473124 24.52331825 3.40000000
 C	1.14851149 28.98018221 3.40000000
 C	-18.22839326 25.25856942 3.40000000
 C	3.15713325 30.98880397 3.40000000
 C	-8.72371481 27.80534033 3.40000000
 C	-6.34760064 28.44201820 3.40000000
 C	5.53330287 31.62549670 3.40000000
 C	7.90941703 32.26217457 3.40000000
 C	10.28564209 32.89888216 3.40000000
 C	12.66186715 33.53558974 3.40000000
 C	15.03792587 34.17225276 3.40000000
 C	17.41415093 34.80896035 3.40000000
 C	19.79032054 35.44565307 3.40000000
 C	22.16643471 36.08233095 3.40000000
 C	24.54265976 36.71903853 3.40000000
 C	26.91888482 37.35574612 3.40000000
 C	-11.09988442 27.16864760 3.40000000
 C	-3.97137558 29.07872579 3.40000000
 C	29.29494354 37.99240913 3.40000000
 C	31.67116860 38.62911672 3.40000000
 C	34.04733821 39.26580945 3.40000000
 C	36.42345238 39.90248732 3.40000000
 C	38.79967743 40.53919490 3.40000000
 C	41.17590249 41.17590249 3.40000000
 C	43.55196121 41.81256550 3.40000000
 C	45.92818627 42.44927309 3.40000000
 C	48.30435588 43.08596582 3.40000000
 C	50.68047005 43.72264369 3.40000000
 C	-13.47610948 26.53194002 3.40000000
 C	-1.59515053 29.71543337 3.40000000
 C	-15.85216820 25.89527700 3.40000000
 C	0.78090820 30.35209639 3.40000000
 C	-7.71939305 28.80949973 3.40000000
 C	4.16139957 31.99294852 3.40000000
 C	6.53762462 32.62965610 3.40000000
 C	8.91368335 33.26631912 3.40000000
 C	11.28990840 33.90302670 3.40000000
 C	13.66596713 34.53968972 3.40000000
 C	-10.09561811 28.17279215 3.40000000
 C	-5.34333433 29.44616275 3.40000000
 C	16.04219218 35.17639730 3.40000000
 C	18.41841724 35.81310489 3.40000000
 C	20.79464230 36.44981247 3.40000000
 C	23.17070102 37.08647549 3.40000000
 C	25.54692608 37.72318308 3.40000000
 C	27.92298480 38.35984609 3.40000000
 C	30.29920986 38.99655368 3.40000000
 C	32.67543491 39.63326126 3.40000000
 C	35.05165997 40.26996885 3.40000000
 C	37.42771869 40.90663186 3.40000000
 C	39.80394375 41.54333945 3.40000000
 C	-12.47184316 27.53608456 3.40000000
 C	-2.96710927 30.08287033 3.40000000
 C	42.18000247 42.18000246 3.40000000
 C	44.55622753 42.81671005 3.40000000
 C	46.93245258 43.45341763 3.40000000
 C	49.30867764 44.09012522 3.40000000
 C	51.68473636 44.72678823 3.40000000
 C	-0.59105055 30.71953335 3.40000000
 C	-14.84806822 26.89937698 3.40000000
 C	-17.22412694 26.26271396 3.40000000
 C	1.78517451 31.35624093 3.40000000
 C	-8.08705179 30.18139905 3.40000000
 C	3.79379627 33.36486270 3.40000000
 C	6.16996588 34.00155542 3.40000000
 C	8.54608005 34.63823330 3.40000000
 C	10.92230511 35.27494088 3.40000000
 C	13.29853016 35.91164847 3.40000000
 C	-10.46322140 29.54470632 3.40000000
 C	-5.71093762 30.81807692 3.40000000
 C	15.67458889 36.54831148 3.40000000
 C	18.05081394 37.18501907 3.40000000
 C	20.42698355 37.82171180 3.40000000
 C	22.80309772 38.45838967 3.40000000
 C	25.17932278 39.09509725 3.40000000
 C	27.55554784 39.73180484 3.40000000
 C	29.93160656 40.36846785 3.40000000
 C	32.30783162 41.00517544 3.40000000
 C	34.68400123 41.64186817 3.40000000
 C	37.06011540 42.27854604 3.40000000
 C	39.43634045 42.91525362 3.40000000
 C	-12.83944646 28.90799874 3.40000000
 C	-3.33471257 31.45478451 3.40000000
 C	41.81256551 43.55196121 3.40000000
 C	44.18862423 44.18862423 3.40000000
 C	46.56484929 44.82533181 3.40000000
 C	48.94101890 45.46202454 3.40000000
 C	51.31713307 46.09870241 3.40000000
 C	-15.21550518 28.27133572 3.40000000
 C	-0.95848751 32.09149209 3.40000000
 C	-17.59173024 27.63462814 3.40000000
 C	1.41757121 32.72815511 3.40000000
 C	2.42188209 33.73246600 3.40000000
 C	-9.45891052 30.54901721 3.40000000
 C	-7.08268547 31.18572479 3.40000000
 C	4.79810715 34.36917358 3.40000000
 C	7.17433221 35.00588117 3.40000000
 C	9.55039093 35.64254418 3.40000000
 C	11.92661599 36.27925177 3.40000000
 C	14.30267471 36.91591478 3.40000000
 C	16.67889977 37.55262237 3.40000000
 C	19.05512482 38.18932995 3.40000000
 C	21.43134988 38.82603754 3.40000000
 C	23.80740860 39.46270055 3.40000000
 C	26.18363366 40.09940814 3.40000000
 C	-11.83513558 29.91230962 3.40000000
 C	-4.70662674 31.82238781 3.40000000
 C	28.55969238 40.73607116 3.40000000
 C	30.93591744 41.37277874 3.40000000
 C	33.31214249 42.00948633 3.40000000
 C	35.68836755 42.64619391 3.40000000
 C	38.06442627 43.28285693 3.40000000
 C	40.44065133 43.91956451 3.40000000
 C	42.81671005 44.55622753 3.40000000
 C	45.19293511 45.19293511 3.40000000
 C	47.56916017 45.82964270 3.40000000
 C	49.94538522 46.46635028 3.40000000
 C	-14.21136064 29.27560204 3.40000000
 C	-2.33040169 32.45909540 3.40000000
 C	52.32144395 47.10301330 3.40000000
 C	-16.58741936 28.63893902 3.40000000
 C	0.04565704 33.09575841 3.40000000
 C	2.05427880 35.10438017 3.40000000
 C	-9.82651382 31.92093138 3.40000000
 C	-7.45034420 32.55762411 3.40000000
 C	4.43050386 35.74108775 3.40000000
 C	6.80667347 36.37778048 3.40000000
 C	9.18278764 37.01445835 3.40000000
 C	11.55901269 37.65116594 3.40000000
 C	13.93523775 38.28787352 3.40000000
 C	16.31129647 38.92453654 3.40000000
 C	18.68752153 39.56124412 3.40000000
 C	21.06369114 40.19793685 3.40000000
 C	23.43980531 40.83461472 3.40000000
 C	25.81603036 41.47132231 3.40000000
 C	-12.20273887 31.28422379 3.40000000
 C	-5.07423004 33.19430198 3.40000000
 C	28.19225542 42.10802989 3.40000000
 C	30.56831414 42.74469291 3.40000000
 C	32.94453920 43.38140049 3.40000000
 C	35.32070881 44.01809322 3.40000000
 C	37.69682298 44.65477109 3.40000000
 C	40.07304804 45.29147868 3.40000000
 C	42.44927309 45.92818626 3.40000000
 C	44.82533182 46.56484928 3.40000000
 C	47.20155687 47.20155687 3.40000000
 C	49.57772649 47.83824959 3.40000000
 C	-14.57879760 30.64756078 3.40000000
 C	-2.69800498 33.83100956 3.40000000
 C	51.95384065 48.47492747 3.40000000
 C	-16.95502265 30.01085319 3.40000000
 C	-0.32177992 34.46771715 3.40000000
 C	-8.82220294 32.92524226 3.40000000
 C	3.05858968 36.10869105 3.40000000
 C	5.43481473 36.74539864 3.40000000
 C	7.81103979 37.38210622 3.40000000
 C	10.18709851 38.01876924 3.40000000
 C	12.56332357 38.65547682 3.40000000
 C	-11.19842799 32.28853468 3.40000000
 C	14.93938229 39.29213984 3.40000000
 C	-6.44597788 33.56194985 3.40000000
 C	17.31560735 39.92884742 3.40000000
 C	19.69183241 40.56555501 3.40000000
 C	22.06805746 41.20226259 3.40000000
 C	24.44411619 41.83892561 3.40000000
 C	26.82034124 42.47563319 3.40000000
 C	29.19639997 43.11229621 3.40000000
 C	31.57262502 43.74900379 3.40000000
 C	33.94885008 44.38571138 3.40000000
 C	36.32507514 45.02241896 3.40000000
 C	38.70113386 45.65908198 3.40000000
 C	-13.57465305 31.65182709 3.40000000
 C	-4.06991916 34.19861287 3.40000000
 C	41.07735892 46.29578957 3.40000000
 C	43.45341764 46.93245258 3.40000000
 C	45.82964270 47.56916017 3.40000000
 C	48.20586775 48.20586775 3.40000000
 C	50.58209281 48.84257534 3.40000000
 C	52.95815153 49.47923835 3.40000000
 C	-15.95071177 31.01516408 3.40000000
 C	-1.69369410 34.83532045 3.40000000
 C	0.68236462 35.47198347 3.40000000
 C	-9.18982109 34.29710100 3.40000000
 C	2.69097153 37.48054978 3.40000000
 C	5.06719658 38.11725737 3.40000000
 C	7.44336619 38.75395010 3.40000000
 C	9.81948036 39.39062797 3.40000000
 C	12.19570542 40.02733556 3.40000000
 C	-11.56604615 33.66039341 3.40000000
 C	14.57193047 40.66404314 3.40000000
 C	-6.81365148 34.93379373 3.40000000
 C	16.94798920 41.30070616 3.40000000
 C	19.32421425 41.93741374 3.40000000
 C	21.70038387 42.57410647 3.40000000
 C	24.07649803 43.21078434 3.40000000
 C	26.45272309 43.84749193 3.40000000
 C	28.82894815 44.48419951 3.40000000
 C	31.20500687 45.12086253 3.40000000
 C	33.58123193 45.75757011 3.40000000
 C	35.95740154 46.39426284 3.40000000
 C	-13.94210487 33.02373040 3.40000000
 C	38.33351571 47.03094071 3.40000000
 C	-4.43753731 35.57047160 3.40000000
 C	40.70974076 47.66764830 3.40000000
 C	43.08596582 48.30435588 3.40000000
 C	45.46202454 48.94101890 3.40000000
 C	47.83824960 49.57772649 3.40000000
 C	50.21441921 50.21441921 3.40000000
 C	52.59053338 50.85109709 3.40000000
 C	-16.31832993 32.38702281 3.40000000
 C	-2.06131225 36.20717918 3.40000000
 C	0.31491280 36.84388677 3.40000000
 C	1.31907221 37.84820852 3.40000000
 C	-10.56172041 34.66475973 3.40000000
 C	-8.18549535 35.30146732 3.40000000
 C	3.69529726 38.48491611 3.40000000
 C	6.07152232 39.12162369 3.40000000
 C	8.44774738 39.75833128 3.40000000
 C	10.82380610 40.39499429 3.40000000
 C	13.20003116 41.03170188 3.40000000
 C	15.57608988 41.66836489 3.40000000
 C	17.95231494 42.30507248 3.40000000
 C	20.32853999 42.94178006 3.40000000
 C	22.70476505 43.57848765 3.40000000
 C	25.08082377 44.21515066 3.40000000
 C	-12.93794547 34.02805215 3.40000000
 C	-5.80927030 35.93817490 3.40000000
 C	27.45704883 44.85185825 3.40000000
 C	29.83310755 45.48852126 3.40000000
 C	32.20933261 46.12522885 3.40000000
 C	34.58555766 46.76193643 3.40000000
 C	36.96178272 47.39864402 3.40000000
 C	39.33784144 48.03530704 3.40000000
 C	41.71406650 48.67201462 3.40000000
 C	44.09012522 49.30867764 3.40000000
 C	46.46635028 49.94538522 3.40000000
 C	48.84257534 50.58209281 3.40000000
 C	-15.31400419 33.39138913 3.40000000
 C	-3.43321157 36.57483792 3.40000000
 C	51.21880039 51.21880039 3.40000000
 C	53.59485912 51.85546341 3.40000000
 C	-1.05698652 37.21154550 3.40000000
 C	0.95159068 39.22000093 3.40000000
 C	-10.92936827 36.03650758 3.40000000
 C	-8.55314322 36.67321516 3.40000000
 C	3.32764940 39.85666395 3.40000000
 C	5.70387446 40.49337154 3.40000000
 C	8.08004407 41.13006426 3.40000000
 C	10.45615824 41.76674214 3.40000000
 C	12.83238329 42.40344972 3.40000000
 C	15.20860835 43.04015731 3.40000000
 C	17.58466707 43.67682032 3.40000000
 C	19.96089213 44.31352791 3.40000000
 C	22.33706174 44.95022064 3.40000000
 C	24.71317591 45.58689851 3.40000000
 C	-13.30542700 35.39984456 3.40000000
 C	-6.17697361 37.30990789 3.40000000
 C	27.08940096 46.22360609 3.40000000
 C	29.46562602 46.86031368 3.40000000
 C	31.84168474 47.49697669 3.40000000
 C	34.21790980 48.13368428 3.40000000
 C	36.59407941 48.77037701 3.40000000
 C	38.97019358 49.40705488 3.40000000
 C	41.34641864 50.04376247 3.40000000
 C	43.72264369 50.68047005 3.40000000
 C	46.09870242 51.31713307 3.40000000
 C	48.47492747 51.95384065 3.40000000
 C	-15.68165205 34.76313698 3.40000000
 C	-3.80085944 37.94658576 3.40000000
 C	50.85109708 52.59053338 3.40000000
 C	53.22721125 53.22721125 3.40000000
 C	-1.42463438 38.58329335 3.40000000
 C	-9.92505739 37.04081846 3.40000000
 C	1.95573522 40.22426724 3.40000000
 C	4.33196028 40.86097483 3.40000000
 C	6.70818534 41.49768241 3.40000000
 C	9.08441039 42.13439000 3.40000000
 C	11.46046912 42.77105301 3.40000000
 C	13.83669417 43.40776060 3.40000000
 C	-12.30128245 36.40411087 3.40000000
 C	-7.54883234 37.67752604 3.40000000
 C	16.21275290 44.04442361 3.40000000
 C	18.58897795 44.68113120 3.40000000
 C	20.96520301 45.31783878 3.40000000
 C	23.34142807 45.95454637 3.40000000
 C	25.71748679 46.59120939 3.40000000
 C	28.09371185 47.22791697 3.40000000
 C	30.46977057 47.86457999 3.40000000
 C	32.84599563 48.50128757 3.40000000
 C	35.22222068 49.13799516 3.40000000
 C	-14.67734117 35.76744785 3.40000000
 C	37.59844574 49.77470274 3.40000000
 C	-5.17260728 38.31423363 3.40000000
 C	39.97450446 50.41136576 3.40000000
 C	42.35072952 51.04807334 3.40000000
 C	44.72678824 51.68473636 3.40000000
 C	47.10301330 52.32144394 3.40000000
 C	49.47923835 52.95815153 3.40000000
 C	51.85546341 53.59485911 3.40000000
 C	-2.79654856 38.95089664 3.40000000
 C	-0.42032350 39.58760423 3.40000000
 H	-31.51760320 -34.44957126 3.40000000
 H	-29.14143044 -33.81287770 3.40000000
 H	-26.76520539 -33.17617011 3.40000000
 H	-24.38899777 -32.53946720 3.40000000
 H	-22.01292161 -31.90279951 3.40000000
 H	-19.63669655 -31.26609193 3.40000000
 H	-17.26058553 -30.62941489 3.40000000
 H	-14.88441277 -29.99272133 3.40000000
 H	-12.50818772 -29.35601374 3.40000000
 H	-10.13198009 -28.71931083 3.40000000
 H	-7.75590394 -28.08264314 3.40000000
 H	-5.37967888 -27.44593556 3.40000000
 H	-3.00356785 -26.80925852 3.40000000
 H	-0.62739510 -26.17256496 3.40000000
 H	1.74882996 -25.53585737 3.40000000
 H	4.12503758 -24.89915446 3.40000000
 H	6.50111374 -24.26248677 3.40000000
 H	8.87733879 -23.62577918 3.40000000
 H	11.25344982 -22.98910214 3.40000000
 H	13.62962257 -22.35240858 3.40000000
 H	16.00584763 -21.71570100 3.40000000
 H	18.38205525 -21.07899809 3.40000000
 H	20.75813141 -20.44233040 3.40000000
 H	23.13435646 -19.80562281 3.40000000
 H	25.51046749 -19.16894577 3.40000000
 H	27.88664024 -18.53225221 3.40000000
 H	30.26286530 -17.89554463 3.40000000
 H	32.63907292 -17.25884171 3.40000000
 H	35.01514908 -16.62217403 3.40000000
 H	36.70796984 -14.92935328 3.40000000
 H	37.34466340 -12.55318052 3.40000000
 H	37.98134043 -10.17706949 3.40000000
 H	38.61804801 -7.80084444 3.40000000
 H	39.25474542 -5.42465739 3.40000000
 H	39.89141863 -3.04856066 3.40000000
 H	40.52812621 -0.67233560 3.40000000
 H	41.16481978 1.70383715 3.40000000
 H	41.80149680 4.07994818 3.40000000
 H	42.43820439 6.45617323 3.40000000
 H	43.07490179 8.83236028 3.40000000
 H	43.71157500 11.20845701 3.40000000
 H	44.34828258 13.58468207 3.40000000
 H	44.98497615 15.96085482 3.40000000
 H	45.62165317 18.33696585 3.40000000
 H	46.25836076 20.71319090 3.40000000
 H	46.89505817 23.08937795 3.40000000
 H	47.53173137 25.46547468 3.40000000
 H	48.16843896 27.84169974 3.40000000
 H	48.80513252 30.21787249 3.40000000
 H	49.44180955 32.59398352 3.40000000
 H	50.07851713 34.97020858 3.40000000
 H	50.71521454 37.34639562 3.40000000
 H	51.35188774 39.72249235 3.40000000
 H	51.98859533 42.09871741 3.40000000
 H	52.62528889 44.47489016 3.40000000
 H	53.26196592 46.85100119 3.40000000
 H	53.89867350 49.22722625 3.40000000
 H	54.53537091 51.60341329 3.40000000
 H	53.91572113 53.91572113 3.40000000
 H	51.60341330 54.53537091 3.40000000
 H	49.22722625 53.89867350 3.40000000
 H	46.85100119 53.26196592 3.40000000
 H	44.47489017 52.62528888 3.40000000
 H	42.09871741 51.98859532 3.40000000
 H	39.72249236 51.35188773 3.40000000
 H	37.34639562 50.71521453 3.40000000
 H	34.97020858 50.07851713 3.40000000
 H	32.59398352 49.44180955 3.40000000
 H	30.21787249 48.80513251 3.40000000
 H	27.84169974 48.16843895 3.40000000
 H	25.46547468 47.53173136 3.40000000
 H	23.08937795 46.89505816 3.40000000
 H	20.71319090 46.25836076 3.40000000
 H	18.33696585 45.62165318 3.40000000
 H	15.96085482 44.98497614 3.40000000
 H	13.58468207 44.34828258 3.40000000
 H	11.20845701 43.71157499 3.40000000
 H	8.83236028 43.07490179 3.40000000
 H	6.45617323 42.43820439 3.40000000
 H	4.07994818 41.80149680 3.40000000
 H	1.70383715 41.16481976 3.40000000
 H	-0.67233560 40.52812620 3.40000000
 H	-3.04856066 39.89141862 3.40000000
 H	-5.42465739 39.25474542 3.40000000
 H	-7.80084444 38.61804802 3.40000000
 H	-10.17706950 37.98134043 3.40000000
 H	-12.55318052 37.34466339 3.40000000
 H	-14.92935328 36.70796983 3.40000000
 H	-16.62217403 35.01514908 3.40000000
 H	-17.25884172 32.63907293 3.40000000
 H	-17.89554462 30.26286530 3.40000000
 H	-18.53225221 27.88664024 3.40000000
 H	-19.16894578 25.51046749 3.40000000
 H	-19.80562282 23.13435646 3.40000000
 H	-20.44233041 20.75813141 3.40000000
 H	-21.07899809 18.38205526 3.40000000
 H	-21.71570100 16.00584763 3.40000000
 H	-22.35240858 13.62962257 3.40000000
 H	-22.98910216 11.25344982 3.40000000
 H	-23.62577919 8.87733879 3.40000000
 H	-24.26248678 6.50111374 3.40000000
 H	-24.89915446 4.12503759 3.40000000
 H	-25.53585737 1.74882996 3.40000000
 H	-26.17256495 -0.62739510 3.40000000
 H	-26.80925853 -3.00356785 3.40000000
 H	-27.44593557 -5.37967888 3.40000000
 H	-28.08264315 -7.75590393 3.40000000
 H	-28.71931084 -10.13198009 3.40000000
 H	-29.35601374 -12.50818772 3.40000000
 H	-29.99272133 -14.88441277 3.40000000
 H	-30.62941490 -17.26058553 3.40000000
 H	-31.26609194 -19.63669655 3.40000000
 H	-31.90279952 -22.01292160 3.40000000
 H	-32.53946721 -24.38899776 3.40000000
 H	-33.17617011 -26.76520539 3.40000000
 H	-33.81287770 -29.14143044 3.40000000
 H	-34.44957127 -31.51760320 3.40000000
 H	-33.82992532 -33.82992532 3.40000000
