 C	9.82052391 -22.05725783 3.40000000
 C	-1.41599533 -27.06007852 3.40000000
 C	21.05714802 -17.05439045 3.40000000
 C	-3.66336210 -28.06067067 3.40000000
 C	23.30440992 -16.05384499 3.40000000
 C	-5.91062400 -29.06121613 3.40000000
 C	25.55177669 -15.05325284 3.40000000
 C	-8.15793833 -30.06178494 3.40000000
 C	27.79914346 -14.05266069 3.40000000
 C	-10.40530511 -31.06237710 3.40000000
 C	30.04635292 -13.05213857 3.40000000
 C	7.57326201 -23.05780329 3.40000000
 C	-12.65251457 -32.06289921 3.40000000
 C	32.29371969 -12.05154642 3.40000000
 C	12.06789068 -21.05666568 3.40000000
 C	-14.89988134 -33.06349136 3.40000000
 C	34.54103403 -11.05097761 3.40000000
 C	-17.14724811 -34.06408352 3.40000000
 C	36.78829592 -10.05043215 3.40000000
 C	-19.39451001 -35.06462898 3.40000000
 C	-21.64182434 -36.06519778 3.40000000
 C	-23.88919111 -37.06578994 3.40000000
 C	-26.13640057 -38.06631205 3.40000000
 C	5.32594768 -24.05837210 3.40000000
 C	14.31525745 -20.05607353 3.40000000
 C	3.07858090 -25.05896425 3.40000000
 C	16.56246691 -19.05555141 3.40000000
 C	0.83137144 -26.05948637 3.40000000
 C	18.80983368 -18.05495926 3.40000000
 C	-0.58115802 -25.91102354 3.40000000
 C	19.64467100 -16.90590428 3.40000000
 C	8.40815176 -21.90872497 3.40000000
 C	10.65536122 -20.90820286 3.40000000
 C	-2.82852479 -26.91161570 3.40000000
 C	21.89203777 -15.90531213 3.40000000
 C	-5.07573425 -27.91213781 3.40000000
 C	24.13924723 -14.90479002 3.40000000
 C	-7.32310102 -28.91272996 3.40000000
 C	26.38661400 -13.90419786 3.40000000
 C	-9.57046779 -29.91332212 3.40000000
 C	28.63382346 -12.90367575 3.40000000
 C	-11.81783456 -30.91391427 3.40000000
 C	30.88119023 -11.90308360 3.40000000
 C	-14.06504402 -31.91443638 3.40000000
 C	33.12855701 -10.90249144 3.40000000
 C	-16.31241080 -32.91502854 3.40000000
 C	35.37592378 -9.90189929 3.40000000
 C	-18.55962026 -33.91555065 3.40000000
 C	37.62313324 -8.90137718 3.40000000
 C	-20.80698703 -34.91614280 3.40000000
 C	-23.05435380 -35.91673496 3.40000000
 C	6.16078499 -22.90931712 3.40000000
 C	12.90272799 -19.90761070 3.40000000
 C	-25.30172057 -36.91732711 3.40000000
 C	-27.54893003 -37.91784922 3.40000000
 C	3.91341822 -23.90990928 3.40000000
 C	15.14993745 -18.90708859 3.40000000
 C	1.66605144 -24.91050143 3.40000000
 C	17.39730422 -17.90649644 3.40000000
 C	-1.15885017 -24.61350573 3.40000000
 C	19.06697885 -15.60838647 3.40000000
 C	7.83040717 -20.61123050 3.40000000
 C	10.07766907 -19.61068504 3.40000000
 C	-3.40621694 -25.61409788 3.40000000
 C	21.31429318 -14.60781766 3.40000000
 C	-5.65347884 -26.61464334 3.40000000
 C	23.56155508 -13.60727220 3.40000000
 C	-7.90079317 -27.61521215 3.40000000
 C	25.80892185 -12.60668005 3.40000000
 C	-10.14815994 -28.61580430 3.40000000
 C	28.05628862 -11.60608790 3.40000000
 C	-12.39536940 -29.61632642 3.40000000
 C	30.30349808 -10.60556578 3.40000000
 C	-14.64273617 -30.61691857 3.40000000
 C	32.55086486 -9.60497363 3.40000000
 C	-16.89010295 -31.61751072 3.40000000
 C	34.79817919 -8.60440482 3.40000000
 C	-19.13736484 -32.61805618 3.40000000
 C	37.04544109 -7.60385936 3.40000000
 C	-21.38467918 -33.61862499 3.40000000
 C	-23.63204595 -34.61921714 3.40000000
 C	5.58309284 -21.61179931 3.40000000
 C	12.32503584 -18.61009289 3.40000000
 C	-25.87925541 -35.61973926 3.40000000
 C	-28.12662218 -36.62033141 3.40000000
 C	3.33572607 -22.61239146 3.40000000
 C	14.57240261 -17.60950074 3.40000000
 C	1.08851661 -23.61291358 3.40000000
 C	16.81961207 -16.60897862 3.40000000
 C	8.66527892 -19.46232343 3.40000000
 C	-2.57139762 -24.46521416 3.40000000
 C	19.90179816 -14.45950275 3.40000000
 C	-4.81860708 -25.46573628 3.40000000
 C	22.14916493 -13.45891059 3.40000000
 C	-7.06597386 -26.46632843 3.40000000
 C	24.39637439 -12.45838848 3.40000000
 C	-9.31334063 -27.46692058 3.40000000
 C	26.64374116 -11.45779633 3.40000000
 C	28.89095062 -10.45727421 3.40000000
 C	-11.56070740 -28.46751274 3.40000000
 C	6.41791215 -20.46291559 3.40000000
 C	10.91248838 -18.46180132 3.40000000
 C	-13.80791686 -29.46803485 3.40000000
 C	31.13831740 -9.45668206 3.40000000
 C	-16.05528363 -30.46862700 3.40000000
 C	33.38568417 -8.45608991 3.40000000
 C	-18.30249309 -31.46914912 3.40000000
 C	35.63305094 -7.45549775 3.40000000
 C	-20.54985986 -32.46974127 3.40000000
 C	37.88026040 -6.45497564 3.40000000
 C	-22.79722664 -33.47033342 3.40000000
 C	-25.04459341 -34.47092558 3.40000000
 C	-27.29180287 -35.47144769 3.40000000
 C	4.17054538 -21.46350774 3.40000000
 C	13.15985516 -17.46120917 3.40000000
 C	15.40706462 -16.46068705 3.40000000
 C	1.92317861 -22.46409990 3.40000000
 C	-0.32403085 -23.46462201 3.40000000
 C	17.65443139 -15.46009490 3.40000000
 C	8.08753434 -18.16482897 3.40000000
 C	-3.14908977 -23.16769635 3.40000000
 C	19.32410601 -13.16198494 3.40000000
 C	-5.39635167 -24.16824181 3.40000000
 C	21.57142034 -12.16141613 3.40000000
 C	-7.64366601 -25.16881062 3.40000000
 C	23.81868224 -11.16087067 3.40000000
 C	-9.89103278 -26.16940277 3.40000000
 C	26.06604901 -10.16027851 3.40000000
 C	-12.13824224 -27.16992488 3.40000000
 C	28.31341579 -9.15968636 3.40000000
 C	5.84022000 -19.16539778 3.40000000
 C	10.33479623 -17.16428351 3.40000000
 C	-14.38560901 -28.17051704 3.40000000
 C	30.56062525 -8.15916425 3.40000000
 C	-16.63297578 -29.17110919 3.40000000
 C	32.80799202 -7.15857209 3.40000000
 C	-18.88023768 -30.17165465 3.40000000
 C	35.05530635 -6.15800329 3.40000000
 C	-21.12755201 -31.17222346 3.40000000
 C	37.30256825 -5.15745783 3.40000000
 C	-23.37491879 -32.17281561 3.40000000
 C	-25.62212825 -33.17333772 3.40000000
 C	-27.86949502 -34.17392988 3.40000000
 C	3.59285323 -20.16598993 3.40000000
 C	12.58216301 -16.16369136 3.40000000
 C	1.34564377 -21.16651204 3.40000000
 C	14.82952978 -15.16309920 3.40000000
 C	-0.90172300 -22.16710420 3.40000000
 C	17.07673924 -14.16257709 3.40000000
 C	-2.31425247 -22.01864136 3.40000000
 C	17.91157655 -13.01352210 3.40000000
 C	6.67505731 -18.01634279 3.40000000
 C	8.92242408 -17.01575063 3.40000000
 C	-4.56146193 -23.01916347 3.40000000
 C	20.15894332 -12.01292995 3.40000000
 C	-6.80882870 -24.01975563 3.40000000
 C	22.40631009 -11.01233779 3.40000000
 C	-9.05619547 -25.02034778 3.40000000
 C	24.65351955 -10.01181568 3.40000000
 C	-11.30356224 -26.02093993 3.40000000
 C	26.90088632 -9.01122353 3.40000000
 C	-13.55077170 -27.02146205 3.40000000
 C	29.14809578 -8.01070141 3.40000000
 C	-15.79813847 -28.02205420 3.40000000
 C	31.39546256 -7.01010926 3.40000000
 C	-18.04534793 -29.02257631 3.40000000
 C	33.64282933 -6.00951711 3.40000000
 C	-20.29271471 -30.02316847 3.40000000
 C	35.89019610 -5.00892495 3.40000000
 C	-22.54008148 -31.02376062 3.40000000
 C	38.13740556 -4.00840284 3.40000000
 C	-24.78744825 -32.02435278 3.40000000
 C	4.42769054 -19.01693494 3.40000000
 C	11.16963354 -16.01522852 3.40000000
 C	-27.03465771 -33.02487489 3.40000000
 C	2.18032377 -20.01752709 3.40000000
 C	13.41700032 -15.01463637 3.40000000
 C	-0.06688569 -21.01804921 3.40000000
 C	15.66420977 -14.01411425 3.40000000
 C	-2.89194461 -20.72112356 3.40000000
 C	17.33388440 -11.71600430 3.40000000
 C	6.09736517 -16.71882498 3.40000000
 C	8.34467950 -15.71825618 3.40000000
 C	-5.13920651 -21.72166902 3.40000000
 C	19.58125117 -10.71541214 3.40000000
 C	-7.38652084 -22.72223782 3.40000000
 C	21.82856551 -9.71484334 3.40000000
 C	-9.63388762 -23.72282998 3.40000000
 C	24.07582741 -8.71429788 3.40000000
 C	-11.88109708 -24.72335209 3.40000000
 C	26.32319418 -7.71370572 3.40000000
 C	-14.12846385 -25.72394424 3.40000000
 C	28.57056095 -6.71311357 3.40000000
 C	-16.37583062 -26.72453640 3.40000000
 C	30.81777041 -5.71259146 3.40000000
 C	-18.62309252 -27.72508186 3.40000000
 C	33.06513718 -4.71199930 3.40000000
 C	-20.87040685 -28.72565066 3.40000000
 C	35.31245152 -3.71143050 3.40000000
 C	-23.11777362 -29.72624282 3.40000000
 C	37.55971341 -2.71088504 3.40000000
 C	-25.36498308 -30.72676493 3.40000000
 C	3.84999839 -17.71941714 3.40000000
 C	10.59194140 -14.71771072 3.40000000
 C	-27.61234986 -31.72735708 3.40000000
 C	1.60278893 -18.71993925 3.40000000
 C	12.83930817 -13.71711856 3.40000000
 C	-0.64457784 -19.72053140 3.40000000
 C	15.08667494 -12.71652641 3.40000000
 C	6.93220247 -15.56977000 3.40000000
 C	-4.30431676 -20.57259068 3.40000000
 C	18.16872171 -10.56694931 3.40000000
 C	-6.55168353 -21.57318284 3.40000000
 C	20.41608848 -9.56635716 3.40000000
 C	-8.79905031 -22.57377499 3.40000000
 C	22.66345525 -8.56576500 3.40000000
 C	-11.04641708 -23.57436714 3.40000000
 C	24.91066471 -7.56524289 3.40000000
 C	-13.29362654 -24.57488926 3.40000000
 C	27.15803149 -6.56465074 3.40000000
 C	4.68483570 -16.57036215 3.40000000
 C	-15.54099331 -25.57548141 3.40000000
 C	29.40524095 -5.56412862 3.40000000
 C	9.17956925 -14.56917784 3.40000000
 C	-17.78820277 -26.57600352 3.40000000
 C	31.65260772 -4.56353647 3.40000000
 C	-20.03556954 -27.57659568 3.40000000
 C	33.89997449 -3.56294432 3.40000000
 C	-22.28293631 -28.57718783 3.40000000
 C	36.14734126 -2.56235216 3.40000000
 C	-24.53030309 -29.57777998 3.40000000
 C	38.39455072 -1.56183005 3.40000000
 C	-26.77751255 -30.57830210 3.40000000
 C	2.43746893 -17.57095430 3.40000000
 C	11.42677871 -13.56865573 3.40000000
 C	0.19025947 -18.57147642 3.40000000
 C	13.67414548 -12.56806358 3.40000000
 C	-2.05710730 -19.57206857 3.40000000
 C	15.92135494 -11.56754146 3.40000000
 C	6.35450432 -14.27230927 3.40000000
 C	-4.88206735 -19.27515330 3.40000000
 C	17.59102356 -9.26948858 3.40000000
 C	-7.12938168 -20.27572211 3.40000000
 C	19.83839033 -8.26889643 3.40000000
 C	-9.37674846 -21.27631426 3.40000000
 C	22.08570467 -7.26832762 3.40000000
 C	-11.62395792 -22.27683638 3.40000000
 C	24.33296656 -6.26778216 3.40000000
 C	-13.87132469 -23.27742853 3.40000000
 C	26.58033334 -5.26719001 3.40000000
 C	-16.11869146 -24.27802068 3.40000000
 C	4.10713755 -15.27290142 3.40000000
 C	28.82770011 -4.26659786 3.40000000
 C	8.60181866 -13.27174046 3.40000000
 C	-18.36595336 -25.27856614 3.40000000
 C	31.07490957 -3.26607574 3.40000000
 C	-20.61326769 -26.27913495 3.40000000
 C	33.32227634 -2.26548359 3.40000000
 C	-22.86063446 -27.27972710 3.40000000
 C	35.56959068 -1.26491478 3.40000000
 C	-25.10784392 -28.28024922 3.40000000
 C	37.81685257 -0.26436932 3.40000000
 C	-27.35521070 -29.28084137 3.40000000
 C	1.85992809 -16.27342354 3.40000000
 C	10.84908056 -12.27119500 3.40000000
 C	-0.38743868 -17.27401569 3.40000000
 C	13.09644733 -11.27060285 3.40000000
 C	-2.63480545 -18.27460784 3.40000000
 C	15.34381410 -10.27001070 3.40000000
 C	-4.04717160 -18.12601789 3.40000000
 C	16.17850010 -9.12096867 3.40000000
 C	4.94198087 -14.12378936 3.40000000
 C	7.18934764 -13.12319720 3.40000000
 C	-6.29453837 -19.12661005 3.40000000
 C	18.42586687 -8.12037652 3.40000000
 C	-8.54190514 -20.12720220 3.40000000
 C	20.67323365 -7.11978436 3.40000000
 C	-10.78927192 -21.12779435 3.40000000
 C	22.92060042 -6.11919221 3.40000000
 C	-13.03648138 -22.12831647 3.40000000
 C	25.16780988 -5.11867010 3.40000000
 C	-15.28384815 -23.12890862 3.40000000
 C	27.41517665 -4.11807794 3.40000000
 C	-17.53105761 -24.12943073 3.40000000
 C	29.66238611 -3.11755583 3.40000000
 C	-19.77842438 -25.13002289 3.40000000
 C	31.90975288 -2.11696368 3.40000000
 C	-22.02579115 -26.13061504 3.40000000
 C	34.15711965 -1.11637152 3.40000000
 C	-24.27315792 -27.13120719 3.40000000
 C	36.40448643 -0.11577937 3.40000000
 C	-26.52036738 -28.13172931 3.40000000
 C	38.65169589 0.88474274 3.40000000
 C	2.69461409 -15.12438151 3.40000000
 C	9.43671441 -12.12260505 3.40000000
 C	0.44740463 -16.12490362 3.40000000
 C	11.68392387 -11.12208294 3.40000000
 C	-1.79996214 -17.12549578 3.40000000
 C	13.93129064 -10.12149078 3.40000000
 C	-4.62493419 -16.82869468 3.40000000
 C	15.60094726 -7.82355208 3.40000000
 C	4.36427072 -12.82644280 3.40000000
 C	6.61163749 -11.82585065 3.40000000
 C	-6.87224852 -17.82926349 3.40000000
 C	17.84815672 -6.82302996 3.40000000
 C	-9.11961529 -18.82985564 3.40000000
 C	20.09552350 -5.82243781 3.40000000
 C	-11.36682475 -19.83037776 3.40000000
 C	22.34283783 -4.82186900 3.40000000
 C	-13.61419152 -20.83096991 3.40000000
 C	24.59009973 -3.82132354 3.40000000
 C	-15.86155830 -21.83156206 3.40000000
 C	26.83746650 -2.82073139 3.40000000
 C	-18.10882019 -22.83210752 3.40000000
 C	29.08483327 -1.82013923 3.40000000
 C	-20.35613453 -23.83267633 3.40000000
 C	31.33204273 -0.81961712 3.40000000
 C	-22.60350130 -24.83326848 3.40000000
 C	33.57940950 0.18097503 3.40000000
 C	-24.85071076 -25.83379060 3.40000000
 C	35.82672384 1.18154384 3.40000000
 C	-27.09807753 -26.83438275 3.40000000
 C	38.07398574 2.18208930 3.40000000
 C	2.11706126 -13.82696492 3.40000000
 C	8.85895182 -10.82528184 3.40000000
 C	-0.13030552 -14.82755707 3.40000000
 C	11.10621372 -9.82473638 3.40000000
 C	-2.37767229 -15.82814922 3.40000000
 C	13.35358049 -8.82414423 3.40000000
 C	5.19910803 -11.67738782 3.40000000
 C	-6.03741121 -16.68020851 3.40000000
 C	16.43562726 -6.67456714 3.40000000
 C	-8.28477798 -17.68080066 3.40000000
 C	18.68299404 -5.67397498 3.40000000
 C	-10.53214475 -18.68139282 3.40000000
 C	20.93036081 -4.67338283 3.40000000
 C	-12.77935421 -19.68191493 3.40000000
 C	23.17772758 -3.67279068 3.40000000
 C	-15.02672098 -20.68250708 3.40000000
 C	25.42493704 -2.67226856 3.40000000
 C	-17.27393044 -21.68302920 3.40000000
 C	27.67230381 -1.67167641 3.40000000
 C	2.95174126 -12.67797998 3.40000000
 C	7.44647480 -10.67679567 3.40000000
 C	-19.52129722 -22.68362135 3.40000000
 C	29.91951327 -0.67115430 3.40000000
 C	-21.76866399 -23.68421350 3.40000000
 C	32.16688005 0.32943786 3.40000000
 C	-24.01603076 -24.68480566 3.40000000
 C	34.41424682 1.33003001 3.40000000
 C	-26.26324022 -25.68532777 3.40000000
 C	36.66161359 2.33062216 3.40000000
 C	38.90882305 3.33114428 3.40000000
 C	0.70453180 -13.67850209 3.40000000
 C	9.69384157 -9.67620352 3.40000000
 C	-1.54283498 -14.67909424 3.40000000
 C	11.94105103 -8.67568140 3.40000000
 C	-3.79004444 -15.67961636 3.40000000
 C	14.18841781 -7.67508925 3.40000000
 C	4.62141588 -10.37987001 3.40000000
 C	-6.61510336 -15.38269070 3.40000000
 C	15.85809243 -5.37697928 3.40000000
 C	-8.86247013 -16.38328285 3.40000000
 C	18.10530189 -4.37645717 3.40000000
 C	-11.10967959 -17.38380496 3.40000000
 C	20.35266866 -3.37586502 3.40000000
 C	-13.35704636 -18.38439712 3.40000000
 C	22.59998299 -2.37529621 3.40000000
 C	-15.60441313 -19.38498927 3.40000000
 C	24.84724489 -1.37475075 3.40000000
 C	2.37420642 -11.38039212 3.40000000
 C	-17.85167503 -20.38553473 3.40000000
 C	27.09461166 -0.37415860 3.40000000
 C	6.86878265 -9.37927786 3.40000000
 C	-20.09898937 -21.38610354 3.40000000
 C	29.34197844 0.62643356 3.40000000
 C	-22.34635614 -22.38669569 3.40000000
 C	31.58918790 1.62695567 3.40000000
 C	-24.59356560 -23.38721780 3.40000000
 C	33.83655467 2.62754782 3.40000000
 C	-26.84093237 -24.38780996 3.40000000
 C	36.08386900 3.62811663 3.40000000
 C	38.33113090 4.62866209 3.40000000
 C	0.12683965 -12.38098428 3.40000000
 C	9.11609699 -8.37870905 3.40000000
 C	-2.12052713 -13.38157643 3.40000000
 C	11.36335888 -7.37816359 3.40000000
 C	-4.36778902 -14.38212189 3.40000000
 C	13.61072566 -6.37757144 3.40000000
 C	-5.78026604 -14.23363572 3.40000000
 C	14.44556297 -5.22851646 3.40000000
 C	3.20888642 -10.23140719 3.40000000
 C	5.45625319 -9.23081503 3.40000000
 C	-8.02763282 -15.23422787 3.40000000
 C	16.69277243 -4.22799435 3.40000000
 C	-10.27499959 -16.23482003 3.40000000
 C	18.94013920 -3.22740219 3.40000000
 C	-12.52220905 -17.23534214 3.40000000
 C	21.18750597 -2.22681004 3.40000000
 C	-14.76957582 -18.23593429 3.40000000
 C	23.43487274 -1.22621789 3.40000000
 C	-17.01678528 -19.23645641 3.40000000
 C	25.68208220 -0.22569577 3.40000000
 C	-19.26415205 -20.23704856 3.40000000
 C	27.92944898 0.77489638 3.40000000
 C	-21.51151883 -21.23764071 3.40000000
 C	30.17665844 1.77541850 3.40000000
 C	-23.75888560 -22.23823287 3.40000000
 C	32.42402521 2.77601065 3.40000000
 C	-26.00609506 -23.23875498 3.40000000
 C	34.67139198 3.77660280 3.40000000
 C	36.91875875 4.77719496 3.40000000
 C	0.96167696 -11.23192930 3.40000000
 C	7.70361996 -8.23022288 3.40000000
 C	39.16596821 5.77771707 3.40000000
 C	-1.28568981 -12.23252145 3.40000000
 C	9.95098674 -7.22963073 3.40000000
 C	-3.53289927 -13.23304357 3.40000000
 C	12.19819620 -6.22910861 3.40000000
 C	-6.35795819 -12.93611791 3.40000000
 C	13.86787082 -3.93099865 3.40000000
 C	2.63135158 -8.93381933 3.40000000
 C	4.87856104 -7.93329722 3.40000000
 C	-8.60532497 -13.93671006 3.40000000
 C	16.11523759 -2.93040649 3.40000000
 C	-10.85253443 -14.93723217 3.40000000
 C	18.36244705 -1.92988438 3.40000000
 C	-13.09990120 -15.93782433 3.40000000
 C	20.60981382 -0.92929223 3.40000000
 C	-15.34726797 -16.93841648 3.40000000
 C	22.85712816 0.07127658 3.40000000
 C	-17.59452987 -17.93896194 3.40000000
 C	25.10439005 1.07182204 3.40000000
 C	-19.84184420 -18.93953075 3.40000000
 C	27.35175683 2.07241419 3.40000000
 C	-22.08921097 -19.94012290 3.40000000
 C	29.59912360 3.07300635 3.40000000
 C	-24.33642043 -20.94064501 3.40000000
 C	31.84633306 4.07352846 3.40000000
 C	-26.58378721 -21.94123717 3.40000000
 C	34.09369983 5.07412061 3.40000000
 C	36.34101417 6.07468942 3.40000000
 C	0.38398481 -9.93441149 3.40000000
 C	7.12592781 -6.93270507 3.40000000
 C	38.58827606 7.07523488 3.40000000
 C	-1.86338196 -10.93500364 3.40000000
 C	9.37324215 -5.93213626 3.40000000
 C	-4.11064386 -11.93554910 3.40000000
 C	11.62050405 -4.93159080 3.40000000
 C	3.46601358 -7.78500565 3.40000000
 C	-7.77050565 -12.78782634 3.40000000
 C	14.70269013 -2.78211492 3.40000000
 C	16.94989959 -1.78159281 3.40000000
 C	-10.01787243 -13.78841849 3.40000000
 C	-12.26508189 -14.78894060 3.40000000
 C	19.19726636 -0.78100066 3.40000000
 C	-14.51244866 -15.78953276 3.40000000
 C	21.44463314 0.21959150 3.40000000
 C	-16.75965812 -16.79005487 3.40000000
 C	23.69199991 1.22018365 3.40000000
 C	1.21880412 -8.78552776 3.40000000
 C	5.71338036 -6.78441350 3.40000000
 C	-19.00702489 -17.79064703 3.40000000
 C	25.93920937 2.22070576 3.40000000
 C	-21.25439166 -18.79123918 3.40000000
 C	28.18657614 3.22129792 3.40000000
 C	30.43378560 4.22182003 3.40000000
 C	-23.50175843 -19.79183133 3.40000000
 C	-25.74896789 -20.79235345 3.40000000
 C	32.68115237 5.22241218 3.40000000
 C	34.92851914 6.22300434 3.40000000
 C	37.17588592 7.22359649 3.40000000
 C	39.42309538 8.22411860 3.40000000
 C	-1.02856265 -9.78611992 3.40000000
 C	7.96074713 -5.78382134 3.40000000
 C	-3.27577211 -10.78664203 3.40000000
 C	10.20811390 -4.78322919 3.40000000
 C	-5.52313888 -11.78723418 3.40000000
 C	12.45532336 -3.78270708 3.40000000
 C	2.88847875 -6.48741780 3.40000000
 C	-8.34819780 -11.49030853 3.40000000
 C	14.12499798 -1.48459711 3.40000000
 C	-10.59540726 -12.49083064 3.40000000
 C	16.37236475 -0.48400496 3.40000000
 C	-12.84277404 -13.49142279 3.40000000
 C	18.61957421 0.51651716 3.40000000
 C	-15.09014081 -14.49201495 3.40000000
 C	20.86694099 1.51710931 3.40000000
 C	-17.33740270 -15.49256041 3.40000000
 C	23.11425532 2.51767812 3.40000000
 C	0.64111197 -7.48800995 3.40000000
 C	5.13568821 -5.48689568 3.40000000
 C	-19.58471704 -16.49312921 3.40000000
 C	25.36151722 3.51822358 3.40000000
 C	-21.83208381 -17.49372137 3.40000000
 C	27.60888399 4.51881573 3.40000000
 C	-24.07929327 -18.49424348 3.40000000
 C	29.85625076 5.51940788 3.40000000
 C	-26.32666004 -19.49483563 3.40000000
 C	32.10346022 6.51993000 3.40000000
 C	34.35082699 7.52052215 3.40000000
 C	36.59814133 8.52109096 3.40000000
 C	38.84540323 9.52163642 3.40000000
 C	-1.60625480 -8.48860211 3.40000000
 C	7.38305498 -4.48630353 3.40000000
 C	-3.85351670 -9.48914757 3.40000000
 C	9.63036931 -3.48573472 3.40000000
 C	-6.10083103 -10.48971637 3.40000000
 C	11.87763121 -2.48518926 3.40000000
 C	-7.51336049 -10.34125354 3.40000000
 C	12.71246852 -1.33613428 3.40000000
 C	1.47594928 -6.33895496 3.40000000
 C	3.72315874 -5.33843285 3.40000000
 C	-9.76072727 -11.34184569 3.40000000
 C	14.95983529 -0.33554212 3.40000000
 C	-12.00793673 -12.34236780 3.40000000
 C	17.20704475 0.66497999 3.40000000
 C	-14.25530350 -13.34295996 3.40000000
 C	19.45441152 1.66557214 3.40000000
 C	-16.50251296 -14.34348207 3.40000000
 C	21.70177829 2.66616430 3.40000000
 C	-18.74987973 -15.34407422 3.40000000
 C	23.94914507 3.66675645 3.40000000
 C	-20.99724650 -16.34466638 3.40000000
 C	26.19635453 4.66727856 3.40000000
 C	-23.24461327 -17.34525853 3.40000000
 C	28.44372130 5.66787072 3.40000000
 C	-25.49182273 -18.34578064 3.40000000
 C	30.69093076 6.66839283 3.40000000
 C	32.93829753 7.66898498 3.40000000
 C	35.18566430 8.66957714 3.40000000
 C	-0.77141749 -7.33954712 3.40000000
 C	5.97052551 -4.33784070 3.40000000
 C	37.43303108 9.67016929 3.40000000
 C	39.68024054 10.67069140 3.40000000
 C	-3.01862695 -8.34006923 3.40000000
 C	8.21789229 -3.33724854 3.40000000
 C	-5.26599372 -9.34066138 3.40000000
 C	10.46525906 -2.33665639 3.40000000
 C	-8.09105264 -9.04373573 3.40000000
 C	12.13477637 -0.03861647 3.40000000
 C	0.89825714 -5.04143716 3.40000000
 C	3.14562391 -4.04084501 3.40000000
 C	-10.33826210 -10.04425785 3.40000000
 C	14.38214314 0.96197568 3.40000000
 C	-12.58562887 -11.04485000 3.40000000
 C	16.62950992 1.96256783 3.40000000
 C	-14.83299564 -12.04544215 3.40000000
 C	18.87671938 2.96308995 3.40000000
 C	-17.08025754 -13.04598761 3.40000000
 C	21.12408615 3.96368210 3.40000000
 C	-19.32757188 -14.04655642 3.40000000
 C	23.37140048 4.96425091 3.40000000
 C	-21.57493865 -15.04714857 3.40000000
 C	25.61866238 5.96479637 3.40000000
 C	-23.82214811 -16.04767069 3.40000000
 C	27.86602915 6.96538852 3.40000000
 C	-26.06951488 -17.04826284 3.40000000
 C	30.11339593 7.96598067 3.40000000
 C	32.36060539 8.96650279 3.40000000
 C	34.60797216 9.96709494 3.40000000
 C	-1.34910964 -6.04202931 3.40000000
 C	5.39283337 -3.04032289 3.40000000
 C	36.85528649 10.96766375 3.40000000
 C	39.10254839 11.96820921 3.40000000
 C	-3.59637153 -7.04257477 3.40000000
 C	7.64020014 -2.03973074 3.40000000
 C	-5.84368587 -8.04314358 3.40000000
 C	9.88751448 -1.03916193 3.40000000
 C	1.73309445 -3.89238217 3.40000000
 C	-9.50358210 -8.89527290 3.40000000
 C	12.96961368 1.11043851 3.40000000
 C	-11.75079156 -9.89579501 3.40000000
 C	15.21698045 2.11103067 3.40000000
 C	-13.99815834 -10.89638717 3.40000000
 C	17.46418991 3.11155278 3.40000000
 C	-16.24536779 -11.89690928 3.40000000
 C	19.71155669 4.11214493 3.40000000
 C	-18.49273457 -12.89750143 3.40000000
 C	21.95892346 5.11273709 3.40000000
 C	-0.51427233 -4.89297433 3.40000000
 C	3.98030391 -2.89186006 3.40000000
 C	-20.74010134 -13.89809359 3.40000000
 C	24.20629023 6.11332924 3.40000000
 C	-22.98746811 -14.89868574 3.40000000
 C	26.45349969 7.11385135 3.40000000
 C	-25.23467757 -15.89920785 3.40000000
 C	28.70086646 8.11444351 3.40000000
 C	30.94807592 9.11496562 3.40000000
 C	33.19544269 10.11555777 3.40000000
 C	35.44280947 11.11614993 3.40000000
 C	37.69017624 12.11674208 3.40000000
 C	39.93738570 13.11726420 3.40000000
 C	-2.76148179 -5.89349644 3.40000000
 C	6.22767068 -1.89126791 3.40000000
 C	-5.00884856 -6.89408859 3.40000000
 C	8.47503745 -0.89067575 3.40000000
 C	-7.25621533 -7.89468075 3.40000000
 C	10.72240422 0.10991640 3.40000000
 C	1.15539630 -2.59492145 3.40000000
 C	-10.08112294 -7.59774213 3.40000000
 C	12.39191553 2.40789924 3.40000000
 C	-12.32848971 -8.59833429 3.40000000
 C	14.63928230 3.40849140 3.40000000
 C	-14.57585648 -9.59892644 3.40000000
 C	16.88664908 4.40908355 3.40000000
 C	-16.82311838 -10.59947190 3.40000000
 C	19.13385854 5.40960566 3.40000000
 C	-19.07043272 -11.60004071 3.40000000
 C	21.38122531 6.41019782 3.40000000
 C	-21.31779949 -12.60063286 3.40000000
 C	-1.09197048 -3.59551360 3.40000000
 C	23.62853964 7.41076662 3.40000000
 C	3.40276307 -1.59432929 3.40000000
 C	-23.56500895 -13.60115497 3.40000000
 C	25.87580154 8.41131208 3.40000000
 C	-25.81237572 -14.60174713 3.40000000
 C	28.12316831 9.41190424 3.40000000
 C	30.37053508 10.41249639 3.40000000
 C	32.61774454 11.41301850 3.40000000
 C	34.86511132 12.41361066 3.40000000
 C	37.11242565 13.41417946 3.40000000
 C	39.35968755 14.41472492 3.40000000
 C	-3.33923237 -4.59605906 3.40000000
 C	5.64997253 -0.59380718 3.40000000
 C	-5.58654671 -5.59662787 3.40000000
 C	7.89733930 0.40678497 3.40000000
 C	-7.83391348 -6.59722002 3.40000000
 C	10.14465363 1.40735378 3.40000000
 C	-9.24643694 -6.44870011 3.40000000
 C	10.97954939 2.55648919 3.40000000
 C	-0.25712716 -2.44640153 3.40000000
 C	1.99023961 -1.44580938 3.40000000
 C	-11.49364640 -7.44922222 3.40000000
 C	13.22675884 3.55701131 3.40000000
 C	-13.74101317 -8.44981437 3.40000000
 C	15.47412562 4.55760346 3.40000000
 C	-15.98822263 -9.45033649 3.40000000
 C	17.72133508 5.55812557 3.40000000
 C	-18.23558940 -10.45092864 3.40000000
 C	19.96870185 6.55871773 3.40000000
 C	-20.48295618 -11.45152079 3.40000000
 C	22.21606862 7.55930988 3.40000000
 C	-22.73032295 -12.45211295 3.40000000
 C	24.46343539 8.55990203 3.40000000
 C	-24.97753241 -13.45263506 3.40000000
 C	26.71064485 9.56042415 3.40000000
 C	28.95801163 10.56101630 3.40000000
 C	31.20522109 11.56153841 3.40000000
 C	33.45258786 12.56213057 3.40000000
 C	-2.50433662 -3.44692365 3.40000000
 C	4.23744907 -0.44528727 3.40000000
 C	35.69995463 13.56272272 3.40000000
 C	37.94732140 14.56331487 3.40000000
 C	40.19453086 15.56383699 3.40000000
 C	-4.75170340 -4.44751580 3.40000000
 C	6.48481584 0.55530489 3.40000000
 C	-6.99907017 -5.44810795 3.40000000
 C	8.73218261 1.55589704 3.40000000
 C	-9.82398978 -5.15128351 3.40000000
 C	10.40178680 3.85381240 3.40000000
 C	-0.83483731 -1.14905498 3.40000000
 C	1.41252946 -0.14846283 3.40000000
 C	-12.07135655 -6.15187567 3.40000000
 C	12.64904870 4.85435786 3.40000000
 C	-14.31872332 -7.15246782 3.40000000
 C	14.89641547 5.85495002 3.40000000
 C	-16.56598522 -8.15301328 3.40000000
 C	17.14378224 6.85554217 3.40000000
 C	-18.81329955 -9.15358209 3.40000000
 C	19.39099170 7.85606428 3.40000000
 C	-21.06066633 -10.15417424 3.40000000
 C	21.63835847 8.85665644 3.40000000
 C	-23.30787579 -11.15469635 3.40000000
 C	23.88567281 9.85722524 3.40000000
 C	-25.55524256 -12.15528851 3.40000000
 C	26.13293470 10.85777070 3.40000000
 C	28.38030148 11.85836286 3.40000000
 C	30.62766825 12.85895501 3.40000000
 C	32.87487771 13.85947712 3.40000000
 C	-3.08209921 -2.14960044 3.40000000
 C	3.65989623 0.85212933 3.40000000
 C	35.12224448 14.86006928 3.40000000
 C	37.36955881 15.86063808 3.40000000
 C	39.61682071 16.86118354 3.40000000
 C	-5.32941355 -3.15016925 3.40000000
 C	5.90710569 1.85265144 3.40000000
 C	-7.57678032 -4.15076140 3.40000000
 C	8.15447246 2.85324360 3.40000000
 C	0.00000000 0.00000000 3.40000000
 C	-11.23651924 -5.00282069 3.40000000
 C	11.23667655 5.00289073 3.40000000
 C	-13.48388601 -6.00341284 3.40000000
 C	13.48388601 6.00341284 3.40000000
 C	-15.73109547 -7.00393495 3.40000000
 C	15.73125278 7.00400499 3.40000000
 C	-17.97846224 -8.00452711 3.40000000
 C	17.97846224 8.00452711 3.40000000
 C	-20.22582901 -9.00511926 3.40000000
 C	20.22582901 9.00511926 3.40000000
 C	-2.24720946 -1.00052211 3.40000000
 C	-22.47319578 -10.00571141 3.40000000
 C	22.47319578 10.00571141 3.40000000
 C	2.24736677 1.00059215 3.40000000
 C	-24.72040524 -11.00623353 3.40000000
 C	24.72056256 11.00630357 3.40000000
 C	26.96777202 12.00682568 3.40000000
 C	29.21513879 13.00741783 3.40000000
 C	31.46234825 14.00793995 3.40000000
 C	33.70971502 15.00853210 3.40000000
 C	35.95708179 16.00912425 3.40000000
 C	38.20444857 17.00971641 3.40000000
 C	40.45165803 18.01023852 3.40000000
 C	-4.49457623 -2.00111427 3.40000000
 C	4.49457623 2.00111427 3.40000000
 C	-6.74194300 -3.00170642 3.40000000
 C	6.74194300 3.00170642 3.40000000
 C	-8.98930978 -4.00229857 3.40000000
 C	8.98930978 4.00229857 3.40000000
 C	-0.57769215 1.29751781 3.40000000
 C	-11.81421139 -3.70530287 3.40000000
 C	10.65893196 6.30038519 3.40000000
 C	-14.06157816 -4.70589503 3.40000000
 C	12.90619386 7.30093065 3.40000000
 C	-16.30884006 -5.70644049 3.40000000
 C	15.15356063 8.30152281 3.40000000
 C	-18.55615439 -6.70700929 3.40000000
 C	17.40092740 9.30211496 3.40000000
 C	-20.80352116 -7.70760145 3.40000000
 C	19.64813686 10.30263707 3.40000000
 C	-2.82495405 0.29697235 3.40000000
 C	-23.05073062 -8.70812356 3.40000000
 C	21.89550363 11.30322923 3.40000000
 C	1.66967462 2.29810997 3.40000000
 C	-25.29809739 -9.70871571 3.40000000
 C	24.14281797 12.30379803 3.40000000
 C	26.39007987 13.30434349 3.40000000
 C	28.63744664 14.30493565 3.40000000
 C	30.88481341 15.30552780 3.40000000
 C	33.13202287 16.30604991 3.40000000
 C	35.37938964 17.30664207 3.40000000
 C	37.62670398 18.30721087 3.40000000
 C	39.87396588 19.30775633 3.40000000
 C	-5.07226838 -0.70359645 3.40000000
 C	3.91704139 3.29870212 3.40000000
 C	-7.31963515 -1.70418861 3.40000000
 C	6.16425085 4.29922423 3.40000000
 C	-9.56684461 -2.70471072 3.40000000
 C	8.41161763 5.29981639 3.40000000
 C	-10.97937407 -2.55624790 3.40000000
 C	9.24645494 6.44887137 3.40000000
 C	-1.99006430 1.44605068 3.40000000
 C	0.25714516 2.44657279 3.40000000
 C	-13.22674085 -3.55684005 3.40000000
 C	11.49382171 7.44946352 3.40000000
 C	-15.47395030 -4.55736216 3.40000000
 C	13.74103117 8.44998563 3.40000000
 C	-17.72131708 -5.55795432 3.40000000
 C	15.98839794 9.45057779 3.40000000
 C	-19.96868385 -6.55854647 3.40000000
 C	18.23560740 10.45109990 3.40000000
 C	-22.21605062 -7.55913862 3.40000000
 C	20.48297418 11.45169205 3.40000000
 C	-24.46326008 -8.55966074 3.40000000
 C	22.73034095 12.45228421 3.40000000
 C	24.97770772 13.45287636 3.40000000
 C	27.22491718 14.45339847 3.40000000
 C	29.47228395 15.45399063 3.40000000
 C	31.71949341 16.45451274 3.40000000
 C	-4.23743107 0.44545852 3.40000000
 C	2.50451194 3.44716494 3.40000000
 C	33.96686018 17.45510489 3.40000000
 C	36.21422696 18.45569705 3.40000000
 C	38.46159373 19.45628920 3.40000000
 C	40.70880319 20.45681131 3.40000000
 C	-6.48479784 -0.55513363 3.40000000
 C	4.75172140 4.44768706 3.40000000
 C	-8.73216461 -1.55572578 3.40000000
 C	6.99908817 5.44827921 3.40000000
 C	-11.55706622 -1.25873008 3.40000000
 C	8.66876279 7.74638918 3.40000000
 C	-2.56780888 2.74354514 3.40000000
 C	-0.32054699 3.74409060 3.40000000
 C	-13.80443300 -2.25932224 3.40000000
 C	10.91607712 8.74695798 3.40000000
 C	-16.05169489 -3.25986770 3.40000000
 C	13.16333902 9.74750344 3.40000000
 C	-18.29900923 -4.26043650 3.40000000
 C	15.41070579 10.74809560 3.40000000
 C	-20.54637600 -5.26102866 3.40000000
 C	17.65807257 11.74868775 3.40000000
 C	-22.79358546 -6.26155077 3.40000000
 C	19.90528203 12.74920986 3.40000000
 C	-25.04095223 -7.26214292 3.40000000
 C	22.15264880 13.74980202 3.40000000
 C	24.39996313 14.75037083 3.40000000
 C	26.64722503 15.75091629 3.40000000
 C	28.89459180 16.75150844 3.40000000
 C	31.14195857 17.75210059 3.40000000
 C	-4.81512322 1.74297634 3.40000000
 C	1.92681979 4.74468276 3.40000000
 C	33.38916803 18.75262271 3.40000000
 C	35.63653481 19.75321486 3.40000000
 C	37.88384914 20.75378367 3.40000000
 C	40.13111104 21.75432913 3.40000000
 C	-7.06248999 0.74238418 3.40000000
 C	4.17418656 5.74527491 3.40000000
 C	-9.30969945 -0.25813793 3.40000000
 C	6.42139602 6.74579702 3.40000000
 C	-1.73293713 3.89245221 3.40000000
 C	-12.96961368 -1.11043851 3.40000000
 C	9.50358210 8.89527290 3.40000000
 C	-15.21682314 -2.11096063 3.40000000
 C	11.75094888 9.89586505 3.40000000
 C	-17.46418991 -3.11155278 3.40000000
 C	13.99815834 10.89638717 3.40000000
 C	-19.71155669 -4.11214493 3.40000000
 C	16.24552511 11.89697932 3.40000000
 C	18.49273457 12.89750143 3.40000000
 C	-21.95892346 -5.11273709 3.40000000
 C	-3.98030391 2.89186006 3.40000000
 C	0.51427233 4.89297433 3.40000000
 C	-24.20613292 -6.11325920 3.40000000
 C	20.74010134 13.89809359 3.40000000
 C	22.98746811 14.89868574 3.40000000
 C	25.23483488 15.89927789 3.40000000
 C	27.48204434 16.89980001 3.40000000
 C	29.72941112 17.90039216 3.40000000
 C	31.97662058 18.90091427 3.40000000
 C	34.22398735 19.90150643 3.40000000
 C	36.47135412 20.90209858 3.40000000
 C	38.71872089 21.90269073 3.40000000
 C	40.96593035 22.90321285 3.40000000
 C	-6.22767068 1.89126791 3.40000000
 C	2.76163910 5.89356648 3.40000000
 C	5.00884856 6.89408859 3.40000000
 C	-8.47503745 0.89067575 3.40000000
 C	-10.72224691 -0.10984636 3.40000000
 C	7.25621533 7.89468075 3.40000000
 C	-2.31068172 5.18994668 3.40000000
 C	-13.54730583 0.18707930 3.40000000
 C	8.92588995 10.19279071 3.40000000
 C	-15.79456773 -0.81346616 3.40000000
 C	11.17320429 11.19335952 3.40000000
 C	-18.04188206 -1.81403497 3.40000000
 C	13.42046619 12.19390498 3.40000000
 C	-20.28924884 -2.81462712 3.40000000
 C	15.66783296 13.19449713 3.40000000
 C	-22.53645830 -3.81514924 3.40000000
 C	17.91519973 14.19508929 3.40000000
 C	-4.55799606 4.18937787 3.40000000
 C	-0.06341982 6.19049214 3.40000000
 C	-24.78382507 -4.81574139 3.40000000
 C	20.16240919 15.19561140 3.40000000
 C	22.40977596 16.19620355 3.40000000
 C	24.65709030 17.19677236 3.40000000
 C	26.90435219 18.19731782 3.40000000
 C	29.15171897 19.19790997 3.40000000
 C	31.39908574 20.19850213 3.40000000
 C	33.64629520 21.19902424 3.40000000
 C	35.89366197 22.19961639 3.40000000
 C	38.14097630 23.20018520 3.40000000
 C	40.38823820 24.20073066 3.40000000
 C	-6.80536283 3.18878572 3.40000000
 C	2.18394695 7.19108429 3.40000000
 C	-9.05257229 2.18826361 3.40000000
 C	4.43131372 8.19167645 3.40000000
 C	-11.29993906 1.18767145 3.40000000
 C	6.67852318 9.19219856 3.40000000
 C	-12.71246852 1.33613429 3.40000000
 C	7.51336049 10.34125355 3.40000000
 C	-3.72315875 5.33843286 3.40000000
 C	-1.47579197 6.33902501 3.40000000
 C	-14.95967798 0.33561217 3.40000000
 C	9.76072726 11.34184570 3.40000000
 C	-17.20704475 -0.66497998 3.40000000
 C	12.00809403 12.34243785 3.40000000
 C	-19.45441153 -1.66557213 3.40000000
 C	14.25530349 13.34295997 3.40000000
 C	-21.70177830 -2.66616429 3.40000000
 C	16.50267027 14.34355212 3.40000000
 C	-23.94898776 -3.66668640 3.40000000
 C	18.74987973 15.34407423 3.40000000
 C	20.99724650 16.34466639 3.40000000
 C	23.24461327 17.34525854 3.40000000
 C	25.49198004 18.34585069 3.40000000
 C	27.73918950 19.34637281 3.40000000
 C	29.98655627 20.34696496 3.40000000
 C	-5.97052552 4.33784071 3.40000000
 C	0.77141749 7.33954713 3.40000000
 C	32.23376573 21.34748707 3.40000000
 C	34.48113251 22.34807923 3.40000000
 C	36.72849928 23.34867138 3.40000000
 C	38.97586605 24.34926353 3.40000000
 C	41.22307551 25.34978565 3.40000000
 C	-8.21789229 3.33724855 3.40000000
 C	3.01878426 8.34013928 3.40000000
 C	-10.46510175 2.33672644 3.40000000
 C	5.26599372 9.34066139 3.40000000
 C	-13.29016067 2.63365209 3.40000000
 C	6.93566834 11.63877135 3.40000000
 C	-4.30085089 6.63595066 3.40000000
 C	-2.05353656 7.63651947 3.40000000
 C	-15.53742257 1.63310663 3.40000000
 C	9.18303512 12.63936350 3.40000000
 C	-17.78473690 0.63253782 3.40000000
 C	11.43034945 13.63993231 3.40000000
 C	-20.03210367 -0.36805433 3.40000000
 C	13.67761135 14.64047777 3.40000000
 C	-22.27931313 -1.36857644 3.40000000
 C	15.92497812 15.64106992 3.40000000
 C	-24.52667990 -2.36916860 3.40000000
 C	18.17234489 16.64166208 3.40000000
 C	20.41955435 17.64218419 3.40000000
 C	22.66692112 18.64277634 3.40000000
 C	24.91423546 19.64334515 3.40000000
 C	27.16149736 20.64389061 3.40000000
 C	29.40886413 21.64448276 3.40000000
 C	-6.54821766 5.63535851 3.40000000
 C	0.19372534 8.63706493 3.40000000
 C	31.65623090 22.64507492 3.40000000
 C	33.90344036 23.64559703 3.40000000
 C	36.15080713 24.64618918 3.40000000
 C	38.39812147 25.64675799 3.40000000
 C	40.64538336 26.64730345 3.40000000
 C	-8.79542712 4.63483640 3.40000000
 C	2.44109211 9.63765708 3.40000000
 C	-11.04279390 3.63424424 3.40000000
 C	4.68845888 10.63824924 3.40000000
 C	-3.46601358 7.78500565 3.40000000
 C	-14.70253282 2.78218496 3.40000000
 C	7.77050565 12.78782634 3.40000000
 C	-16.94989959 1.78159281 3.40000000
 C	10.01787243 13.78841849 3.40000000
 C	-19.19726636 0.78100066 3.40000000
 C	12.26523920 14.78901064 3.40000000
 C	-21.44463314 -0.21959150 3.40000000
 C	14.51244866 15.78953276 3.40000000
 C	-23.69184260 -1.22011361 3.40000000
 C	16.75981543 16.79012491 3.40000000
 C	-5.71338036 6.78441350 3.40000000
 C	19.00702489 17.79064703 3.40000000
 C	-1.21864681 8.78559780 3.40000000
 C	21.25439166 18.79123918 3.40000000
 C	23.50175843 19.79183133 3.40000000
 C	25.74912521 20.79242349 3.40000000
 C	27.99633467 21.79294560 3.40000000
 C	30.24370144 22.79353775 3.40000000
 C	32.49091090 23.79405987 3.40000000
 C	34.73827767 24.79465202 3.40000000
 C	36.98564444 25.79524417 3.40000000
 C	39.23301121 26.79583633 3.40000000
 C	41.48022067 27.79635844 3.40000000
 C	-7.96074713 5.78382134 3.40000000
 C	1.02856265 9.78611992 3.40000000
 C	-10.20795659 4.78329923 3.40000000
 C	3.27592942 10.78671207 3.40000000
 C	-12.45532336 3.78270708 3.40000000
 C	5.52313888 11.78723418 3.40000000
 C	-4.04371173 9.08246638 3.40000000
 C	-15.28028341 4.07962234 3.40000000
 C	7.19280750 14.08528707 3.40000000
 C	-17.52759774 3.07905354 3.40000000
 C	9.44017428 15.08587922 3.40000000
 C	-19.77496451 2.07846138 3.40000000
 C	11.68748861 16.08644803 3.40000000
 C	-22.02217397 1.07793927 3.40000000
 C	13.93475051 17.08699349 3.40000000
 C	-24.26954075 0.07734712 3.40000000
 C	16.18211728 18.08758564 3.40000000
 C	-6.29107851 8.08187423 3.40000000
 C	18.42948405 19.08817779 3.40000000
 C	-1.79639740 10.08303519 3.40000000
 C	20.67669351 20.08869991 3.40000000
 C	22.92406028 21.08929206 3.40000000
 C	25.17137462 22.08986087 3.40000000
 C	27.41863652 23.09040633 3.40000000
 C	29.66600329 24.09099848 3.40000000
 C	31.91337006 25.09159063 3.40000000
 C	34.16057952 26.09211275 3.40000000
 C	36.40794629 27.09270490 3.40000000
 C	38.65526063 28.09327371 3.40000000
 C	-8.53828796 7.08135211 3.40000000
 C	40.90252252 29.09381917 3.40000000
 C	0.45086450 11.08358065 3.40000000
 C	-10.78565474 6.08075996 3.40000000
 C	2.69823127 12.08417280 3.40000000
 C	-13.03302151 5.08016780 3.40000000
 C	4.94559804 13.08476495 3.40000000
 C	-14.44538766 5.22875776 3.40000000
 C	5.78028404 14.23380698 3.40000000
 C	-5.45623519 9.23098629 3.40000000
 C	-3.20886842 10.23157844 3.40000000
 C	-16.69275443 4.22816560 3.40000000
 C	8.02765082 15.23439913 3.40000000
 C	-18.94012120 3.22757345 3.40000000
 C	10.27501759 16.23499128 3.40000000
 C	-21.18748797 2.22698130 3.40000000
 C	12.52238436 17.23558344 3.40000000
 C	-23.43469743 1.22645918 3.40000000
 C	14.76959382 18.23610555 3.40000000
 C	17.01696059 19.23669770 3.40000000
 C	19.26417005 20.23721982 3.40000000
 C	21.51153682 21.23781197 3.40000000
 C	23.75890360 22.23840412 3.40000000
 C	26.00627037 23.23899628 3.40000000
 C	28.25347983 24.23951839 3.40000000
 C	-7.70360196 8.23039414 3.40000000
 C	-0.96150165 11.23217060 3.40000000
 C	30.50084660 25.24011054 3.40000000
 C	32.74805606 26.24063266 3.40000000
 C	34.99542283 27.24122481 3.40000000
 C	37.24278961 28.24181696 3.40000000
 C	39.49015638 29.24240912 3.40000000
 C	41.73736584 30.24293123 3.40000000
 C	-9.95081142 7.22987202 3.40000000
 C	1.28570781 12.23269271 3.40000000
 C	-12.19817820 6.22927987 3.40000000
 C	3.53307458 13.23328486 3.40000000
 C	-15.02315024 6.52608096 3.40000000
 C	5.20273121 15.53122357 3.40000000
 C	-6.03394534 10.52833285 3.40000000
 C	-3.78657857 11.52892500 3.40000000
 C	-17.27046458 5.52551216 3.40000000
 C	7.44994067 16.53174569 3.40000000
 C	-19.51783135 4.52492000 3.40000000
 C	9.69730744 17.53233784 3.40000000
 C	-21.76504081 3.52439789 3.40000000
 C	11.94462177 18.53290665 3.40000000
 C	-24.01240758 2.52380574 3.40000000
 C	14.19188367 19.53345211 3.40000000
 C	16.43925044 20.53404426 3.40000000
 C	18.68661722 21.53463641 3.40000000
 C	20.93382668 22.53515853 3.40000000
 C	23.18119345 23.53575068 3.40000000
 C	25.42850778 24.53631949 3.40000000
 C	27.67576968 25.53686495 3.40000000
 C	-8.28115480 9.52781073 3.40000000
 C	-1.53926423 12.52949381 3.40000000
 C	29.92313645 26.53745710 3.40000000
 C	32.17050322 27.53804925 3.40000000
 C	34.41771268 28.53857137 3.40000000
 C	36.66507946 29.53916352 3.40000000
 C	38.91239379 30.53973233 3.40000000
 C	41.15965569 31.54027779 3.40000000
 C	-10.52852157 8.52721858 3.40000000
 C	0.70799766 13.53003927 3.40000000
 C	-12.77588835 7.52662642 3.40000000
 C	2.95536443 14.53063142 3.40000000
 C	-5.19910803 11.67738782 3.40000000
 C	-16.43562726 6.67456714 3.40000000
 C	6.03741121 16.68020851 3.40000000
 C	-18.68299404 5.67397498 3.40000000
 C	8.28477798 17.68080066 3.40000000
 C	-20.93036081 4.67338283 3.40000000
 C	10.53214475 18.68139282 3.40000000
 C	-23.17757027 3.67286072 3.40000000
 C	12.77951152 19.68198497 3.40000000
 C	15.02672098 20.68250708 3.40000000
 C	17.27408776 21.68309924 3.40000000
 C	-7.44647480 10.67679567 3.40000000
 C	-2.95174126 12.67797998 3.40000000
 C	19.52129722 22.68362135 3.40000000
 C	21.76866399 23.68421350 3.40000000
 C	24.01603076 24.68480566 3.40000000
 C	26.26339753 25.68539781 3.40000000
 C	28.51060699 26.68591992 3.40000000
 C	30.75797376 27.68651208 3.40000000
 C	33.00518322 28.68703419 3.40000000
 C	35.25255000 29.68762634 3.40000000
 C	37.49991677 30.68821850 3.40000000
 C	-9.69368426 9.67627356 3.40000000
 C	39.74728354 31.68881065 3.40000000
 C	-0.70437448 13.67857213 3.40000000
 C	41.99449300 32.68933276 3.40000000
 C	-11.94105103 8.67568140 3.40000000
 C	1.54283498 14.67909424 3.40000000
 C	-14.18826049 7.67515929 3.40000000
 C	3.79020175 15.67968640 3.40000000
 C	-5.77680018 12.97490564 3.40000000
 C	-17.01331941 7.97208495 3.40000000
 C	5.45987637 17.97779636 3.40000000
 C	-19.26068619 6.97149280 3.40000000
 C	7.70708583 18.97831848 3.40000000
 C	-21.50789565 5.97097068 3.40000000
 C	9.95445260 19.97891063 3.40000000
 C	-23.75526242 4.97037853 3.40000000
 C	12.20176694 20.97947944 3.40000000
 C	14.44902883 21.98002490 3.40000000
 C	-8.02400964 11.97438352 3.40000000
 C	16.69639561 22.98061705 3.40000000
 C	-3.52943341 13.97549779 3.40000000
 C	18.94376238 23.98120920 3.40000000
 C	21.19097184 24.98173132 3.40000000
 C	23.43833861 25.98232347 3.40000000
 C	25.68565295 26.98289228 3.40000000
 C	27.93291484 27.98343774 3.40000000
 C	30.18028161 28.98402989 3.40000000
 C	32.42764839 29.98462204 3.40000000
 C	34.67485785 30.98514416 3.40000000
 C	36.92222462 31.98573631 3.40000000
 C	-10.27137641 10.97379137 3.40000000
 C	39.16953895 32.98630512 3.40000000
 C	-1.28211907 14.97606660 3.40000000
 C	41.41680085 33.98685058 3.40000000
 C	-12.51874318 9.97319922 3.40000000
 C	0.96514283 15.97661206 3.40000000
 C	-14.76600508 8.97265376 3.40000000
 C	3.21250960 16.97720421 3.40000000
 C	-16.17848210 9.12113993 3.40000000
 C	4.04734691 18.12625919 3.40000000
 C	-7.18932964 13.12336846 3.40000000
 C	-4.94196287 14.12396062 3.40000000
 C	-18.42584887 8.12054777 3.40000000
 C	6.29455637 19.12678130 3.40000000
 C	-20.67321565 7.11995562 3.40000000
 C	8.54192314 20.12737346 3.40000000
 C	-22.92042511 6.11943351 3.40000000
 C	10.78928992 21.12796561 3.40000000
 C	13.03665669 22.12855776 3.40000000
 C	15.28386615 23.12907988 3.40000000
 C	17.53123292 24.12967203 3.40000000
 C	19.77844238 25.13019414 3.40000000
 C	22.02580915 26.13078630 3.40000000
 C	24.27317592 27.13137845 3.40000000
 C	26.52054270 28.13197060 3.40000000
 C	-9.43653910 12.12284635 3.40000000
 C	-2.69459609 15.12455277 3.40000000
 C	28.76775216 29.13249272 3.40000000
 C	31.01511893 30.13308487 3.40000000
 C	33.26232839 31.13360698 3.40000000
 C	35.50969516 32.13419914 3.40000000
 C	37.75706193 33.13479129 3.40000000
 C	40.00442870 34.13538344 3.40000000
 C	42.25163816 35.13590556 3.40000000
 C	-11.68390587 11.12225419 3.40000000
 C	-0.44722932 16.12514492 3.40000000
 C	-13.93111533 10.12173208 3.40000000
 C	1.79998014 17.12566704 3.40000000
 C	-16.75617425 10.41865774 3.40000000
 C	3.46965476 19.42377700 3.40000000
 C	-7.76686448 14.42095631 3.40000000
 C	-5.51965502 15.42147843 3.40000000
 C	-19.00354102 9.41806559 3.40000000
 C	5.71702153 20.42436916 3.40000000
 C	-21.25075048 8.41754347 3.40000000
 C	7.96423099 21.42489127 3.40000000
 C	-23.49811726 7.41695132 3.40000000
 C	10.21159777 22.42548342 3.40000000
 C	12.45891210 23.42605223 3.40000000
 C	14.70617400 24.42659769 3.40000000
 C	16.95354077 25.42718984 3.40000000
 C	19.20090754 26.42778200 3.40000000
 C	21.44811700 27.42830411 3.40000000
 C	23.69548377 28.42889626 3.40000000
 C	25.94279811 29.42946507 3.40000000
 C	-10.01423125 13.42036416 3.40000000
 C	-3.27228824 16.42207058 3.40000000
 C	28.19006001 30.43001053 3.40000000
 C	30.43742678 31.43060268 3.40000000
 C	32.68479355 32.43119484 3.40000000
 C	34.93200301 33.43171695 3.40000000
 C	37.17936978 34.43230910 3.40000000
 C	39.42668412 35.43287791 3.40000000
 C	41.67394601 36.43342337 3.40000000
 C	-12.26159802 12.41977201 3.40000000
 C	-1.02497391 17.42263939 3.40000000
 C	-14.50885992 11.41922655 3.40000000
 C	1.22228799 18.42318485 3.40000000
 C	-6.93220247 15.56977000 3.40000000
 C	-18.16872171 10.56694931 3.40000000
 C	4.30447407 20.57266072 3.40000000
 C	6.55168353 21.57318284 3.40000000
 C	-20.41608848 9.56635716 3.40000000
 C	-22.66329794 8.56583504 3.40000000
 C	8.79905031 22.57377499 3.40000000
 C	11.04641708 23.57436714 3.40000000
 C	13.29378385 24.57495930 3.40000000
 C	-9.17941193 14.56924788 3.40000000
 C	-4.68483570 16.57036215 3.40000000
 C	15.54099331 25.57548141 3.40000000
 C	17.78836008 26.57607356 3.40000000
 C	20.03556954 27.57659568 3.40000000
 C	22.28293631 28.57718783 3.40000000
 C	24.53030309 29.57777998 3.40000000
 C	26.77766986 30.57837214 3.40000000
 C	29.02487932 31.57889425 3.40000000
 C	31.27224609 32.57948640 3.40000000
 C	33.51945555 33.58000852 3.40000000
 C	35.76682232 34.58060067 3.40000000
 C	38.01418910 35.58119282 3.40000000
 C	-11.42677871 13.56865573 3.40000000
 C	-2.43746893 17.57095430 3.40000000
 C	40.26155587 36.58178498 3.40000000
 C	42.50876533 37.58230709 3.40000000
 C	-13.67398817 12.56813362 3.40000000
 C	-0.19010216 18.57154646 3.40000000
 C	-15.92135494 11.56754146 3.40000000
 C	2.05710730 19.57206857 3.40000000
 C	-7.50973731 16.86735785 3.40000000
 C	-18.74641386 11.86446712 3.40000000
 C	3.72678192 21.87017854 3.40000000
 C	-20.99362332 10.86394501 3.40000000
 C	5.97414870 22.87077069 3.40000000
 C	-23.24099009 9.86335286 3.40000000
 C	8.22135816 23.87129280 3.40000000
 C	10.46872493 24.87188496 3.40000000
 C	12.71603926 25.87245376 3.40000000
 C	-9.75710408 15.86676570 3.40000000
 C	-5.26252785 17.86787996 3.40000000
 C	14.96330116 26.87299922 3.40000000
 C	17.21066793 27.87359138 3.40000000
 C	19.45803471 28.87418353 3.40000000
 C	21.70524416 29.87470564 3.40000000
 C	23.95261094 30.87529780 3.40000000
 C	26.19992527 31.87586660 3.40000000
 C	28.44718717 32.87641206 3.40000000
 C	30.69455394 33.87700422 3.40000000
 C	32.94192071 34.87759637 3.40000000
 C	35.18913017 35.87811848 3.40000000
 C	37.43649695 36.87871064 3.40000000
 C	-12.00447086 14.86617354 3.40000000
 C	-3.01516108 18.86847212 3.40000000
 C	39.68381128 37.87927944 3.40000000
 C	41.93107318 38.87982490 3.40000000
 C	-14.25173275 13.86562808 3.40000000
 C	-0.76784674 19.86904092 3.40000000
 C	-16.49904709 12.86505928 3.40000000
 C	1.47941515 20.86958638 3.40000000
 C	-17.91157655 13.01352211 3.40000000
 C	2.31425246 22.01864137 3.40000000
 C	-8.92226677 17.01582068 3.40000000
 C	-6.67505732 18.01634280 3.40000000
 C	-20.15894332 12.01292996 3.40000000
 C	4.56161923 23.01923352 3.40000000
 C	-22.40615278 11.01240784 3.40000000
 C	6.80882869 24.01975564 3.40000000
 C	9.05619547 25.02034779 3.40000000
 C	11.30356224 26.02093994 3.40000000
 C	13.55092901 27.02153210 3.40000000
 C	15.79813847 28.02205421 3.40000000
 C	18.04550524 29.02264636 3.40000000
 C	20.29271470 30.02316848 3.40000000
 C	22.54008147 31.02376063 3.40000000
 C	24.78744825 32.02435278 3.40000000
 C	-11.16963355 16.01522853 3.40000000
 C	-4.42769054 19.01693495 3.40000000
 C	27.03481502 33.02494494 3.40000000
 C	29.28202448 34.02546705 3.40000000
 C	31.52939125 35.02605920 3.40000000
 C	33.77660071 36.02658132 3.40000000
 C	36.02396748 37.02717347 3.40000000
 C	38.27133425 38.02776562 3.40000000
 C	40.51870103 39.02835778 3.40000000
 C	42.76591049 40.02887989 3.40000000
 C	-13.41684301 15.01470642 3.40000000
 C	-2.18032377 20.01752710 3.40000000
 C	-15.66420978 14.01411426 3.40000000
 C	0.06704300 21.01811926 3.40000000
 C	-18.48926870 14.31103991 3.40000000
 C	1.73656032 23.31615917 3.40000000
 C	-9.49995892 18.31333849 3.40000000
 C	-7.25259215 19.31393064 3.40000000
 C	-20.73647816 13.31051780 3.40000000
 C	3.98392709 24.31675133 3.40000000
 C	-22.98384493 12.30992565 3.40000000
 C	6.23129386 25.31734348 3.40000000
 C	8.47850332 26.31786559 3.40000000
 C	10.72587009 27.31845775 3.40000000
 C	12.97318443 28.31902655 3.40000000
 C	15.22044632 29.31957201 3.40000000
 C	17.46781310 30.32016417 3.40000000
 C	19.71517987 31.32075632 3.40000000
 C	21.96238933 32.32127843 3.40000000
 C	24.20975610 33.32187059 3.40000000
 C	-11.74732569 17.31274633 3.40000000
 C	-5.00538269 20.31445275 3.40000000
 C	26.45707043 34.32243939 3.40000000
 C	28.70433233 35.32298485 3.40000000
 C	30.95169910 36.32357701 3.40000000
 C	33.19906588 37.32416916 3.40000000
 C	35.44627534 38.32469128 3.40000000
 C	37.69364211 39.32528343 3.40000000
 C	39.94095644 40.32585224 3.40000000
 C	42.18821834 41.32639770 3.40000000
 C	-13.99458759 16.31220087 3.40000000
 C	-2.75801592 21.31504491 3.40000000
 C	-16.24190192 15.31163207 3.40000000
 C	-0.51070158 22.31561371 3.40000000
 C	-8.66512161 19.46239347 3.40000000
 C	-19.90179816 14.45950275 3.40000000
 C	2.57139762 24.46521416 3.40000000
 C	-22.14900762 13.45898063 3.40000000
 C	4.81876440 25.46580632 3.40000000
 C	7.06597386 26.46632843 3.40000000
 C	9.31334063 27.46692058 3.40000000
 C	11.56070740 28.46751274 3.40000000
 C	-10.91248838 18.46180132 3.40000000
 C	-6.41791215 20.46291559 3.40000000
 C	13.80807417 29.46810489 3.40000000
 C	16.05528363 30.46862700 3.40000000
 C	18.30265041 31.46921916 3.40000000
 C	20.54985986 32.46974127 3.40000000
 C	22.79722664 33.47033342 3.40000000
 C	25.04459341 34.47092558 3.40000000
 C	27.29196018 35.47151773 3.40000000
 C	29.53916964 36.47203984 3.40000000
 C	31.78653641 37.47263200 3.40000000
 C	34.03374587 38.47315411 3.40000000
 C	-13.15969784 17.46127921 3.40000000
 C	36.28111265 39.47374626 3.40000000
 C	-4.17054538 21.46350774 3.40000000
 C	38.52847942 40.47433842 3.40000000
 C	40.77584619 41.47493057 3.40000000
 C	43.02305565 42.47545268 3.40000000
 C	-15.40706462 16.46068705 3.40000000
 C	-1.92317861 22.46409990 3.40000000
 C	-17.65443139 15.46009490 3.40000000
 C	0.32418816 23.46469205 3.40000000
 C	-9.24281976 20.75985420 3.40000000
 C	-20.47933900 15.75703352 3.40000000
 C	1.99369947 25.76267489 3.40000000
 C	-22.72670577 14.75644136 3.40000000
 C	4.24106625 26.76326704 3.40000000
 C	6.48843302 27.76385920 3.40000000
 C	8.73564248 28.76438131 3.40000000
 C	10.98300925 29.76497346 3.40000000
 C	-11.49018653 19.75926205 3.40000000
 C	13.23032359 30.76554227 3.40000000
 C	-6.99545299 21.76044636 3.40000000
 C	15.47758548 31.76608773 3.40000000
 C	17.72495226 32.76667988 3.40000000
 C	19.97231903 33.76727204 3.40000000
 C	22.21952849 34.76779415 3.40000000
 C	24.46689526 35.76838630 3.40000000
 C	26.71420959 36.76895511 3.40000000
 C	28.96147149 37.76950057 3.40000000
 C	31.20883826 38.77009272 3.40000000
 C	33.45620504 39.77068488 3.40000000
 C	-13.73744843 18.75871659 3.40000000
 C	35.70341450 40.77120699 3.40000000
 C	-4.74824353 22.76096847 3.40000000
 C	37.95078127 41.77179914 3.40000000
 C	40.19809560 42.77236795 3.40000000
 C	42.44535750 43.77291341 3.40000000
 C	-15.98476277 17.75814778 3.40000000
 C	-2.50087676 23.76156062 3.40000000
 C	-18.23212954 16.75755563 3.40000000
 C	-0.25356242 24.76212943 3.40000000
 C	-19.64465300 16.90607554 3.40000000
 C	0.58133333 25.91126484 3.40000000
 C	-10.65534322 20.90837411 3.40000000
 C	-8.40797645 21.90896627 3.40000000
 C	-21.89186246 15.90555343 3.40000000
 C	2.82854279 26.91178695 3.40000000
 C	5.07590956 27.91237911 3.40000000
 C	7.32311902 28.91290122 3.40000000
 C	9.57048579 29.91349337 3.40000000
 C	11.81785256 30.91408553 3.40000000
 C	14.06521934 31.91467768 3.40000000
 C	16.31242880 32.91519979 3.40000000
 C	18.55979557 33.91579195 3.40000000
 C	20.80700503 34.91631406 3.40000000
 C	23.05437180 35.91690621 3.40000000
 C	-12.90255268 19.90785200 3.40000000
 C	-6.16076699 22.90948838 3.40000000
 C	25.30173857 36.91749837 3.40000000
 C	27.54910534 37.91809052 3.40000000
 C	29.79631480 38.91861263 3.40000000
 C	32.04368158 39.91920479 3.40000000
 C	34.29089104 40.91972690 3.40000000
 C	36.53825781 41.92031905 3.40000000
 C	38.78562458 42.92091121 3.40000000
 C	41.03299135 43.92150336 3.40000000
 C	43.28020081 44.92202547 3.40000000
 C	-15.14991945 18.90725985 3.40000000
 C	-3.91340022 23.91008053 3.40000000
 C	-17.39728622 17.90666769 3.40000000
 C	-1.66603344 24.91067269 3.40000000
 C	-20.22220583 18.20349214 3.40000000
 C	0.00357074 27.20858805 3.40000000
 C	-11.23305337 22.20572067 3.40000000
 C	-8.98568660 23.20631282 3.40000000
 C	-22.46957261 17.20289998 3.40000000
 C	2.25083264 28.20913351 3.40000000
 C	4.49819941 29.20972566 3.40000000
 C	6.74556618 30.21031782 3.40000000
 C	8.99277564 31.21083993 3.40000000
 C	11.24014241 32.21143208 3.40000000
 C	13.48745675 33.21200089 3.40000000
 C	15.73471865 34.21254635 3.40000000
 C	17.98208542 35.21313850 3.40000000
 C	20.22945219 36.21373066 3.40000000
 C	22.47666165 37.21425277 3.40000000
 C	-13.48031527 21.20517521 3.40000000
 C	-6.73831983 24.20690498 3.40000000
 C	24.72402842 38.21484492 3.40000000
 C	26.97134276 39.21541373 3.40000000
 C	29.21860465 40.21595919 3.40000000
 C	31.46597143 41.21655134 3.40000000
 C	33.71333820 42.21714350 3.40000000
 C	35.96054766 43.21766561 3.40000000
 C	38.20791443 44.21825776 3.40000000
 C	40.45522877 45.21882657 3.40000000
 C	42.70249066 46.21937203 3.40000000
 C	-15.72762960 20.20460640 3.40000000
 C	-4.49111037 25.20742709 3.40000000
 C	-17.97499637 19.20401425 3.40000000
 C	-2.24374359 26.20801924 3.40000000
 C	-10.39821606 23.35477565 3.40000000
 C	-21.63473529 18.35195496 3.40000000
 C	0.83846049 28.35766637 3.40000000
 C	3.08566995 29.35818849 3.40000000
 C	5.33303672 30.35878064 3.40000000
 C	7.58024618 31.35930275 3.40000000
 C	9.82761296 32.35989491 3.40000000
 C	-12.64542552 22.35425353 3.40000000
 C	12.07497973 33.36048706 3.40000000
 C	-8.15084928 24.35536780 3.40000000
 C	14.32234650 34.36107921 3.40000000
 C	16.56955596 35.36160133 3.40000000
 C	18.81692273 36.36219348 3.40000000
 C	21.06413219 37.36271559 3.40000000
 C	23.31149896 38.36330775 3.40000000
 C	25.55886574 39.36389990 3.40000000
 C	27.80623251 40.36449206 3.40000000
 C	30.05344197 41.36501417 3.40000000
 C	32.30080874 42.36560632 3.40000000
 C	-14.89279229 21.35366138 3.40000000
 C	-5.90363983 25.35588991 3.40000000
 C	34.54801820 43.36612844 3.40000000
 C	36.79538497 44.36672059 3.40000000
 C	39.04275174 45.36731274 3.40000000
 C	41.29011852 46.36790490 3.40000000
 C	43.53732798 47.36842701 3.40000000
 C	-17.14015906 20.35306923 3.40000000
 C	-3.65627305 26.35648207 3.40000000
 C	-19.38752583 19.35247707 3.40000000
 C	-1.40890628 27.35707422 3.40000000
 C	-10.97590821 24.65229346 3.40000000
 C	-22.21242744 19.64947277 3.40000000
 C	0.26071590 29.65516084 3.40000000
 C	2.50797780 30.65570630 3.40000000
 C	4.75534457 31.65629845 3.40000000
 C	7.00271135 32.65689061 3.40000000
 C	9.24992081 33.65741272 3.40000000
 C	-13.22317010 23.65174800 3.40000000
 C	11.49728758 34.65800487 3.40000000
 C	-8.72854143 25.65288561 3.40000000
 C	13.74460191 35.65857368 3.40000000
 C	15.99186381 36.65911914 3.40000000
 C	18.23923058 37.65971129 3.40000000
 C	20.48659735 38.66030345 3.40000000
 C	22.73380681 39.66082556 3.40000000
 C	24.98117359 40.66141771 3.40000000
 C	27.22848792 41.66198652 3.40000000
 C	29.47574982 42.66253198 3.40000000
 C	31.72311659 43.66312413 3.40000000
 C	-15.47048444 22.65117919 3.40000000
 C	33.97048336 44.66371629 3.40000000
 C	-6.48117466 26.65347777 3.40000000
 C	36.21769282 45.66423840 3.40000000
 C	38.46505959 46.66483055 3.40000000
 C	40.71237393 47.66539936 3.40000000
 C	42.95963583 48.66594482 3.40000000
 C	-17.71785121 21.65058704 3.40000000
 C	-4.23396520 27.65399988 3.40000000
 C	-19.96506067 20.65006493 3.40000000
 C	-1.98659843 28.65459203 3.40000000
 C	-21.37759013 20.79852775 3.40000000
 C	-1.15176112 29.80364701 3.40000000
 C	-12.38828035 24.80082633 3.40000000
 C	-10.14107089 25.80134844 3.40000000
 C	1.09560565 30.80423917 3.40000000
 C	3.34281511 31.80476128 3.40000000
 C	5.59018189 32.80535343 3.40000000
 C	7.83739135 33.80587555 3.40000000
 C	10.08475812 34.80646770 3.40000000
 C	12.33212489 35.80705985 3.40000000
 C	14.57949166 36.80765201 3.40000000
 C	16.82670112 37.80817412 3.40000000
 C	19.07406789 38.80876627 3.40000000
 C	21.32127735 39.80928839 3.40000000
 C	-14.63564713 23.80023417 3.40000000
 C	-7.89370412 26.80194059 3.40000000
 C	23.56864413 40.80988054 3.40000000
 C	25.81601090 41.81047269 3.40000000
 C	28.06337767 42.81106485 3.40000000
 C	30.31058713 43.81158696 3.40000000
 C	32.55795390 44.81217911 3.40000000
 C	34.80516336 45.81270123 3.40000000
 C	37.05253014 46.81329338 3.40000000
 C	39.29989691 47.81388553 3.40000000
 C	41.54726368 48.81447769 3.40000000
 C	43.79447314 49.81499980 3.40000000
 C	-16.88301390 22.79964202 3.40000000
 C	-5.64649466 27.80246271 3.40000000
 C	-19.13038067 21.79904987 3.40000000
 C	-3.39912789 28.80305486 3.40000000
 C	-21.95528228 22.09604556 3.40000000
 C	-1.72945327 31.10116483 3.40000000
 C	-12.96602494 26.09832079 3.40000000
 C	-10.71876304 27.09886625 3.40000000
 C	0.51786107 32.10173363 3.40000000
 C	2.76512296 33.10227909 3.40000000
 C	5.01248974 34.10287125 3.40000000
 C	7.25985651 35.10346340 3.40000000
 C	9.50706597 36.10398551 3.40000000
 C	11.75443274 37.10457767 3.40000000
 C	14.00174708 38.10514647 3.40000000
 C	16.24900897 39.10569193 3.40000000
 C	18.49637574 40.10628409 3.40000000
 C	20.74374252 41.10687624 3.40000000
 C	-15.21333928 25.09775198 3.40000000
 C	-8.47139627 28.09945841 3.40000000
 C	22.99095198 42.10739835 3.40000000
 C	25.23831875 43.10799051 3.40000000
 C	27.48563308 44.10855931 3.40000000
 C	29.73289498 45.10910477 3.40000000
 C	31.98026175 46.10969693 3.40000000
 C	34.22762853 47.11028908 3.40000000
 C	36.47483799 48.11081119 3.40000000
 C	38.72220476 49.11140335 3.40000000
 C	40.96951909 50.11197215 3.40000000
 C	43.21678099 51.11251761 3.40000000
 C	-17.46070605 24.09715983 3.40000000
 C	-6.22402950 29.10005056 3.40000000
 C	-19.70791551 23.09663772 3.40000000
 C	-3.97682004 30.10057267 3.40000000
 C	-12.13115319 27.24722786 3.40000000
 C	-0.89463395 32.25004855 3.40000000
 C	1.35273282 33.25064070 3.40000000
 C	3.59994228 34.25116281 3.40000000
 C	5.84730905 35.25175497 3.40000000
 C	8.09451851 36.25227708 3.40000000
 C	-14.37851996 26.24663571 3.40000000
 C	-9.88394373 28.24774997 3.40000000
 C	10.34188528 37.25286923 3.40000000
 C	12.58925205 38.25346139 3.40000000
 C	14.83661883 39.25405354 3.40000000
 C	17.08382829 40.25457565 3.40000000
 C	19.33119506 41.25516781 3.40000000
 C	21.57840452 42.25568992 3.40000000
 C	23.82577129 43.25628207 3.40000000
 C	26.07313806 44.25687423 3.40000000
 C	28.32050483 45.25746638 3.40000000
 C	30.56771429 46.25798849 3.40000000
 C	32.81508107 47.25858065 3.40000000
 C	-16.62588673 25.24604355 3.40000000
 C	-7.63657696 29.24834213 3.40000000
 C	35.06229053 48.25910276 3.40000000
 C	37.30965730 49.25969491 3.40000000
 C	39.55702407 50.26028707 3.40000000
 C	41.80439084 51.26087922 3.40000000
 C	44.05160030 52.26140133 3.40000000
 C	-5.38936750 30.24886424 3.40000000
 C	-18.87325351 24.24545140 3.40000000
 C	-21.12046297 23.24492929 3.40000000
 C	-3.14200073 31.24945639 3.40000000
 C	-12.70889778 28.54472233 3.40000000
 C	-1.47232610 33.54756636 3.40000000
 C	0.77498823 34.54813517 3.40000000
 C	3.02225013 35.54868063 3.40000000
 C	5.26961690 36.54927278 3.40000000
 C	7.51698367 37.54986493 3.40000000
 C	-14.95621211 27.54415352 3.40000000
 C	-10.46163588 29.54526779 3.40000000
 C	9.76419313 38.55038705 3.40000000
 C	12.01155990 39.55097920 3.40000000
 C	14.25887424 40.55154801 3.40000000
 C	16.50613614 41.55209347 3.40000000
 C	18.75350291 42.55268562 3.40000000
 C	21.00086968 43.55327777 3.40000000
 C	23.24807914 44.55379989 3.40000000
 C	25.49544591 45.55439204 3.40000000
 C	27.74276025 46.55496085 3.40000000
 C	29.99002214 47.55550631 3.40000000
 C	32.23738892 48.55609846 3.40000000
 C	-17.20357888 26.54356137 3.40000000
 C	-8.21426911 30.54585994 3.40000000
 C	34.48475569 49.55669061 3.40000000
 C	36.73196515 50.55721273 3.40000000
 C	38.97933192 51.55780488 3.40000000
 C	41.22664626 52.55837369 3.40000000
 C	43.47390815 53.55891915 3.40000000
 C	-19.45078834 25.54303925 3.40000000
 C	-5.96690234 31.54645209 3.40000000
 C	-21.69815512 24.54244710 3.40000000
 C	-3.71969288 32.54697421 3.40000000
 C	-2.88485557 33.69602919 3.40000000
 C	-14.12137480 28.69320851 3.40000000
 C	-11.87400803 29.69380066 3.40000000
 C	-0.63748879 34.69662135 3.40000000
 C	1.60987798 35.69721350 3.40000000
 C	3.85708744 36.69773561 3.40000000
 C	6.10445421 37.69832777 3.40000000
 C	8.35166367 38.69884988 3.40000000
 C	10.59903044 39.69944203 3.40000000
 C	12.84639721 40.70003419 3.40000000
 C	15.09376399 41.70062634 3.40000000
 C	17.34097345 42.70114845 3.40000000
 C	19.58834022 43.70174061 3.40000000
 C	-16.36874158 27.69261635 3.40000000
 C	-9.62679857 30.69432277 3.40000000
 C	21.83554968 44.70226272 3.40000000
 C	24.08291645 45.70285487 3.40000000
 C	26.33028322 46.70344703 3.40000000
 C	28.57764999 47.70403918 3.40000000
 C	30.82485945 48.70456129 3.40000000
 C	33.07222623 49.70515345 3.40000000
 C	35.31943569 50.70567556 3.40000000
 C	37.56680246 51.70626772 3.40000000
 C	39.81416923 52.70685987 3.40000000
 C	42.06153600 53.70745202 3.40000000
 C	-18.61610835 26.69202420 3.40000000
 C	-7.37943180 31.69491493 3.40000000
 C	44.30874546 54.70797414 3.40000000
 C	-20.86331781 25.69150209 3.40000000
 C	-5.13222234 32.69543704 3.40000000
 C	-3.46254771 34.99354700 3.40000000
 C	-14.69906695 29.99072631 3.40000000
 C	-12.45175261 30.99129512 3.40000000
 C	-1.21518094 35.99413915 3.40000000
 C	1.03213339 36.99470796 3.40000000
 C	3.27939529 37.99525342 3.40000000
 C	5.52676206 38.99584557 3.40000000
 C	7.77412884 39.99643772 3.40000000
 C	10.02133830 40.99695984 3.40000000
 C	12.26870507 41.99755199 3.40000000
 C	14.51601940 42.99812080 3.40000000
 C	16.76328130 43.99866626 3.40000000
 C	19.01064807 44.99925841 3.40000000
 C	-16.94643372 28.99013416 3.40000000
 C	-10.20449072 31.99184058 3.40000000
 C	21.25801484 45.99985057 3.40000000
 C	23.50522430 47.00037268 3.40000000
 C	25.75259108 48.00096483 3.40000000
 C	27.99990541 49.00153364 3.40000000
 C	30.24716731 50.00207910 3.40000000
 C	32.49453408 51.00267125 3.40000000
 C	34.74190085 52.00326341 3.40000000
 C	36.98911031 53.00378552 3.40000000
 C	39.23647708 54.00437767 3.40000000
 C	41.48379142 55.00494648 3.40000000
 C	-19.19364318 27.98961204 3.40000000
 C	-7.95712395 32.99243273 3.40000000
 C	43.73105332 56.00549194 3.40000000
 C	-21.44100995 26.98901989 3.40000000
 C	-5.70975717 33.99302488 3.40000000
 C	-13.86422964 31.13978130 3.40000000
 C	-2.62771040 36.14260199 3.40000000
 C	-0.38034363 37.14319414 3.40000000
 C	1.86702314 38.14378629 3.40000000
 C	4.11423260 39.14430841 3.40000000
 C	6.36159937 40.14490056 3.40000000
 C	-16.11159641 30.13918915 3.40000000
 C	8.60880883 41.14542267 3.40000000
 C	-11.61686287 32.14037345 3.40000000
 C	10.85617560 42.14601483 3.40000000
 C	13.10354238 43.14660698 3.40000000
 C	15.35090915 44.14719913 3.40000000
 C	17.59811861 45.14772125 3.40000000
 C	19.84548538 46.14831340 3.40000000
 C	22.09269484 47.14883551 3.40000000
 C	24.34006161 48.14942767 3.40000000
 C	26.58742838 49.15001982 3.40000000
 C	28.83479516 50.15061197 3.40000000
 C	31.08200462 51.15113409 3.40000000
 C	-18.35896318 29.13859699 3.40000000
 C	-9.36965341 33.14089557 3.40000000
 C	33.32937139 52.15172624 3.40000000
 C	35.57658085 53.15224835 3.40000000
 C	37.82394762 54.15284051 3.40000000
 C	40.07131439 55.15343266 3.40000000
 C	42.31868117 56.15402481 3.40000000
 C	44.56589063 57.15454693 3.40000000
 C	-20.60617264 28.13807488 3.40000000
 C	-7.12228664 34.14148772 3.40000000
 C	-4.87507718 35.14200983 3.40000000
 C	-14.44192779 32.43724203 3.40000000
 C	-3.20540855 37.44006271 3.40000000
 C	-0.95804178 38.44065487 3.40000000
 C	1.28927255 39.44122367 3.40000000
 C	3.53653445 40.44176913 3.40000000
 C	5.78390122 41.44236129 3.40000000
 C	-16.68929456 31.43664987 3.40000000
 C	8.03126799 42.44295344 3.40000000
 C	-12.19461346 33.43781083 3.40000000
 C	10.27847745 43.44347555 3.40000000
 C	12.52584423 44.44406771 3.40000000
 C	14.77315856 45.44463651 3.40000000
 C	17.02042046 46.44518197 3.40000000
 C	19.26778723 47.44577413 3.40000000
 C	21.51515400 48.44636628 3.40000000
 C	23.76236346 49.44688839 3.40000000
 C	26.00973024 50.44748055 3.40000000
 C	28.25704457 51.44804935 3.40000000
 C	-18.93650402 30.43612776 3.40000000
 C	30.50430647 52.44859481 3.40000000
 C	-9.94735156 34.43835629 3.40000000
 C	32.75167324 53.44918697 3.40000000
 C	34.99904001 54.44977912 3.40000000
 C	37.24624947 55.45030123 3.40000000
 C	39.49361624 56.45089339 3.40000000
 C	41.74093058 57.45146219 3.40000000
 C	43.98819248 58.45200765 3.40000000
 C	-21.18387079 29.43553561 3.40000000
 C	-7.69998479 35.43894845 3.40000000
 C	-5.45261801 36.43954060 3.40000000
 C	-4.61793201 37.58858262 3.40000000
 C	-15.85445125 32.58576194 3.40000000
 C	-13.60708448 33.58635409 3.40000000
 C	-2.37056524 38.58917478 3.40000000
 C	-0.12319847 39.58976693 3.40000000
 C	2.12416830 40.59035908 3.40000000
 C	4.37137776 41.59088120 3.40000000
 C	6.61874454 42.59147335 3.40000000
 C	8.86595400 43.59199546 3.40000000
 C	11.11332077 44.59258762 3.40000000
 C	13.36068754 45.59317977 3.40000000
 C	15.60805431 46.59377192 3.40000000
 C	17.85526377 47.59429404 3.40000000
 C	-18.10181802 31.58516978 3.40000000
 C	-11.35971770 34.58694624 3.40000000
 C	20.10263054 48.59488619 3.40000000
 C	22.34984000 49.59540830 3.40000000
 C	24.59720678 50.59600046 3.40000000
 C	26.84457355 51.59659261 3.40000000
 C	29.09194032 52.59718476 3.40000000
 C	31.33914978 53.59770688 3.40000000
 C	33.58651655 54.59829903 3.40000000
 C	35.83372601 55.59882114 3.40000000
 C	38.08109278 56.59941330 3.40000000
 C	40.32845956 57.60000545 3.40000000
 C	-20.34902748 30.58464767 3.40000000
 C	-9.11250825 35.58746836 3.40000000
 C	42.57582633 58.60059760 3.40000000
 C	44.82303579 59.60111972 3.40000000
 C	-6.86514147 36.58806051 3.40000000
 C	-5.19548485 38.88599922 3.40000000
 C	-16.43216140 33.88310849 3.40000000
 C	-14.18479463 34.88370065 3.40000000
 C	-2.94827539 39.88652133 3.40000000
 C	-0.70090862 40.88711349 3.40000000
 C	1.54640572 41.88768229 3.40000000
 C	3.79366761 42.88822775 3.40000000
 C	6.04103439 43.88881991 3.40000000
 C	8.28840116 44.88941206 3.40000000
 C	10.53561062 45.88993417 3.40000000
 C	12.78297739 46.89052633 3.40000000
 C	15.03029172 47.89109513 3.40000000
 C	17.27755362 48.89164059 3.40000000
 C	-18.67937086 32.88258638 3.40000000
 C	-11.93748029 35.88426945 3.40000000
 C	19.52492039 49.89223275 3.40000000
 C	21.77228717 50.89282490 3.40000000
 C	24.01949663 51.89334701 3.40000000
 C	26.26686340 52.89393917 3.40000000
 C	28.51417773 53.89450797 3.40000000
 C	30.76143963 54.89505343 3.40000000
 C	33.00880640 55.89564559 3.40000000
 C	35.25617317 56.89623774 3.40000000
 C	37.50338263 57.89675985 3.40000000
 C	39.75074941 58.89735201 3.40000000
 C	-20.92673763 31.88199423 3.40000000
 C	-9.69021839 36.88481491 3.40000000
 C	41.99806374 59.89792081 3.40000000
 C	44.24532564 60.89846627 3.40000000
 C	-7.44285162 37.88540707 3.40000000
 C	-15.59732409 35.03216347 3.40000000
 C	-4.36080485 40.03498416 3.40000000
 C	-2.11343808 41.03557631 3.40000000
 C	0.13392869 42.03616846 3.40000000
 C	2.38129547 43.03676062 3.40000000
 C	4.62850493 44.03728273 3.40000000
 C	6.87587170 45.03787489 3.40000000
 C	-17.84469086 34.03157132 3.40000000
 C	-13.34995731 36.03275562 3.40000000
 C	9.12308116 46.03839700 3.40000000
 C	11.37044793 47.03898915 3.40000000
 C	13.61781470 48.03958131 3.40000000
 C	15.86518148 49.04017346 3.40000000
 C	18.11239094 50.04069557 3.40000000
 C	20.35975771 51.04128773 3.40000000
 C	22.60696717 52.04180984 3.40000000
 C	24.85433394 53.04240199 3.40000000
 C	27.10170071 54.04299415 3.40000000
 C	-20.09190032 33.03104920 3.40000000
 C	29.34906748 55.04358630 3.40000000
 C	-11.10259054 37.03334778 3.40000000
 C	31.59627694 56.04410841 3.40000000
 C	33.84364372 57.04470057 3.40000000
 C	36.09085318 58.04522268 3.40000000
 C	38.33821995 59.04581483 3.40000000
 C	40.58558672 60.04640699 3.40000000
 C	42.83295349 61.04699914 3.40000000
 C	-8.85538108 38.03386989 3.40000000
 C	-6.60801431 39.03446204 3.40000000
 H	-25.74046895 -38.95587927 3.40000000
 H	-23.49315164 -37.95530915 3.40000000
 H	-21.24578487 -36.95471699 3.40000000
 H	-18.99843459 -35.95413218 3.40000000
 H	-16.75120864 -34.95360273 3.40000000
 H	-14.50384187 -33.95301057 3.40000000
 H	-12.25658294 -32.95246643 3.40000000
 H	-10.00926564 -31.95189631 3.40000000
 H	-7.76189886 -30.95130415 3.40000000
 H	-5.51454858 -29.95071934 3.40000000
 H	-3.26732263 -28.95018989 3.40000000
 H	-1.01995586 -27.94959773 3.40000000
 H	1.22730306 -26.94905359 3.40000000
 H	3.47462037 -25.94848347 3.40000000
 H	5.72198714 -24.94789131 3.40000000
 H	7.96933743 -23.94730650 3.40000000
 H	10.21656338 -22.94677705 3.40000000
 H	12.46393015 -21.94618489 3.40000000
 H	14.71118907 -20.94564075 3.40000000
 H	16.95850638 -19.94507063 3.40000000
 H	19.20587315 -18.94447847 3.40000000
 H	21.45322344 -17.94389366 3.40000000
 H	23.70044938 -16.94336421 3.40000000
 H	25.94781616 -15.94277205 3.40000000
 H	28.19507508 -14.94222791 3.40000000
 H	30.44239239 -13.94165779 3.40000000
 H	32.68975916 -12.94106563 3.40000000
 H	34.93710944 -11.94048082 3.40000000
 H	37.18433539 -10.93995137 3.40000000
 H	38.59149921 -9.00315654 3.40000000
 H	38.84863871 -6.55663760 3.40000000
 H	39.10577152 -4.11018221 3.40000000
 H	39.36291669 -1.66360942 3.40000000
 H	39.62005774 0.78292424 3.40000000
 H	39.87718902 3.22936491 3.40000000
 H	40.13433419 5.67593771 3.40000000
 H	40.39147368 8.12245665 3.40000000
 H	40.64860650 10.56891204 3.40000000
 H	40.90575166 13.01548483 3.40000000
 H	41.16289272 15.46201849 3.40000000
 H	41.42002400 17.90845916 3.40000000
 H	41.67716916 20.35503195 3.40000000
 H	41.93430866 22.80155089 3.40000000
 H	42.19144148 25.24800628 3.40000000
 H	42.44858664 27.69457907 3.40000000
 H	42.70572769 30.14111273 3.40000000
 H	42.96285897 32.58755340 3.40000000
 H	43.22000414 35.03412619 3.40000000
 H	43.47714363 37.48064513 3.40000000
 H	43.73427645 39.92710052 3.40000000
 H	43.99142161 42.37367332 3.40000000
 H	44.24856267 44.82020697 3.40000000
 H	44.50569395 47.26664765 3.40000000
 H	44.76283911 49.71322044 3.40000000
 H	45.01997861 52.15973938 3.40000000
 H	45.27711143 54.60619477 3.40000000
 H	45.53425659 57.05276756 3.40000000
 H	45.79139764 59.49930122 3.40000000
 H	44.81765214 61.68620612 3.40000000
 H	42.43687807 61.93650235 3.40000000
 H	40.18954725 60.93592620 3.40000000
 H	37.94218048 59.93533404 3.40000000
 H	35.69492155 58.93478990 3.40000000
 H	33.44760425 57.93421978 3.40000000
 H	31.20023747 56.93362762 3.40000000
 H	28.95299207 55.93308951 3.40000000
 H	26.70566124 54.93251336 3.40000000
 H	24.45829447 53.93192120 3.40000000
 H	22.21103555 52.93137706 3.40000000
 H	19.96371824 51.93080694 3.40000000
 H	17.71635147 50.93021478 3.40000000
 H	15.46910606 49.92967667 3.40000000
 H	13.22177523 48.92910052 3.40000000
 H	10.97440846 47.92850836 3.40000000
 H	8.72714954 46.92796422 3.40000000
 H	6.47983223 45.92739410 3.40000000
 H	4.23246546 44.92680194 3.40000000
 H	1.98522005 43.92626383 3.40000000
 H	-0.26211077 42.92568768 3.40000000
 H	-2.50947755 41.92509552 3.40000000
 H	-4.75673647 40.92455138 3.40000000
 H	-7.00405378 39.92398126 3.40000000
 H	-9.25142055 38.92338910 3.40000000
 H	-11.49866596 37.92285098 3.40000000
 H	-13.74599678 36.92227484 3.40000000
 H	-15.99336356 35.92168268 3.40000000
 H	-18.24062248 34.92113854 3.40000000
 H	-20.48793979 33.92056842 3.40000000
 H	-21.89510360 31.98377359 3.40000000
 H	-22.15223265 29.53735411 3.40000000
 H	-22.40937592 27.09079926 3.40000000
 H	-22.66652108 24.64422647 3.40000000
 H	-22.92366059 22.19770752 3.40000000
 H	-23.18079342 19.75125214 3.40000000
 H	-23.43793858 17.30467934 3.40000000
 H	-23.69506763 14.85825986 3.40000000
 H	-23.95221089 12.41170501 3.40000000
 H	-24.20935606 9.96513222 3.40000000
 H	-24.46649556 7.51861328 3.40000000
 H	-24.72362839 5.07215789 3.40000000
 H	-24.98077356 2.62558510 3.40000000
 H	-25.23790260 0.17916562 3.40000000
 H	-25.49504587 -2.26738923 3.40000000
 H	-25.75219103 -4.71396202 3.40000000
 H	-26.00933054 -7.16048097 3.40000000
 H	-26.26646337 -9.60693635 3.40000000
 H	-26.52360853 -12.05350914 3.40000000
 H	-26.78073758 -14.49992862 3.40000000
 H	-27.03788084 -16.94648347 3.40000000
 H	-27.29502601 -19.39305627 3.40000000
 H	-27.55216551 -21.83957521 3.40000000
 H	-27.80929834 -24.28603060 3.40000000
 H	-28.06644351 -26.73260339 3.40000000
 H	-28.32357255 -29.17902287 3.40000000
 H	-28.58071582 -31.62557772 3.40000000
 H	-28.83786098 -34.07215051 3.40000000
 H	-29.09500049 -36.51866945 3.40000000
 H	-28.12125654 -38.70558907 3.40000000
