 C	2.94249564 -23.96470389 3.40000000
 C	-9.26572435 -25.46368482 3.40000000
 C	15.15082959 -22.46570896 3.40000000
 C	-11.70743672 -25.76348940 3.40000000
 C	17.59242801 -22.16591837 3.40000000
 C	-14.14903514 -26.06327999 3.40000000
 C	20.03414038 -21.86611379 3.40000000
 C	-16.59069054 -26.36307757 3.40000000
 C	22.47585274 -21.56630921 3.40000000
 C	-19.03240290 -26.66288216 3.40000000
 C	24.91739419 -21.26652562 3.40000000
 C	0.50089722 -24.26449448 3.40000000
 C	-21.47394435 -26.96266575 3.40000000
 C	27.35910656 -20.96672104 3.40000000
 C	5.38420801 -23.66489931 3.40000000
 C	-23.91565672 -27.26247033 3.40000000
 C	29.80076195 -20.66692345 3.40000000
 C	-26.35736909 -27.56227491 3.40000000
 C	32.24236037 -20.36713286 3.40000000
 C	-28.79896751 -27.86206550 3.40000000
 C	-31.24062290 -28.16186309 3.40000000
 C	-33.68233527 -28.46166767 3.40000000
 C	-36.12387672 -28.76145126 3.40000000
 C	-1.94075817 -24.56429206 3.40000000
 C	7.82592038 -23.36509473 3.40000000
 C	-4.38247054 -24.86409664 3.40000000
 C	10.26746183 -23.06531113 3.40000000
 C	-6.82401199 -25.16388024 3.40000000
 C	12.70917419 -22.76550655 3.40000000
 C	-8.13141430 -24.60892089 3.40000000
 C	13.84348425 -21.91074262 3.40000000
 C	1.63526425 -23.40972355 3.40000000
 C	4.07680570 -23.10993995 3.40000000
 C	-10.57312667 -24.90872547 3.40000000
 C	16.28519661 -21.61093804 3.40000000
 C	-13.01466811 -25.20850906 3.40000000
 C	18.72673806 -21.31115444 3.40000000
 C	-15.45638048 -25.50831364 3.40000000
 C	21.16845043 -21.01134986 3.40000000
 C	-17.89809285 -25.80811822 3.40000000
 C	23.60999188 -20.71156627 3.40000000
 C	-20.33980521 -26.10792280 3.40000000
 C	26.05170425 -20.41176169 3.40000000
 C	-22.78134666 -26.40770640 3.40000000
 C	28.49341661 -20.11195710 3.40000000
 C	-25.22305903 -26.70751098 3.40000000
 C	30.93512898 -19.81215252 3.40000000
 C	-27.66460048 -27.00729457 3.40000000
 C	33.37667043 -19.51236893 3.40000000
 C	-30.10631285 -27.30709916 3.40000000
 C	-32.54802521 -27.60690374 3.40000000
 C	-0.80644812 -23.70952813 3.40000000
 C	6.51851807 -22.81013537 3.40000000
 C	-34.98973758 -27.90670832 3.40000000
 C	-37.43127903 -28.20649191 3.40000000
 C	-3.24816048 -24.00933271 3.40000000
 C	8.96005952 -22.51035178 3.40000000
 C	-5.68987285 -24.30913729 3.40000000
 C	11.40177188 -22.21054720 3.40000000
 C	-8.30450655 -23.19919759 3.40000000
 C	13.67039199 -20.50101932 3.40000000
 C	1.46211502 -22.00000725 3.40000000
 C	3.90371344 -21.70021666 3.40000000
 C	-10.74621892 -23.49900217 3.40000000
 C	16.11204739 -20.20122174 3.40000000
 C	-13.18781734 -23.79879276 3.40000000
 C	18.55364581 -19.90143115 3.40000000
 C	-15.62947274 -24.09859035 3.40000000
 C	20.99535818 -19.60162657 3.40000000
 C	-18.07118510 -24.39839493 3.40000000
 C	23.43707054 -19.30182199 3.40000000
 C	-20.51272655 -24.69817852 3.40000000
 C	25.87861199 -19.00203839 3.40000000
 C	-22.95443892 -24.99798310 3.40000000
 C	28.32032436 -18.70223381 3.40000000
 C	-25.39615129 -25.29778769 3.40000000
 C	30.76197975 -18.40243622 3.40000000
 C	-27.83774971 -25.59757828 3.40000000
 C	33.20357817 -18.10264563 3.40000000
 C	-30.27940510 -25.89737586 3.40000000
 C	-32.72111747 -26.19718044 3.40000000
 C	-0.97954037 -22.29980484 3.40000000
 C	6.34542581 -21.40041208 3.40000000
 C	-35.16265892 -26.49696404 3.40000000
 C	-37.60437128 -26.79676862 3.40000000
 C	-3.42125274 -22.59960942 3.40000000
 C	8.78713818 -21.10060750 3.40000000
 C	-5.86279419 -22.89939301 3.40000000
 C	11.22867963 -20.80082390 3.40000000
 C	2.59641477 -21.14539483 3.40000000
 C	-9.61197615 -22.64439675 3.40000000
 C	14.80463477 -19.64641390 3.40000000
 C	-12.05351760 -22.94418035 3.40000000
 C	17.24634713 -19.34660932 3.40000000
 C	-14.49522996 -23.24398493 3.40000000
 C	19.68788858 -19.04682573 3.40000000
 C	-16.93694233 -23.54378951 3.40000000
 C	22.12960095 -18.74702115 3.40000000
 C	24.57114240 -18.44723755 3.40000000
 C	-19.37865470 -23.84359409 3.40000000
 C	0.15470240 -21.44519941 3.40000000
 C	5.03795622 -20.84561124 3.40000000
 C	-21.82019615 -24.14337768 3.40000000
 C	27.01285476 -18.14743297 3.40000000
 C	-24.26190851 -24.44318226 3.40000000
 C	29.45456713 -17.84762839 3.40000000
 C	-26.70344996 -24.74296586 3.40000000
 C	31.89627950 -17.54782381 3.40000000
 C	-29.14516233 -25.04277044 3.40000000
 C	34.33782095 -17.24804021 3.40000000
 C	-31.58687470 -25.34257502 3.40000000
 C	-34.02858706 -25.64237960 3.40000000
 C	-36.47012851 -25.94216320 3.40000000
 C	-2.28700997 -21.74500400 3.40000000
 C	7.47966858 -20.54580666 3.40000000
 C	9.92121003 -20.24602306 3.40000000
 C	-4.72872233 -22.04480858 3.40000000
 C	-7.17026378 -22.34459217 3.40000000
 C	12.36292240 -19.94621848 3.40000000
 C	2.42326554 -19.73567853 3.40000000
 C	-9.78506840 -21.23467346 3.40000000
 C	14.63154251 -18.23669061 3.40000000
 C	-12.22666683 -21.53446405 3.40000000
 C	17.07319790 -17.93689302 3.40000000
 C	-14.66832222 -21.83426163 3.40000000
 C	19.51479633 -17.63710243 3.40000000
 C	-17.11003459 -22.13406621 3.40000000
 C	21.95650869 -17.33729785 3.40000000
 C	-19.55157604 -22.43384981 3.40000000
 C	24.39822106 -17.03749327 3.40000000
 C	-0.01838986 -20.03547612 3.40000000
 C	4.86486396 -19.43588794 3.40000000
 C	-21.99328840 -22.73365439 3.40000000
 C	26.83976251 -16.73770968 3.40000000
 C	-24.43500077 -23.03345897 3.40000000
 C	29.28147487 -16.43790510 3.40000000
 C	-26.87659919 -23.33324956 3.40000000
 C	31.72313027 -16.13810751 3.40000000
 C	-29.31825459 -23.63304715 3.40000000
 C	34.16472869 -15.83831692 3.40000000
 C	-31.75996695 -23.93285173 3.40000000
 C	-34.20150840 -24.23263532 3.40000000
 C	-36.64322077 -24.53243990 3.40000000
 C	-2.46010222 -20.33528070 3.40000000
 C	7.30657633 -19.13608336 3.40000000
 C	-4.90164367 -20.63506430 3.40000000
 C	9.74828869 -18.83627878 3.40000000
 C	-7.34335604 -20.93486888 3.40000000
 C	12.18983014 -18.53649519 3.40000000
 C	-8.65075835 -20.37990952 3.40000000
 C	13.32414020 -17.68173125 3.40000000
 C	1.11592020 -19.18071218 3.40000000
 C	3.55763257 -18.88090760 3.40000000
 C	-11.09229980 -20.67969311 3.40000000
 C	15.76585256 -17.38192667 3.40000000
 C	-13.53401217 -20.97949769 3.40000000
 C	18.20756493 -17.08212208 3.40000000
 C	-15.97572453 -21.27930227 3.40000000
 C	20.64910638 -16.78233849 3.40000000
 C	-18.41743690 -21.57910685 3.40000000
 C	23.09081875 -16.48253391 3.40000000
 C	-20.85897835 -21.87889045 3.40000000
 C	25.53236020 -16.18275031 3.40000000
 C	-23.30069071 -22.17869503 3.40000000
 C	27.97407256 -15.88294573 3.40000000
 C	-25.74223216 -22.47847862 3.40000000
 C	30.41578493 -15.58314115 3.40000000
 C	-28.18394453 -22.77828320 3.40000000
 C	32.85749730 -15.28333657 3.40000000
 C	-30.62565690 -23.07808778 3.40000000
 C	35.29903875 -14.98355298 3.40000000
 C	-33.06736926 -23.37789236 3.40000000
 C	-1.32579217 -19.48051676 3.40000000
 C	5.99917402 -18.58112400 3.40000000
 C	-35.50891071 -23.67767596 3.40000000
 C	-3.76750453 -19.78032134 3.40000000
 C	8.44088638 -18.28131942 3.40000000
 C	-6.20904598 -20.08010493 3.40000000
 C	10.88242783 -17.98153583 3.40000000
 C	-8.82385060 -18.97018623 3.40000000
 C	13.15104794 -16.27200796 3.40000000
 C	0.94282794 -17.77098889 3.40000000
 C	3.38448334 -17.47119131 3.40000000
 C	-11.26544903 -19.26997682 3.40000000
 C	15.59276031 -15.97220338 3.40000000
 C	-13.70710442 -19.56977441 3.40000000
 C	18.03441570 -15.67240580 3.40000000
 C	-16.14881679 -19.86957899 3.40000000
 C	20.47601413 -15.37261521 3.40000000
 C	-18.59035824 -20.16936258 3.40000000
 C	22.91772649 -15.07281062 3.40000000
 C	-21.03207060 -20.46916716 3.40000000
 C	25.35943886 -14.77300604 3.40000000
 C	-23.47378297 -20.76897174 3.40000000
 C	27.80098031 -14.47322245 3.40000000
 C	-25.91538139 -21.06876233 3.40000000
 C	30.24269267 -14.17341787 3.40000000
 C	-28.35703679 -21.36855992 3.40000000
 C	32.68434807 -13.87362028 3.40000000
 C	-30.79874915 -21.66836450 3.40000000
 C	35.12594649 -13.57382969 3.40000000
 C	-33.24029060 -21.96814809 3.40000000
 C	-1.49888442 -18.07079347 3.40000000
 C	5.82608176 -17.17140072 3.40000000
 C	-35.68200297 -22.26795268 3.40000000
 C	-3.94042587 -18.37057707 3.40000000
 C	8.26779413 -16.87159614 3.40000000
 C	-6.38213824 -18.67038165 3.40000000
 C	10.70950649 -16.57179156 3.40000000
 C	2.07713800 -16.91622495 3.40000000
 C	-10.13108200 -18.41520588 3.40000000
 C	14.28535800 -15.41724402 3.40000000
 C	-12.57279437 -18.71501046 3.40000000
 C	16.72707036 -15.11743944 3.40000000
 C	-15.01450673 -19.01481504 3.40000000
 C	19.16878273 -14.81763486 3.40000000
 C	-17.45621910 -19.31461963 3.40000000
 C	21.61032418 -14.51785126 3.40000000
 C	-19.89776055 -19.61440322 3.40000000
 C	24.05203655 -14.21804668 3.40000000
 C	-0.36457437 -17.21602953 3.40000000
 C	-22.33947291 -19.91420780 3.40000000
 C	26.49357800 -13.91826309 3.40000000
 C	4.51885037 -16.61642037 3.40000000
 C	-24.78101436 -20.21399140 3.40000000
 C	28.93529036 -13.61845851 3.40000000
 C	-27.22272673 -20.51379598 3.40000000
 C	31.37700273 -13.31865393 3.40000000
 C	-29.66443910 -20.81360056 3.40000000
 C	33.81871510 -13.01884935 3.40000000
 C	-32.10615146 -21.11340514 3.40000000
 C	36.26025655 -12.71906575 3.40000000
 C	-34.54769291 -21.41318873 3.40000000
 C	-2.80628673 -17.51583411 3.40000000
 C	6.96039182 -16.31663678 3.40000000
 C	-5.24782818 -17.81561771 3.40000000
 C	9.40210418 -16.01683220 3.40000000
 C	-7.68954055 -18.11542229 3.40000000
 C	11.84364563 -15.71704860 3.40000000
 C	1.90402332 -15.50655449 3.40000000
 C	-10.30425366 -17.00554242 3.40000000
 C	14.11224331 -14.00757356 3.40000000
 C	-12.74590905 -17.30534001 3.40000000
 C	16.55395568 -13.70776898 3.40000000
 C	-15.18762142 -17.60514459 3.40000000
 C	18.99561107 -13.40797140 3.40000000
 C	-17.62916287 -17.90492818 3.40000000
 C	21.43720950 -13.10818081 3.40000000
 C	-20.07087523 -18.20473276 3.40000000
 C	23.87892186 -12.80837623 3.40000000
 C	-22.51258760 -18.50453734 3.40000000
 C	-0.53768905 -15.80635908 3.40000000
 C	26.32063423 -12.50857164 3.40000000
 C	4.34567871 -15.20675691 3.40000000
 C	-24.95418602 -18.80432793 3.40000000
 C	28.76217568 -12.20878805 3.40000000
 C	-27.39584141 -19.10412552 3.40000000
 C	31.20388805 -11.90898347 3.40000000
 C	-29.83755378 -19.40393010 3.40000000
 C	33.64554344 -11.60918588 3.40000000
 C	-32.27909523 -19.70371370 3.40000000
 C	36.08714186 -11.30939529 3.40000000
 C	-34.72080760 -20.00351828 3.40000000
 C	-2.97923050 -16.10614267 3.40000000
 C	6.78727713 -14.90696632 3.40000000
 C	-5.42094287 -16.40594725 3.40000000
 C	9.22898950 -14.60716174 3.40000000
 C	-7.86265523 -16.70575183 3.40000000
 C	11.67070186 -14.30735716 3.40000000
 C	-9.16986420 -16.15071866 3.40000000
 C	12.80486343 -13.45256137 3.40000000
 C	0.59664343 -14.95154231 3.40000000
 C	3.03835580 -14.65173772 3.40000000
 C	-11.61157657 -16.45052324 3.40000000
 C	15.24657580 -13.15275679 3.40000000
 C	-14.05328893 -16.75032782 3.40000000
 C	17.68828816 -12.85295221 3.40000000
 C	-16.49500130 -17.05013240 3.40000000
 C	20.13000053 -12.55314763 3.40000000
 C	-18.93654275 -17.34991599 3.40000000
 C	22.57154198 -12.25336404 3.40000000
 C	-21.37825511 -17.64972057 3.40000000
 C	25.01325435 -11.95355946 3.40000000
 C	-23.81979656 -17.94950417 3.40000000
 C	27.45479580 -11.65377586 3.40000000
 C	-26.26150893 -18.24930875 3.40000000
 C	29.89650816 -11.35397128 3.40000000
 C	-28.70322130 -18.54911333 3.40000000
 C	32.33822053 -11.05416670 3.40000000
 C	-31.14493366 -18.84891791 3.40000000
 C	34.77993290 -10.75436212 3.40000000
 C	-33.58647511 -19.14870151 3.40000000
 C	37.22147435 -10.45457852 3.40000000
 C	-1.84506893 -15.25134689 3.40000000
 C	5.48006817 -14.35193314 3.40000000
 C	-4.28661038 -15.55113048 3.40000000
 C	7.92160962 -14.05214955 3.40000000
 C	-6.72832275 -15.85093506 3.40000000
 C	10.36332198 -13.75234497 3.40000000
 C	-9.34308071 -14.74116087 3.40000000
 C	12.63187481 -12.04297561 3.40000000
 C	0.42348389 -13.54197752 3.40000000
 C	2.86519626 -13.24217294 3.40000000
 C	-11.78473610 -15.04095845 3.40000000
 C	15.07341626 -11.74319201 3.40000000
 C	-14.22644847 -15.34076304 3.40000000
 C	17.51512863 -11.44338743 3.40000000
 C	-16.66798992 -15.64054663 3.40000000
 C	19.95678402 -11.14358984 3.40000000
 C	-19.10970229 -15.94035121 3.40000000
 C	22.39838244 -10.84379925 3.40000000
 C	-21.55141465 -16.24015579 3.40000000
 C	24.84009481 -10.54399467 3.40000000
 C	-23.99301308 -16.53994638 3.40000000
 C	27.28180717 -10.24419009 3.40000000
 C	-26.43466847 -16.83974397 3.40000000
 C	29.72334862 -9.94440650 3.40000000
 C	-28.87638084 -17.13954855 3.40000000
 C	32.16506099 -9.64460192 3.40000000
 C	-31.31792229 -17.43933214 3.40000000
 C	34.60671638 -9.34480433 3.40000000
 C	-33.75963465 -17.73913672 3.40000000
 C	37.04831481 -9.04501374 3.40000000
 C	-2.01805756 -13.84176112 3.40000000
 C	5.30685165 -12.94237536 3.40000000
 C	-4.45976992 -14.14156570 3.40000000
 C	7.74845008 -12.64258477 3.40000000
 C	-6.90148229 -14.44137028 3.40000000
 C	10.19016244 -12.34278019 3.40000000
 C	1.55779395 -12.68721359 3.40000000
 C	-10.65042605 -14.18619452 3.40000000
 C	13.76601395 -11.18823266 3.40000000
 C	-13.09213842 -14.48599910 3.40000000
 C	16.20772631 -10.88842808 3.40000000
 C	-15.53385078 -14.78580368 3.40000000
 C	18.64943868 -10.58862350 3.40000000
 C	-17.97539223 -15.08558728 3.40000000
 C	21.09115105 -10.28881892 3.40000000
 C	-20.41710460 -15.38539186 3.40000000
 C	23.53269250 -9.98903532 3.40000000
 C	-22.85864605 -15.68517545 3.40000000
 C	25.97440486 -9.68923074 3.40000000
 C	-0.88391842 -12.98701817 3.40000000
 C	3.99950632 -12.38740901 3.40000000
 C	-25.30035841 -15.98498004 3.40000000
 C	28.41594631 -9.38944715 3.40000000
 C	-27.74207078 -16.28478462 3.40000000
 C	30.85765868 -9.08964257 3.40000000
 C	-30.18378315 -16.58458920 3.40000000
 C	33.29937105 -8.78983798 3.40000000
 C	-32.62532460 -16.88437279 3.40000000
 C	35.74108341 -8.49003340 3.40000000
 C	38.18262486 -8.19024981 3.40000000
 C	-3.32545987 -13.28680177 3.40000000
 C	6.44121868 -12.08760443 3.40000000
 C	-5.76717223 -13.58660635 3.40000000
 C	8.88276013 -11.78782083 3.40000000
 C	-8.20871368 -13.88638994 3.40000000
 C	11.32447250 -11.48801625 3.40000000
 C	1.38470169 -11.27749030 3.40000000
 C	-10.82351830 -12.77647123 3.40000000
 C	13.59309261 -9.77848838 3.40000000
 C	-13.26523067 -13.07627581 3.40000000
 C	16.03463406 -9.47870478 3.40000000
 C	-15.70677212 -13.37605940 3.40000000
 C	18.47634643 -9.17890020 3.40000000
 C	-18.14848449 -13.67586398 3.40000000
 C	20.91800182 -8.87910262 3.40000000
 C	-20.59019685 -13.97566857 3.40000000
 C	23.35960024 -8.57931203 3.40000000
 C	-1.05683976 -11.57727389 3.40000000
 C	-23.03179528 -14.27545916 3.40000000
 C	25.80131261 -8.27950745 3.40000000
 C	3.82641406 -10.97768572 3.40000000
 C	-25.47345067 -14.57525674 3.40000000
 C	28.24302497 -7.97970287 3.40000000
 C	-27.91516304 -14.87506132 3.40000000
 C	30.68456642 -7.67991927 3.40000000
 C	-30.35670449 -15.17484492 3.40000000
 C	33.12627879 -7.38011469 3.40000000
 C	-32.79841685 -15.47464950 3.40000000
 C	35.56793418 -7.08031710 3.40000000
 C	38.00953261 -6.78052651 3.40000000
 C	-3.49855212 -11.87707847 3.40000000
 C	6.26806945 -10.67788813 3.40000000
 C	-5.94026449 -12.17688305 3.40000000
 C	8.70966788 -10.37809754 3.40000000
 C	-8.38186291 -12.47667364 3.40000000
 C	11.15138024 -10.07829296 3.40000000
 C	-9.68920825 -11.92170730 3.40000000
 C	12.28569030 -9.22352903 3.40000000
 C	0.07729938 -10.72253094 3.40000000
 C	2.51901175 -10.42272636 3.40000000
 C	-12.13092061 -12.22151188 3.40000000
 C	14.72723175 -8.92374543 3.40000000
 C	-14.57263298 -12.52131646 3.40000000
 C	17.16894412 -8.62394085 3.40000000
 C	-17.01417443 -12.82110005 3.40000000
 C	19.61065648 -8.32413627 3.40000000
 C	-19.45588680 -13.12090463 3.40000000
 C	22.05236885 -8.02433169 3.40000000
 C	-21.89742825 -13.42068823 3.40000000
 C	24.49391030 -7.72454809 3.40000000
 C	-24.33914061 -13.72049281 3.40000000
 C	26.93562266 -7.42474351 3.40000000
 C	-26.78085298 -14.02029739 3.40000000
 C	29.37716411 -7.12495992 3.40000000
 C	-29.22256535 -14.32010197 3.40000000
 C	31.81887648 -6.82515534 3.40000000
 C	-31.66410680 -14.61988556 3.40000000
 C	34.26058885 -6.52535076 3.40000000
 C	36.70230121 -6.22554618 3.40000000
 C	-2.36424207 -11.02231454 3.40000000
 C	4.96072412 -10.12292178 3.40000000
 C	39.14384266 -5.92576258 3.40000000
 C	-4.80595443 -11.32211912 3.40000000
 C	7.40243648 -9.82311720 3.40000000
 C	-7.24749588 -11.62190271 3.40000000
 C	9.84397793 -9.52333361 3.40000000
 C	-9.86230050 -10.51198400 3.40000000
 C	12.11259804 -7.81380573 3.40000000
 C	-0.09562196 -9.31278666 3.40000000
 C	2.34591949 -9.01300307 3.40000000
 C	-12.30401287 -10.81178858 3.40000000
 C	14.55431041 -7.51400115 3.40000000
 C	-14.74555432 -11.11157218 3.40000000
 C	16.99585186 -7.21421756 3.40000000
 C	-17.18726669 -11.41137676 3.40000000
 C	19.43756423 -6.91441298 3.40000000
 C	-19.62897905 -11.71118134 3.40000000
 C	21.87921962 -6.61461539 3.40000000
 C	-22.07057748 -12.01097193 3.40000000
 C	24.32081804 -6.31482480 3.40000000
 C	-24.51223287 -12.31076951 3.40000000
 C	26.76253041 -6.01502022 3.40000000
 C	-26.95394524 -12.61057410 3.40000000
 C	29.20424277 -5.71521564 3.40000000
 C	-29.39548669 -12.91035769 3.40000000
 C	31.64578422 -5.41543204 3.40000000
 C	-31.83719905 -13.21016227 3.40000000
 C	34.08749659 -5.11562746 3.40000000
 C	36.52915198 -4.81582988 3.40000000
 C	-2.53733432 -9.61259125 3.40000000
 C	4.78763186 -8.71319849 3.40000000
 C	38.97075041 -4.51603929 3.40000000
 C	-4.97904669 -9.91239583 3.40000000
 C	7.22928725 -8.41340090 3.40000000
 C	-7.42064511 -10.21218642 3.40000000
 C	9.67088568 -8.11361031 3.40000000
 C	1.03844990 -8.45820223 3.40000000
 C	-11.16977010 -9.95718316 3.40000000
 C	13.24684082 -6.95920031 3.40000000
 C	15.68838227 -6.65941672 3.40000000
 C	-13.61148246 -10.25698774 3.40000000
 C	-16.05302391 -10.55677134 3.40000000
 C	18.13009463 -6.35961214 3.40000000
 C	-18.49473628 -10.85657592 3.40000000
 C	20.57180700 -6.05980756 3.40000000
 C	-20.93627773 -11.15635951 3.40000000
 C	23.01351936 -5.76000297 3.40000000
 C	-1.40309155 -8.75798582 3.40000000
 C	3.48016227 -8.15839765 3.40000000
 C	-23.37799010 -11.45616409 3.40000000
 C	25.45506081 -5.46021938 3.40000000
 C	-25.81970246 -11.75596867 3.40000000
 C	27.89677318 -5.16041480 3.40000000
 C	30.33831463 -4.86063120 3.40000000
 C	-28.26141483 -12.05577325 3.40000000
 C	-30.70295628 -12.35555685 3.40000000
 C	32.78002700 -4.56082662 3.40000000
 C	35.22173936 -4.26102204 3.40000000
 C	37.66345173 -3.96121746 3.40000000
 C	40.10499318 -3.66143387 3.40000000
 C	-3.84480392 -9.05779040 3.40000000
 C	5.92187463 -7.85859307 3.40000000
 C	-6.28634537 -9.35757400 3.40000000
 C	8.36358700 -7.55878849 3.40000000
 C	-8.72805773 -9.65737858 3.40000000
 C	10.80512845 -7.25900489 3.40000000
 C	0.86552856 -7.04845795 3.40000000
 C	-11.34286235 -8.54745987 3.40000000
 C	13.07374856 -5.54947702 3.40000000
 C	-13.78440380 -8.84724346 3.40000000
 C	15.51546093 -5.24967244 3.40000000
 C	-16.22611617 -9.14704804 3.40000000
 C	17.95700238 -4.94988884 3.40000000
 C	-18.66782854 -9.44685262 3.40000000
 C	20.39871474 -4.65008426 3.40000000
 C	-21.10942696 -9.74664321 3.40000000
 C	22.84037014 -4.35028668 3.40000000
 C	-1.57618381 -7.34826253 3.40000000
 C	3.30707001 -6.74867435 3.40000000
 C	-23.55108235 -10.04644080 3.40000000
 C	25.28196856 -4.05049609 3.40000000
 C	-25.99279472 -10.34624538 3.40000000
 C	27.72368092 -3.75069150 3.40000000
 C	-28.43433617 -10.64602897 3.40000000
 C	30.16539329 -3.45088692 3.40000000
 C	-30.87604854 -10.94583356 3.40000000
 C	32.60693474 -3.15110333 3.40000000
 C	35.04864711 -2.85129875 3.40000000
 C	37.49030250 -2.55150116 3.40000000
 C	39.93190092 -2.25171057 3.40000000
 C	-4.01789617 -7.64806711 3.40000000
 C	5.74878238 -6.44886977 3.40000000
 C	-6.45949459 -7.94785770 3.40000000
 C	8.19043777 -6.14907219 3.40000000
 C	-8.90114999 -8.24765529 3.40000000
 C	10.63203619 -5.84928160 3.40000000
 C	-10.20855230 -7.69269592 3.40000000
 C	11.76634625 -4.99451766 3.40000000
 C	-0.44187375 -6.49349859 3.40000000
 C	1.99966770 -6.19371499 3.40000000
 C	-12.65026467 -7.99250051 3.40000000
 C	14.20805861 -4.69471307 3.40000000
 C	-15.09180612 -8.29228410 3.40000000
 C	16.64960006 -4.39492948 3.40000000
 C	-17.53351848 -8.59208868 3.40000000
 C	19.09131243 -4.09512490 3.40000000
 C	-19.97505993 -8.89187228 3.40000000
 C	21.53302480 -3.79532032 3.40000000
 C	-22.41677230 -9.19167686 3.40000000
 C	23.97473716 -3.49551574 3.40000000
 C	-24.85848466 -9.49148144 3.40000000
 C	26.41627861 -3.19573214 3.40000000
 C	-27.30019703 -9.79128602 3.40000000
 C	28.85799098 -2.89592756 3.40000000
 C	-29.74173848 -10.09106961 3.40000000
 C	31.29953243 -2.59614397 3.40000000
 C	33.74124480 -2.29633939 3.40000000
 C	36.18295716 -1.99653481 3.40000000
 C	-2.88358612 -6.79330317 3.40000000
 C	4.44138007 -5.89391041 3.40000000
 C	38.62466953 -1.69673023 3.40000000
 C	41.06621098 -1.39694663 3.40000000
 C	-5.32512757 -7.09308676 3.40000000
 C	6.88309243 -5.59410583 3.40000000
 C	-7.76683993 -7.39289134 3.40000000
 C	9.32480480 -5.29430125 3.40000000
 C	-10.38164455 -6.28297264 3.40000000
 C	11.59325399 -3.58479437 3.40000000
 C	-0.61496601 -5.08377530 3.40000000
 C	1.82674636 -4.78397072 3.40000000
 C	-12.82318600 -6.58275624 3.40000000
 C	14.03496636 -3.28498979 3.40000000
 C	-15.26489837 -6.88256082 3.40000000
 C	16.47667873 -2.98518521 3.40000000
 C	-17.70661074 -7.18236540 3.40000000
 C	18.91822018 -2.68540162 3.40000000
 C	-20.14820916 -7.48215599 3.40000000
 C	21.35993254 -2.38559703 3.40000000
 C	-22.58986455 -7.78195357 3.40000000
 C	23.80158794 -2.08579945 3.40000000
 C	-25.03157692 -8.08175815 3.40000000
 C	26.24318636 -1.78600886 3.40000000
 C	-27.47311837 -8.38154175 3.40000000
 C	28.68489872 -1.48620428 3.40000000
 C	-29.91483074 -8.68134633 3.40000000
 C	31.12661109 -1.18639970 3.40000000
 C	33.56815254 -0.88661610 3.40000000
 C	36.00986491 -0.58681152 3.40000000
 C	-3.05667837 -5.38357988 3.40000000
 C	4.26828781 -4.48418713 3.40000000
 C	38.45152030 -0.28701394 3.40000000
 C	40.89311872 0.01277665 3.40000000
 C	-5.49827679 -5.68337047 3.40000000
 C	6.71000018 -4.18438255 3.40000000
 C	-7.93993219 -5.98316806 3.40000000
 C	9.15165557 -3.88458496 3.40000000
 C	0.51934405 -4.22901136 3.40000000
 C	-11.68904687 -5.72801328 3.40000000
 C	12.72756405 -2.73003043 3.40000000
 C	-14.13058832 -6.02779687 3.40000000
 C	15.16927641 -2.43022585 3.40000000
 C	-16.57230068 -6.32760145 3.40000000
 C	17.61081786 -2.13044225 3.40000000
 C	-19.01384213 -6.62738505 3.40000000
 C	20.05253023 -1.83063767 3.40000000
 C	-21.45555450 -6.92718963 3.40000000
 C	22.49424260 -1.53083309 3.40000000
 C	-1.92236832 -4.52881594 3.40000000
 C	2.96088550 -3.92922777 3.40000000
 C	-23.89726686 -7.22699421 3.40000000
 C	24.93595496 -1.23102851 3.40000000
 C	-26.33897923 -7.52679879 3.40000000
 C	27.37749641 -0.93124492 3.40000000
 C	-28.78052068 -7.82658239 3.40000000
 C	29.81920878 -0.63144034 3.40000000
 C	32.26075023 -0.33165674 3.40000000
 C	34.70246260 -0.03185216 3.40000000
 C	37.14417496 0.26795242 3.40000000
 C	39.58588733 0.56775700 3.40000000
 C	42.02742878 0.86754060 3.40000000
 C	-4.36390977 -4.82859954 3.40000000
 C	5.40259787 -3.62942319 3.40000000
 C	-6.80562213 -5.12840412 3.40000000
 C	7.84431023 -3.32961860 3.40000000
 C	-9.24733450 -5.42820870 3.40000000
 C	10.28602260 -3.02981402 3.40000000
 C	0.34622937 -2.81934090 3.40000000
 C	-11.86199063 -4.31832184 3.40000000
 C	12.55444936 -1.32035997 3.40000000
 C	-14.30370300 -4.61812642 3.40000000
 C	14.99616173 -1.02055539 3.40000000
 C	-16.74541537 -4.91793100 3.40000000
 C	17.43787410 -0.72075081 3.40000000
 C	-19.18701379 -5.21772159 3.40000000
 C	19.87941555 -0.42096722 3.40000000
 C	-21.62866918 -5.51751917 3.40000000
 C	22.32112791 -0.12116264 3.40000000
 C	-24.07038155 -5.81732375 3.40000000
 C	-2.09548300 -3.11914548 3.40000000
 C	24.76278331 0.17863495 3.40000000
 C	2.78794173 -2.51953632 3.40000000
 C	-26.51192300 -6.11710735 3.40000000
 C	27.20438173 0.47842554 3.40000000
 C	-28.95363536 -6.41691193 3.40000000
 C	29.64609410 0.77823012 3.40000000
 C	32.08780646 1.07803470 3.40000000
 C	34.52934791 1.37781830 3.40000000
 C	36.97106028 1.67762288 3.40000000
 C	39.41271567 1.97742046 3.40000000
 C	41.85431409 2.27721105 3.40000000
 C	-4.53708142 -3.41893607 3.40000000
 C	5.22948318 -2.21975273 3.40000000
 C	-6.97873682 -3.71873366 3.40000000
 C	7.67119555 -1.91994815 3.40000000
 C	-9.42044918 -4.01853824 3.40000000
 C	10.11285094 -1.62015056 3.40000000
 C	-10.72782907 -3.46352605 3.40000000
 C	11.24724040 -0.76532680 3.40000000
 C	-0.96115052 -2.26432872 3.40000000
 C	1.48056185 -1.96452413 3.40000000
 C	-13.16937052 -3.76330965 3.40000000
 C	13.68878185 -0.46554320 3.40000000
 C	-15.61108288 -4.06311423 3.40000000
 C	16.13049421 -0.16573862 3.40000000
 C	-18.05262433 -4.36289782 3.40000000
 C	18.57203566 0.13404497 3.40000000
 C	-20.49433670 -4.66270240 3.40000000
 C	21.01374803 0.43384955 3.40000000
 C	-22.93604906 -4.96250698 3.40000000
 C	23.45546040 0.73365413 3.40000000
 C	-25.37776143 -5.26231157 3.40000000
 C	25.89717276 1.03345872 3.40000000
 C	-27.81930288 -5.56209516 3.40000000
 C	28.33871421 1.33324231 3.40000000
 C	30.78042658 1.63304689 3.40000000
 C	33.22196803 1.93283049 3.40000000
 C	35.66368040 2.23263507 3.40000000
 C	-3.40269197 -2.56411231 3.40000000
 C	3.92210330 -1.66474054 3.40000000
 C	38.10539276 2.53243965 3.40000000
 C	40.54710513 2.83224423 3.40000000
 C	42.98864658 3.13202782 3.40000000
 C	-5.84440433 -2.86391689 3.40000000
 C	6.36381567 -1.36493596 3.40000000
 C	-8.28611670 -3.16372147 3.40000000
 C	8.80552803 -1.06513138 3.40000000
 C	-10.90081769 -2.05394028 3.40000000
 C	11.07402389 0.64423099 3.40000000
 C	-1.13431006 -0.85476393 3.40000000
 C	1.30740231 -0.55495935 3.40000000
 C	-13.34253005 -2.35374486 3.40000000
 C	13.51562231 0.94402158 3.40000000
 C	-15.78424242 -2.65354945 3.40000000
 C	15.95733468 1.24382616 3.40000000
 C	-18.22584084 -2.95334004 3.40000000
 C	18.39904704 1.54363074 3.40000000
 C	-20.66749624 -3.25313762 3.40000000
 C	20.84058849 1.84341434 3.40000000
 C	-23.10920860 -3.55294220 3.40000000
 C	23.28230086 2.14321892 3.40000000
 C	-25.55075005 -3.85272580 3.40000000
 C	25.72395625 2.44301650 3.40000000
 C	-27.99246242 -4.15253038 3.40000000
 C	28.16555467 2.74280709 3.40000000
 C	30.60726704 3.04261167 3.40000000
 C	33.04897941 3.34241625 3.40000000
 C	35.49052086 3.64219985 3.40000000
 C	-3.57590848 -1.15455452 3.40000000
 C	3.74911468 -0.25515477 3.40000000
 C	37.93223322 3.94200443 3.40000000
 C	40.37388862 4.24180202 3.40000000
 C	42.81548704 4.54159261 3.40000000
 C	-6.01756387 -1.45435211 3.40000000
 C	6.19065613 0.04462882 3.40000000
 C	-8.45927624 -1.75415669 3.40000000
 C	8.63236849 0.34443340 3.40000000
 C	0.00000000 0.00000000 3.40000000
 C	-12.20822000 -1.49898093 3.40000000
 C	12.20839092 1.49900192 3.40000000
 C	-14.64993236 -1.79878551 3.40000000
 C	14.64993236 1.79878551 3.40000000
 C	-17.09147381 -2.09856911 3.40000000
 C	17.09164473 2.09859009 3.40000000
 C	-19.53318618 -2.39837369 3.40000000
 C	19.53318618 2.39837369 3.40000000
 C	-21.97489855 -2.69817827 3.40000000
 C	21.97489855 2.69817827 3.40000000
 C	-2.44154145 -0.29978359 3.40000000
 C	-24.41661091 -2.99798285 3.40000000
 C	24.41661091 2.99798285 3.40000000
 C	2.44171237 0.29980458 3.40000000
 C	-26.85815236 -3.29776644 3.40000000
 C	26.85832328 3.29778743 3.40000000
 C	29.29986473 3.59757103 3.40000000
 C	31.74157710 3.89737561 3.40000000
 C	34.18311855 4.19715920 3.40000000
 C	36.62483091 4.49696378 3.40000000
 C	39.06654328 4.79676836 3.40000000
 C	41.50825565 5.09657294 3.40000000
 C	43.94979709 5.39635654 3.40000000
 C	-4.88325382 -0.59958818 3.40000000
 C	4.88325382 0.59958818 3.40000000
 C	-7.32496618 -0.89939276 3.40000000
 C	7.32496618 0.89939276 3.40000000
 C	-9.76667855 -1.19919734 3.40000000
 C	9.76667855 1.19919734 3.40000000
 C	-0.17309226 1.40972329 3.40000000
 C	-12.38131225 -0.08925764 3.40000000
 C	12.03524169 2.90871822 3.40000000
 C	-14.82302462 -0.38906222 3.40000000
 C	14.47684011 3.20850881 3.40000000
 C	-17.26462304 -0.68885281 3.40000000
 C	16.91855248 3.50831339 3.40000000
 C	-19.70627844 -0.98865039 3.40000000
 C	19.36026484 3.80811797 3.40000000
 C	-22.14799080 -1.28845497 3.40000000
 C	21.80180629 4.10790156 3.40000000
 C	-2.61469068 1.10993270 3.40000000
 C	-24.58953225 -1.58823857 3.40000000
 C	24.24351866 4.40770614 3.40000000
 C	2.26862011 1.70952787 3.40000000
 C	-27.03124462 -1.88804315 3.40000000
 C	26.68517405 4.70750373 3.40000000
 C	29.12677247 5.00729432 3.40000000
 C	31.56848484 5.30709890 3.40000000
 C	34.01019721 5.60690348 3.40000000
 C	36.45173866 5.90668708 3.40000000
 C	38.89345102 6.20649166 3.40000000
 C	41.33510642 6.50628924 3.40000000
 C	43.77670484 6.80607983 3.40000000
 C	-5.05634607 0.81013512 3.40000000
 C	4.71033248 2.00933246 3.40000000
 C	-7.49805844 0.51033054 3.40000000
 C	7.15187393 2.30911605 3.40000000
 C	-9.93959989 0.21054694 3.40000000
 C	9.59358629 2.60892063 3.40000000
 C	-11.24700220 0.76550629 3.40000000
 C	10.72789635 3.46368456 3.40000000
 C	-1.48032365 1.96470363 3.40000000
 C	0.96121780 2.26448723 3.40000000
 C	-13.68871456 0.46570171 3.40000000
 C	13.16960872 3.76348914 3.40000000
 C	-16.13025601 0.16591812 3.40000000
 C	15.61115017 4.06327274 3.40000000
 C	-18.57196838 -0.13388646 3.40000000
 C	18.05286253 4.36307732 3.40000000
 C	-21.01368075 -0.43369104 3.40000000
 C	20.49440398 4.66286091 3.40000000
 C	-23.45539311 -0.73349562 3.40000000
 C	22.93611635 4.96266550 3.40000000
 C	-25.89693456 -1.03327922 3.40000000
 C	25.37782871 5.26247008 3.40000000
 C	27.81954108 5.56227466 3.40000000
 C	30.26108253 5.86205825 3.40000000
 C	32.70279490 6.16186283 3.40000000
 C	35.14433635 6.46164643 3.40000000
 C	-3.92203602 1.66489905 3.40000000
 C	3.40293017 2.56429181 3.40000000
 C	37.58604871 6.76145101 3.40000000
 C	40.02776108 7.06125559 3.40000000
 C	42.46947345 7.36106017 3.40000000
 C	44.91101490 7.66084376 3.40000000
 C	-6.36374838 1.36509447 3.40000000
 C	5.84447162 2.86407540 3.40000000
 C	-8.80546075 1.06528989 3.40000000
 C	8.28618398 3.16387998 3.40000000
 C	-11.42009445 2.17522959 3.40000000
 C	10.55480409 4.87340786 3.40000000
 C	-1.65347288 3.37441993 3.40000000
 C	0.78812554 3.67421052 3.40000000
 C	-13.86180682 1.87542501 3.40000000
 C	12.99645949 5.17320544 3.40000000
 C	-16.30340524 1.57563442 3.40000000
 C	15.43805791 5.47299603 3.40000000
 C	-18.74506064 1.27583683 3.40000000
 C	17.87977028 5.77280061 3.40000000
 C	-21.18677300 0.97603225 3.40000000
 C	20.32148264 6.07260519 3.40000000
 C	-23.62831445 0.67624866 3.40000000
 C	22.76302409 6.37238879 3.40000000
 C	-26.07002682 0.37644408 3.40000000
 C	25.20473646 6.67219337 3.40000000
 C	27.64639185 6.97199096 3.40000000
 C	30.08799027 7.27178155 3.40000000
 C	32.52970264 7.57158613 3.40000000
 C	34.97141501 7.87139071 3.40000000
 C	-4.09512827 3.07462235 3.40000000
 C	3.22983791 3.97401510 3.40000000
 C	37.41295646 8.17117430 3.40000000
 C	39.85466882 8.47097888 3.40000000
 C	42.29632422 8.77077647 3.40000000
 C	44.73792264 9.07056706 3.40000000
 C	-6.53684064 2.77481776 3.40000000
 C	5.67155028 4.27381968 3.40000000
 C	-8.97838209 2.47503417 3.40000000
 C	8.11309173 4.57360328 3.40000000
 C	-0.51917313 4.22903235 3.40000000
 C	-12.72756405 2.73003043 3.40000000
 C	11.68904687 5.72801328 3.40000000
 C	-15.16910550 2.43024683 3.40000000
 C	14.13075923 6.02781786 3.40000000
 C	-17.61081786 2.13044225 3.40000000
 C	16.57230068 6.32760145 3.40000000
 C	-20.05253023 1.83063767 3.40000000
 C	19.01401305 6.62740604 3.40000000
 C	21.45555450 6.92718963 3.40000000
 C	-22.49424260 1.53083309 3.40000000
 C	-2.96088550 3.92922777 3.40000000
 C	1.92236832 4.52881594 3.40000000
 C	-24.93578405 1.23104950 3.40000000
 C	23.89726686 7.22699421 3.40000000
 C	26.33897923 7.52679879 3.40000000
 C	28.78069160 7.82660337 3.40000000
 C	31.22223305 8.12638697 3.40000000
 C	33.66394541 8.42619155 3.40000000
 C	36.10548686 8.72597514 3.40000000
 C	38.54719923 9.02577972 3.40000000
 C	40.98891160 9.32558430 3.40000000
 C	43.43062396 9.62538889 3.40000000
 C	45.87216541 9.92517248 3.40000000
 C	-5.40259787 3.62942319 3.40000000
 C	4.36408068 4.82862052 3.40000000
 C	6.80562213 5.12840412 3.40000000
 C	-7.84431023 3.32961860 3.40000000
 C	-10.28585168 3.02983501 3.40000000
 C	9.24733450 5.42820870 3.40000000
 C	-0.69232236 5.63874865 3.40000000
 C	-12.90065630 4.13975372 3.40000000
 C	11.51595461 7.13773657 3.40000000
 C	-15.34225473 3.83996313 3.40000000
 C	13.95761000 7.43753416 3.40000000
 C	-17.78391012 3.54016555 3.40000000
 C	16.39920843 7.73732475 3.40000000
 C	-20.22562249 3.24036097 3.40000000
 C	18.84092079 8.03712933 3.40000000
 C	-22.66716394 2.94057737 3.40000000
 C	21.28263316 8.33693391 3.40000000
 C	-3.13397776 5.33895106 3.40000000
 C	1.74927606 5.93853924 3.40000000
 C	-25.10887630 2.64077279 3.40000000
 C	23.72417461 8.63671750 3.40000000
 C	26.16588697 8.93652209 3.40000000
 C	28.60754237 9.23631967 3.40000000
 C	31.04914079 9.53611026 3.40000000
 C	33.49085316 9.83591484 3.40000000
 C	35.93256552 10.13571942 3.40000000
 C	38.37410697 10.43550302 3.40000000
 C	40.81581934 10.73530760 3.40000000
 C	43.25747473 11.03510518 3.40000000
 C	45.69907316 11.33489577 3.40000000
 C	-5.57569012 5.03914648 3.40000000
 C	4.19098843 6.23834382 3.40000000
 C	-8.01723157 4.73936288 3.40000000
 C	6.63270079 6.53814840 3.40000000
 C	-10.45894394 4.43955830 3.40000000
 C	9.07424224 6.83793199 3.40000000
 C	-11.76634625 4.99451767 3.40000000
 C	10.20855230 7.69269593 3.40000000
 C	-1.99966770 6.19371500 3.40000000
 C	0.44204467 6.49351958 3.40000000
 C	-14.20788770 4.69473407 3.40000000
 C	12.65026466 7.99250052 3.40000000
 C	-16.64960007 4.39492949 3.40000000
 C	15.09197703 8.29230510 3.40000000
 C	-19.09131243 4.09512491 3.40000000
 C	17.53351848 8.59208869 3.40000000
 C	-21.53302480 3.79532033 3.40000000
 C	19.97523085 8.89189327 3.40000000
 C	-23.97456625 3.49553673 3.40000000
 C	22.41677230 9.19167687 3.40000000
 C	24.85848466 9.49148145 3.40000000
 C	27.30019703 9.79128603 3.40000000
 C	29.74190940 10.09109061 3.40000000
 C	32.18345085 10.39087420 3.40000000
 C	34.62516321 10.69067878 3.40000000
 C	-4.44138007 5.89391042 3.40000000
 C	2.88358612 6.79330318 3.40000000
 C	37.06670466 10.99046238 3.40000000
 C	39.50841703 11.29026696 3.40000000
 C	41.95012939 11.59007154 3.40000000
 C	44.39184176 11.88987612 3.40000000
 C	46.83338321 12.18965972 3.40000000
 C	-6.88309243 5.59410584 3.40000000
 C	5.32529848 7.09310776 3.40000000
 C	-9.32463388 5.29432225 3.40000000
 C	7.76683993 7.39289135 3.40000000
 C	-11.93943850 6.40424095 3.40000000
 C	10.03546004 9.10241922 3.40000000
 C	-2.17275995 7.60343829 3.40000000
 C	0.26889544 7.90323587 3.40000000
 C	-14.38103693 6.10445036 3.40000000
 C	12.47717241 9.40222380 3.40000000
 C	-16.82269232 5.80465277 3.40000000
 C	14.91882780 9.70202139 3.40000000
 C	-19.26440469 5.50484819 3.40000000
 C	17.36042623 10.00181198 3.40000000
 C	-21.70594614 5.20506460 3.40000000
 C	19.80213859 10.30161656 3.40000000
 C	-24.14765850 4.90526002 3.40000000
 C	22.24385096 10.60142114 3.40000000
 C	24.68539241 10.90120473 3.40000000
 C	27.12710478 11.20100931 3.40000000
 C	29.56876017 11.50080690 3.40000000
 C	32.01035859 11.80059749 3.40000000
 C	34.45207096 12.10040207 3.40000000
 C	-4.61447232 7.30363371 3.40000000
 C	2.71049386 8.20302646 3.40000000
 C	36.89378332 12.40020665 3.40000000
 C	39.33532477 12.69999024 3.40000000
 C	41.77703714 12.99979482 3.40000000
 C	44.21869253 13.29959241 3.40000000
 C	46.66029096 13.59938300 3.40000000
 C	-7.05601377 7.00385011 3.40000000
 C	5.15220623 8.50283104 3.40000000
 C	-9.49772614 6.70404553 3.40000000
 C	7.59391859 8.80263562 3.40000000
 C	-1.03844990 8.45820223 3.40000000
 C	-13.24666990 6.95922130 3.40000000
 C	11.16977010 9.95718316 3.40000000
 C	-15.68838227 6.65941672 3.40000000
 C	13.61148246 10.25698774 3.40000000
 C	-18.13009463 6.35961214 3.40000000
 C	16.05319483 10.55679232 3.40000000
 C	-20.57180700 6.05980756 3.40000000
 C	18.49473628 10.85657592 3.40000000
 C	-23.01334845 5.76002396 3.40000000
 C	20.93644865 11.15638050 3.40000000
 C	-3.48016227 8.15839765 3.40000000
 C	23.37799010 11.45616409 3.40000000
 C	1.40326247 8.75800681 3.40000000
 C	25.81970246 11.75596867 3.40000000
 C	28.26141483 12.05577325 3.40000000
 C	30.70312720 12.35557784 3.40000000
 C	33.14466865 12.65536143 3.40000000
 C	35.58638101 12.95516601 3.40000000
 C	38.02792246 13.25494961 3.40000000
 C	40.46963483 13.55475419 3.40000000
 C	42.91134719 13.85455877 3.40000000
 C	45.35305956 14.15436335 3.40000000
 C	47.79460101 14.45414694 3.40000000
 C	-5.92187463 7.85859307 3.40000000
 C	3.84480392 9.05779040 3.40000000
 C	-8.36341608 7.55880947 3.40000000
 C	6.28651628 9.35759499 3.40000000
 C	-10.80512845 7.25900489 3.40000000
 C	8.72805773 9.65737858 3.40000000
 C	-1.21156458 9.86787269 3.40000000
 C	-13.41984155 8.36888476 3.40000000
 C	10.99665541 11.36685362 3.40000000
 C	-15.86149695 8.06908717 3.40000000
 C	13.43836778 11.66665820 3.40000000
 C	-18.30320932 7.76928259 3.40000000
 C	15.88002318 11.96645578 3.40000000
 C	-20.74475076 7.46949900 3.40000000
 C	18.32162160 12.26624637 3.40000000
 C	-23.18646313 7.16969442 3.40000000
 C	20.76333396 12.56605096 3.40000000
 C	-3.65327695 9.56806811 3.40000000
 C	23.20504633 12.86585554 3.40000000
 C	1.23009081 10.16767027 3.40000000
 C	25.64658778 13.16563913 3.40000000
 C	28.08830015 13.46544371 3.40000000
 C	30.52995554 13.76524130 3.40000000
 C	32.97155396 14.06503189 3.40000000
 C	35.41326633 14.36483647 3.40000000
 C	37.85497869 14.66464105 3.40000000
 C	40.29652014 14.96442464 3.40000000
 C	42.73823251 15.26422922 3.40000000
 C	45.17988791 15.56402681 3.40000000
 C	-6.09481840 9.26828451 3.40000000
 C	47.62148633 15.86381740 3.40000000
 C	3.67168923 10.46746086 3.40000000
 C	-8.53653077 8.96847993 3.40000000
 C	6.11340160 10.76726544 3.40000000
 C	-10.97824313 8.66867535 3.40000000
 C	8.55511397 11.06707002 3.40000000
 C	-12.28545210 9.22370852 3.40000000
 C	9.68927553 11.92186581 3.40000000
 C	-2.51894447 10.42288488 3.40000000
 C	-0.07723210 10.72268946 3.40000000
 C	-14.72716446 8.92390394 3.40000000
 C	12.13098790 12.22167039 3.40000000
 C	-17.16887683 8.62409936 3.40000000
 C	14.57270027 12.52147497 3.40000000
 C	-19.61058920 8.32429478 3.40000000
 C	17.01441263 12.82127955 3.40000000
 C	-22.05213065 8.02451119 3.40000000
 C	19.45595408 13.12106314 3.40000000
 C	21.89766645 13.42086772 3.40000000
 C	24.33920790 13.72065132 3.40000000
 C	26.78092026 14.02045590 3.40000000
 C	29.22263263 14.32026048 3.40000000
 C	31.66434500 14.62006506 3.40000000
 C	34.10588645 14.91984866 3.40000000
 C	-4.96065683 10.12308029 3.40000000
 C	2.36448027 11.02249404 3.40000000
 C	36.54759881 15.21965324 3.40000000
 C	38.98914026 15.51943683 3.40000000
 C	41.43085263 15.81924141 3.40000000
 C	43.87256499 16.11904599 3.40000000
 C	46.31427736 16.41885057 3.40000000
 C	48.75581881 16.71863417 3.40000000
 C	-7.40219828 9.82329670 3.40000000
 C	4.80602172 11.32227763 3.40000000
 C	-9.84391065 9.52349212 3.40000000
 C	7.24773408 11.62208221 3.40000000
 C	-12.45866861 10.63326631 3.40000000
 C	9.51628691 13.33145158 3.40000000
 C	-2.69210401 11.83244966 3.40000000
 C	-0.25039164 12.13225424 3.40000000
 C	-14.90032400 10.33346873 3.40000000
 C	11.95782836 13.63123517 3.40000000
 C	-17.34203637 10.03366415 3.40000000
 C	14.39954073 13.93103975 3.40000000
 C	-19.78357782 9.73388055 3.40000000
 C	16.84119612 14.23083734 3.40000000
 C	-22.22529019 9.43407597 3.40000000
 C	19.28279454 14.53062793 3.40000000
 C	21.72450691 14.83043251 3.40000000
 C	24.16621927 15.13023709 3.40000000
 C	26.60776072 15.43002068 3.40000000
 C	29.04947309 15.72982526 3.40000000
 C	31.49112848 16.02962285 3.40000000
 C	33.93272691 16.32941344 3.40000000
 C	-5.13364546 11.53266606 3.40000000
 C	2.19126375 12.43205182 3.40000000
 C	36.37443927 16.62921802 3.40000000
 C	38.81615164 16.92902260 3.40000000
 C	41.25769309 17.22880620 3.40000000
 C	43.69940546 17.52861078 3.40000000
 C	46.14106085 17.82840836 3.40000000
 C	48.58265927 18.12819895 3.40000000
 C	-7.57535782 11.23286148 3.40000000
 C	4.63286218 12.73184241 3.40000000
 C	-10.01707019 10.93305690 3.40000000
 C	7.07457454 13.03164700 3.40000000
 C	-1.55779395 12.68721359 3.40000000
 C	-13.76601395 11.18823266 3.40000000
 C	10.65042605 14.18619452 3.40000000
 C	-16.20772631 10.88842808 3.40000000
 C	13.09213842 14.48599910 3.40000000
 C	-18.64943868 10.58862350 3.40000000
 C	15.53385078 14.78580368 3.40000000
 C	-21.09098013 10.28883990 3.40000000
 C	17.97556315 15.08560826 3.40000000
 C	20.41710460 15.38539186 3.40000000
 C	22.85881696 15.68519644 3.40000000
 C	-3.99950632 12.38740901 3.40000000
 C	0.88391842 12.98701817 3.40000000
 C	25.30035841 15.98498004 3.40000000
 C	27.74207078 16.28478462 3.40000000
 C	30.18378315 16.58458920 3.40000000
 C	32.62549551 16.88439378 3.40000000
 C	35.06703696 17.18417737 3.40000000
 C	37.50874933 17.48398195 3.40000000
 C	39.95029078 17.78376555 3.40000000
 C	42.39200315 18.08357013 3.40000000
 C	44.83371551 18.38337471 3.40000000
 C	-6.44104777 12.08762541 3.40000000
 C	47.27542788 18.68317929 3.40000000
 C	3.32563078 13.28682275 3.40000000
 C	49.71696933 18.98296288 3.40000000
 C	-8.88276013 11.78782083 3.40000000
 C	5.76717223 13.58660635 3.40000000
 C	-11.32430158 11.48803724 3.40000000
 C	8.20888460 13.88641093 3.40000000
 C	-1.73088621 14.09693688 3.40000000
 C	-13.93910620 12.59795595 3.40000000
 C	10.47750471 15.59593880 3.40000000
 C	-16.38081857 12.29815137 3.40000000
 C	12.91904616 15.89572240 3.40000000
 C	-18.82236002 11.99836778 3.40000000
 C	15.36075853 16.19552698 3.40000000
 C	-21.26407239 11.69856320 3.40000000
 C	17.80241392 16.49532456 3.40000000
 C	20.24401234 16.79511515 3.40000000
 C	-4.17242766 13.79715329 3.40000000
 C	22.68572471 17.09491973 3.40000000
 C	0.71082616 14.39674147 3.40000000
 C	25.12743707 17.39472432 3.40000000
 C	27.56897852 17.69450791 3.40000000
 C	30.01069089 17.99431249 3.40000000
 C	32.45234628 18.29411008 3.40000000
 C	34.89394471 18.59390067 3.40000000
 C	37.33565707 18.89370525 3.40000000
 C	39.77736944 19.19350983 3.40000000
 C	42.21891089 19.49329342 3.40000000
 C	44.66062326 19.79309800 3.40000000
 C	-6.61414002 13.49734871 3.40000000
 C	47.10227865 20.09289559 3.40000000
 C	3.15248156 14.69653905 3.40000000
 C	49.54387707 20.39268618 3.40000000
 C	-9.05585239 13.19754413 3.40000000
 C	5.59407998 14.99632964 3.40000000
 C	-11.49745081 12.89775354 3.40000000
 C	8.03579234 15.29613422 3.40000000
 C	-12.80479615 13.45271989 3.40000000
 C	9.17010240 16.15089815 3.40000000
 C	-3.03828852 14.65189624 3.40000000
 C	-0.59657615 14.95170082 3.40000000
 C	-15.24650851 13.15291530 3.40000000
 C	11.61164385 16.45068175 3.40000000
 C	-17.68822088 12.85311072 3.40000000
 C	14.05335622 16.75048633 3.40000000
 C	-20.12976233 12.55332713 3.40000000
 C	16.49506858 17.05029091 3.40000000
 C	18.93678095 17.35009549 3.40000000
 C	21.37832240 17.64987909 3.40000000
 C	23.82003476 17.94968367 3.40000000
 C	26.26157621 18.24946726 3.40000000
 C	28.70328858 18.54927184 3.40000000
 C	31.14500095 18.84907642 3.40000000
 C	33.58671331 19.14888100 3.40000000
 C	-5.47982997 14.35211264 3.40000000
 C	1.84513622 15.25150540 3.40000000
 C	36.02825476 19.44866460 3.40000000
 C	38.46996713 19.74846918 3.40000000
 C	40.91150858 20.04825277 3.40000000
 C	43.35322095 20.34805736 3.40000000
 C	45.79493331 20.64786194 3.40000000
 C	48.23664568 20.94766652 3.40000000
 C	50.67818713 21.24745011 3.40000000
 C	-7.92154233 14.05230806 3.40000000
 C	4.28684858 15.55130998 3.40000000
 C	-10.36308378 13.75252447 3.40000000
 C	6.72839003 15.85109357 3.40000000
 C	-12.97788840 14.86244318 3.40000000
 C	8.99701014 17.56062145 3.40000000
 C	-3.21120986 16.06164052 3.40000000
 C	-0.76966841 16.36142411 3.40000000
 C	-15.41960077 14.56263860 3.40000000
 C	11.43872251 17.86042603 3.40000000
 C	-17.86114222 14.26285500 3.40000000
 C	13.88026396 18.16020962 3.40000000
 C	-20.30285459 13.96305042 3.40000000
 C	16.32197633 18.46001420 3.40000000
 C	18.76363172 18.75981179 3.40000000
 C	21.20523014 19.05960238 3.40000000
 C	23.64694251 19.35940696 3.40000000
 C	26.08865487 19.65921154 3.40000000
 C	28.53019632 19.95899514 3.40000000
 C	30.97190869 20.25879972 3.40000000
 C	33.41356409 20.55859730 3.40000000
 C	-5.65292222 15.76183594 3.40000000
 C	1.67204396 16.66122869 3.40000000
 C	35.85516251 20.85838789 3.40000000
 C	38.29687487 21.15819247 3.40000000
 C	40.73858724 21.45799705 3.40000000
 C	43.18012869 21.75778065 3.40000000
 C	45.62184106 22.05758523 3.40000000
 C	48.06349645 22.35738282 3.40000000
 C	50.50509487 22.65717341 3.40000000
 C	-8.09463459 15.46203135 3.40000000
 C	4.11369936 16.96102628 3.40000000
 C	-10.53623301 15.16224076 3.40000000
 C	6.55529778 17.26081687 3.40000000
 C	-2.07713800 16.91622495 3.40000000
 C	-14.28535800 15.41724402 3.40000000
 C	10.13125292 18.41522687 3.40000000
 C	12.57279437 18.71501046 3.40000000
 C	-16.72707036 15.11743944 3.40000000
 C	-19.16861181 14.81765584 3.40000000
 C	15.01450673 19.01481504 3.40000000
 C	17.45621910 19.31461963 3.40000000
 C	19.89793146 19.61442421 3.40000000
 C	-4.51867945 16.61644136 3.40000000
 C	0.36457437 17.21602953 3.40000000
 C	22.33947291 19.91420780 3.40000000
 C	24.78118528 20.21401238 3.40000000
 C	27.22272673 20.51379598 3.40000000
 C	29.66443910 20.81360056 3.40000000
 C	32.10615146 21.11340514 3.40000000
 C	34.54786383 21.41320972 3.40000000
 C	36.98940528 21.71299331 3.40000000
 C	39.43111765 22.01279789 3.40000000
 C	41.87265910 22.31258149 3.40000000
 C	44.31437146 22.61238607 3.40000000
 C	46.75608383 22.91219065 3.40000000
 C	-6.96039182 16.31663678 3.40000000
 C	2.80628673 17.51583411 3.40000000
 C	49.19779619 23.21199523 3.40000000
 C	51.63933764 23.51177883 3.40000000
 C	-9.40193327 16.01685318 3.40000000
 C	5.24799910 17.81563869 3.40000000
 C	-11.84364563 15.71704860 3.40000000
 C	7.68954055 18.11542229 3.40000000
 C	-2.25005934 18.32596923 3.40000000
 C	-14.45845025 16.82696731 3.40000000
 C	9.95816066 19.82495016 3.40000000
 C	-16.89999170 16.52718372 3.40000000
 C	12.39987303 20.12475474 3.40000000
 C	-19.34170407 16.22737914 3.40000000
 C	14.84141448 20.42453834 3.40000000
 C	17.28312684 20.72434292 3.40000000
 C	19.72478224 21.02414051 3.40000000
 C	-4.69177170 18.02616465 3.40000000
 C	0.19148211 18.62575283 3.40000000
 C	22.16638066 21.32393110 3.40000000
 C	24.60809302 21.62373568 3.40000000
 C	27.04980539 21.92354026 3.40000000
 C	29.49134684 22.22332385 3.40000000
 C	31.93305921 22.52312843 3.40000000
 C	34.37471460 22.82292602 3.40000000
 C	36.81631302 23.12271661 3.40000000
 C	39.25802539 23.42252119 3.40000000
 C	41.69973776 23.72232577 3.40000000
 C	44.14127921 24.02210936 3.40000000
 C	46.58299157 24.32191395 3.40000000
 C	-7.13348407 17.72636007 3.40000000
 C	2.63319448 18.92555741 3.40000000
 C	49.02464697 24.62171153 3.40000000
 C	51.46624539 24.92150212 3.40000000
 C	-9.57508249 17.42656948 3.40000000
 C	5.07484987 19.22535499 3.40000000
 C	-12.01673789 17.12677189 3.40000000
 C	7.51644829 19.52514558 3.40000000
 C	-13.32414020 17.68173126 3.40000000
 C	8.65075835 20.37990953 3.40000000
 C	-3.55746165 18.88092859 3.40000000
 C	-1.11592020 19.18071219 3.40000000
 C	-15.76585257 17.38192668 3.40000000
 C	11.09247071 20.67971411 3.40000000
 C	-18.20739402 17.08214308 3.40000000
 C	13.53401216 20.97949770 3.40000000
 C	15.97572453 21.27930228 3.40000000
 C	18.41743690 21.57910686 3.40000000
 C	20.85914926 21.87891144 3.40000000
 C	23.30069071 22.17869504 3.40000000
 C	25.74240308 22.47849962 3.40000000
 C	28.18394453 22.77828321 3.40000000
 C	30.62565690 23.07808779 3.40000000
 C	33.06736926 23.37789237 3.40000000
 C	-5.99917402 18.58112401 3.40000000
 C	1.32579217 19.48051677 3.40000000
 C	35.50908163 23.67769696 3.40000000
 C	37.95062308 23.97748055 3.40000000
 C	40.39233544 24.27728513 3.40000000
 C	42.83387689 24.57706873 3.40000000
 C	45.27558926 24.87687331 3.40000000
 C	47.71730163 25.17667789 3.40000000
 C	50.15901399 25.47648247 3.40000000
 C	52.60055544 25.77626606 3.40000000
 C	-8.44071547 18.28134042 3.40000000
 C	3.76750453 19.78032135 3.40000000
 C	-10.88242783 17.98153584 3.40000000
 C	6.20921690 20.08012593 3.40000000
 C	-13.49723245 19.09145454 3.40000000
 C	8.47766609 21.78963281 3.40000000
 C	-3.73055390 20.29065188 3.40000000
 C	-1.28884154 20.59045646 3.40000000
 C	-15.93877390 18.79167095 3.40000000
 C	10.91937846 22.08943739 3.40000000
 C	-18.38048627 18.49186636 3.40000000
 C	13.36109083 22.38924197 3.40000000
 C	15.80263228 22.68902557 3.40000000
 C	18.24434464 22.98883015 3.40000000
 C	20.68600004 23.28862773 3.40000000
 C	23.12759846 23.58841832 3.40000000
 C	25.56931083 23.88822290 3.40000000
 C	28.01102319 24.18802748 3.40000000
 C	30.45256464 24.48781108 3.40000000
 C	32.89427701 24.78761566 3.40000000
 C	-6.17226627 19.99084730 3.40000000
 C	1.15269991 20.89024005 3.40000000
 C	35.33593240 25.08741324 3.40000000
 C	37.77753082 25.38720383 3.40000000
 C	40.21924319 25.68700842 3.40000000
 C	42.66095556 25.98681300 3.40000000
 C	45.10249701 26.28659659 3.40000000
 C	47.54420937 26.58640117 3.40000000
 C	49.98586477 26.88619876 3.40000000
 C	52.42746319 27.18598935 3.40000000
 C	-8.61386469 19.69105671 3.40000000
 C	3.59441228 21.19004463 3.40000000
 C	-11.05552009 19.39125912 3.40000000
 C	6.03606767 21.48984222 3.40000000
 C	-2.59624385 21.14541582 3.40000000
 C	-14.80463477 19.64641390 3.40000000
 C	9.61197615 22.64439675 3.40000000
 C	-17.24617621 19.34663031 3.40000000
 C	12.05368852 22.94420133 3.40000000
 C	14.49522996 23.24398493 3.40000000
 C	16.93694233 23.54378951 3.40000000
 C	19.37865470 23.84359409 3.40000000
 C	-5.03795622 20.84561124 3.40000000
 C	-0.15470240 21.44519941 3.40000000
 C	21.82036706 24.14339867 3.40000000
 C	24.26190851 24.44318226 3.40000000
 C	26.70362088 24.74298685 3.40000000
 C	29.14516233 25.04277044 3.40000000
 C	31.58687470 25.34257502 3.40000000
 C	34.02858706 25.64237960 3.40000000
 C	36.47029943 25.94218418 3.40000000
 C	38.91184088 26.24196778 3.40000000
 C	41.35355324 26.54177236 3.40000000
 C	43.79509469 26.84155595 3.40000000
 C	-7.47949767 20.54582764 3.40000000
 C	46.23680706 27.14136053 3.40000000
 C	2.28700997 21.74500400 3.40000000
 C	48.67851943 27.44116511 3.40000000
 C	51.12023179 27.74096969 3.40000000
 C	53.56177324 28.04075329 3.40000000
 C	-9.92121003 20.24602306 3.40000000
 C	4.72872233 22.04480858 3.40000000
 C	-12.36292240 19.94621848 3.40000000
 C	7.17043470 22.34461316 3.40000000
 C	-2.76935853 22.55508628 3.40000000
 C	-14.97757853 21.05610534 3.40000000
 C	9.43886147 24.05406721 3.40000000
 C	-17.41929090 20.75630076 3.40000000
 C	11.88057383 24.35387179 3.40000000
 C	14.32228620 24.65367637 3.40000000
 C	16.76382765 24.95345996 3.40000000
 C	19.20554001 25.25326455 3.40000000
 C	-5.21107090 22.25528170 3.40000000
 C	21.64719541 25.55306213 3.40000000
 C	-0.32764617 22.85489086 3.40000000
 C	24.08879383 25.85285272 3.40000000
 C	26.53050620 26.15265730 3.40000000
 C	28.97221856 26.45246188 3.40000000
 C	31.41376001 26.75224548 3.40000000
 C	33.85547238 27.05205006 3.40000000
 C	36.29712777 27.35184764 3.40000000
 C	38.73872620 27.65163823 3.40000000
 C	41.18043856 27.95144281 3.40000000
 C	43.62215093 28.25124740 3.40000000
 C	-7.65266932 21.95549111 3.40000000
 C	46.06369238 28.55103099 3.40000000
 C	2.11389528 23.15467445 3.40000000
 C	48.50540474 28.85083557 3.40000000
 C	50.94706014 29.15063316 3.40000000
 C	53.38865856 29.45042375 3.40000000
 C	-10.09432472 21.65569352 3.40000000
 C	4.55560765 23.45447903 3.40000000
 C	-12.53603708 21.35588894 3.40000000
 C	6.99726304 23.75427662 3.40000000
 C	-13.84341696 21.91090113 3.40000000
 C	8.13165250 24.60910038 3.40000000
 C	-4.07673842 23.11009847 3.40000000
 C	-1.63502605 23.40990305 3.40000000
 C	-16.28495841 21.61111753 3.40000000
 C	10.57319395 24.90888398 3.40000000
 C	13.01490632 25.20868856 3.40000000
 C	15.45644777 25.50847215 3.40000000
 C	17.89816013 25.80827673 3.40000000
 C	20.33987250 26.10808132 3.40000000
 C	22.78158486 26.40788590 3.40000000
 C	25.22312631 26.70766949 3.40000000
 C	27.66483868 27.00747407 3.40000000
 C	30.10638013 27.30725767 3.40000000
 C	32.54809250 27.60706225 3.40000000
 C	-6.51827987 22.81031487 3.40000000
 C	0.80651540 23.70968664 3.40000000
 C	34.98980486 27.90686683 3.40000000
 C	37.43151723 28.20667141 3.40000000
 C	39.87305868 28.50645500 3.40000000
 C	42.31477105 28.80625958 3.40000000
 C	44.75631250 29.10604318 3.40000000
 C	47.19802486 29.40584776 3.40000000
 C	49.63973723 29.70565234 3.40000000
 C	52.08144959 30.00545692 3.40000000
 C	54.52299104 30.30524052 3.40000000
 C	-8.95999223 22.51051029 3.40000000
 C	3.24822777 24.00949122 3.40000000
 C	-11.40170460 22.21070571 3.40000000
 C	5.68994013 24.30929580 3.40000000
 C	-14.01640559 23.32048690 3.40000000
 C	7.95843599 26.01865817 3.40000000
 C	-4.24989796 24.51966325 3.40000000
 C	-1.80818559 24.81946783 3.40000000
 C	-16.45811795 23.02068232 3.40000000
 C	10.40003441 26.31844876 3.40000000
 C	12.84174678 26.61825334 3.40000000
 C	15.28345914 26.91805792 3.40000000
 C	17.72500059 27.21784152 3.40000000
 C	20.16671296 27.51764610 3.40000000
 C	22.60836835 27.81744368 3.40000000
 C	25.04996677 28.11723427 3.40000000
 C	27.49167914 28.41703885 3.40000000
 C	29.93339151 28.71684344 3.40000000
 C	32.37493296 29.01662703 3.40000000
 C	-6.69149638 24.21987266 3.40000000
 C	0.63352678 25.11927241 3.40000000
 C	34.81664532 29.31643161 3.40000000
 C	37.25830072 29.61622920 3.40000000
 C	39.69989914 29.91601979 3.40000000
 C	42.14161151 30.21582437 3.40000000
 C	44.58332387 30.51562895 3.40000000
 C	47.02486532 30.81541254 3.40000000
 C	49.46657769 31.11521712 3.40000000
 C	51.90823308 31.41501471 3.40000000
 C	54.34983150 31.71480530 3.40000000
 C	-9.13315177 23.92007507 3.40000000
 C	3.07506823 25.41905600 3.40000000
 C	-11.57486414 23.62027049 3.40000000
 C	5.51678059 25.71886059 3.40000000
 C	-3.11558790 25.37442718 3.40000000
 C	-15.32380790 23.87544625 3.40000000
 C	9.09280302 26.87342910 3.40000000
 C	11.53434447 27.17321269 3.40000000
 C	13.97605683 27.47301727 3.40000000
 C	16.41759828 27.77280087 3.40000000
 C	18.85931065 28.07260545 3.40000000
 C	-5.55712935 25.07464359 3.40000000
 C	21.30102301 28.37241003 3.40000000
 C	-0.67387553 25.67423176 3.40000000
 C	23.74273538 28.67221461 3.40000000
 C	26.18427683 28.97199821 3.40000000
 C	28.62598920 29.27180279 3.40000000
 C	31.06753065 29.57158638 3.40000000
 C	33.50924301 29.87139096 3.40000000
 C	35.95095538 30.17119554 3.40000000
 C	38.39266775 30.47100012 3.40000000
 C	40.83420920 30.77078372 3.40000000
 C	43.27592156 31.07058830 3.40000000
 C	-7.99884172 24.77483901 3.40000000
 C	1.76766592 25.97401536 3.40000000
 C	45.71746301 31.37037189 3.40000000
 C	48.15917538 31.67017648 3.40000000
 C	50.60088774 31.96998106 3.40000000
 C	53.04260011 32.26978564 3.40000000
 C	55.48414156 32.56956923 3.40000000
 C	-10.44055408 24.47503442 3.40000000
 C	4.20937828 26.27381994 3.40000000
 C	-12.88226645 24.17522984 3.40000000
 C	6.65109065 26.57362452 3.40000000
 C	-3.28868016 26.78415047 3.40000000
 C	-15.49690015 25.28516954 3.40000000
 C	8.91965379 28.28314540 3.40000000
 C	11.36125221 28.58293599 3.40000000
 C	13.80296458 28.88274057 3.40000000
 C	16.24467694 29.18254515 3.40000000
 C	18.68621839 29.48232874 3.40000000
 C	-5.73027858 26.48435988 3.40000000
 C	21.12793076 29.78213332 3.40000000
 C	-0.84696779 27.08395506 3.40000000
 C	23.56958615 30.08193091 3.40000000
 C	26.01118457 30.38172150 3.40000000
 C	28.45289694 30.68152608 3.40000000
 C	30.89460931 30.98133066 3.40000000
 C	33.33615076 31.28111426 3.40000000
 C	35.77786312 31.58091884 3.40000000
 C	38.21951852 31.88071642 3.40000000
 C	40.66111694 32.18050701 3.40000000
 C	43.10282931 32.48031159 3.40000000
 C	-8.17193397 26.18456230 3.40000000
 C	45.54454167 32.78011617 3.40000000
 C	1.59474458 27.38375964 3.40000000
 C	47.98608312 33.07989977 3.40000000
 C	50.42779549 33.37970435 3.40000000
 C	52.86945088 33.67950194 3.40000000
 C	55.31104930 33.97929253 3.40000000
 C	-10.61364634 25.88475772 3.40000000
 C	4.03628603 27.68354323 3.40000000
 C	-13.05518779 25.58497412 3.40000000
 C	6.47799839 27.98334781 3.40000000
 C	-14.36259010 26.13993348 3.40000000
 C	7.61230845 28.83811174 3.40000000
 C	-4.59591155 27.33913081 3.40000000
 C	-2.15437010 27.63891441 3.40000000
 C	10.05402082 29.13791633 3.40000000
 C	12.49556227 29.43769992 3.40000000
 C	14.93727463 29.73750450 3.40000000
 C	17.37881608 30.03728810 3.40000000
 C	19.82052845 30.33709268 3.40000000
 C	22.26224081 30.63689726 3.40000000
 C	24.70395318 30.93670184 3.40000000
 C	27.14549463 31.23648543 3.40000000
 C	29.58720700 31.53629001 3.40000000
 C	32.02874845 31.83607361 3.40000000
 C	-7.03762392 27.03932623 3.40000000
 C	0.28734227 27.93871899 3.40000000
 C	34.47046081 32.13587819 3.40000000
 C	36.91217318 32.43568277 3.40000000
 C	39.35388555 32.73548735 3.40000000
 C	41.79542700 33.03527095 3.40000000
 C	44.23713936 33.33507553 3.40000000
 C	46.67868081 33.63485912 3.40000000
 C	49.12039318 33.93466370 3.40000000
 C	51.56210554 34.23446828 3.40000000
 C	54.00381791 34.53427286 3.40000000
 C	56.44535936 34.83405646 3.40000000
 C	-9.47933628 26.73952165 3.40000000
 C	2.72888372 28.23850258 3.40000000
 C	-11.92104865 26.43971707 3.40000000
 C	5.17059608 28.53830716 3.40000000
 C	-14.53568235 27.54965677 3.40000000
 C	7.43921619 30.24783504 3.40000000
 C	-4.76906078 28.74884711 3.40000000
 C	-2.32746235 29.04863770 3.40000000
 C	9.88087159 30.54763262 3.40000000
 C	12.32247001 30.84742321 3.40000000
 C	14.76418238 31.14722779 3.40000000
 C	17.20589474 31.44703238 3.40000000
 C	19.64743619 31.74681597 3.40000000
 C	22.08914856 32.04662055 3.40000000
 C	24.53080395 32.34641814 3.40000000
 C	26.97240237 32.64620873 3.40000000
 C	29.41411474 32.94601331 3.40000000
 C	31.85582711 33.24581789 3.40000000
 C	-7.21071617 28.44904953 3.40000000
 C	0.11425001 29.34844228 3.40000000
 C	34.29736856 33.54560148 3.40000000
 C	36.73908092 33.84540606 3.40000000
 C	39.18073632 34.14520365 3.40000000
 C	41.62233474 34.44499424 3.40000000
 C	44.06404711 34.74479882 3.40000000
 C	46.50575947 35.04460340 3.40000000
 C	48.94730092 35.34438700 3.40000000
 C	51.38901329 35.64419158 3.40000000
 C	53.83066868 35.94398916 3.40000000
 C	56.27226710 36.24377975 3.40000000
 C	-9.65242854 28.14924495 3.40000000
 C	2.55596238 29.64824686 3.40000000
 C	-12.09396999 27.84946135 3.40000000
 C	4.99750383 29.94803046 3.40000000
 C	-3.63476103 29.60345953 3.40000000
 C	8.57345897 31.10244046 3.40000000
 C	11.01517133 31.40224504 3.40000000
 C	13.45671278 31.70202864 3.40000000
 C	15.89842515 32.00183322 3.40000000
 C	18.33996660 32.30161681 3.40000000
 C	-6.07647340 29.30365495 3.40000000
 C	-1.19321958 29.90324312 3.40000000
 C	20.78167896 32.60142139 3.40000000
 C	23.22339133 32.90122597 3.40000000
 C	25.66510370 33.20103055 3.40000000
 C	28.10664515 33.50081415 3.40000000
 C	30.54835751 33.80061873 3.40000000
 C	32.98989896 34.10040232 3.40000000
 C	35.43161133 34.40020690 3.40000000
 C	37.87332370 34.70001149 3.40000000
 C	40.31503606 34.99981607 3.40000000
 C	42.75657751 35.29959966 3.40000000
 C	45.19828988 35.59940424 3.40000000
 C	-8.51818577 29.00385037 3.40000000
 C	1.24849278 30.20304770 3.40000000
 C	47.63983133 35.89918784 3.40000000
 C	50.08154369 36.19899242 3.40000000
 C	52.52325606 36.49879700 3.40000000
 C	54.96496843 36.79860158 3.40000000
 C	57.40650988 37.09838517 3.40000000
 C	3.69003423 30.50283130 3.40000000
 C	-10.95989813 28.70404579 3.40000000
 C	-13.40143958 28.40426219 3.40000000
 C	6.13174660 30.80263588 3.40000000
 C	-3.80791026 31.01317583 3.40000000
 C	8.40036671 32.51216375 3.40000000
 C	10.84202210 32.81196134 3.40000000
 C	13.28362053 33.11175193 3.40000000
 C	15.72533289 33.41155651 3.40000000
 C	18.16704526 33.71136109 3.40000000
 C	-6.24956565 30.71337824 3.40000000
 C	-1.36631184 31.31296642 3.40000000
 C	20.60858671 34.01114469 3.40000000
 C	23.05029908 34.31094927 3.40000000
 C	25.49195447 34.61074685 3.40000000
 C	27.93355289 34.91053744 3.40000000
 C	30.37526526 35.21034202 3.40000000
 C	32.81697762 35.51014660 3.40000000
 C	35.25851907 35.80993020 3.40000000
 C	37.70023144 36.10973478 3.40000000
 C	40.14188683 36.40953236 3.40000000
 C	42.58348526 36.70932295 3.40000000
 C	45.02519762 37.00912754 3.40000000
 C	-8.69127802 30.41357366 3.40000000
 C	1.07540053 31.61277100 3.40000000
 C	47.46690999 37.30893212 3.40000000
 C	49.90845144 37.60871571 3.40000000
 C	52.35016381 37.90852029 3.40000000
 C	54.79181920 38.20831788 3.40000000
 C	57.23341762 38.50810847 3.40000000
 C	-11.13281947 30.11379007 3.40000000
 C	3.51711289 31.91257558 3.40000000
 C	-13.57453184 29.81398548 3.40000000
 C	5.95865434 32.21235917 3.40000000
 C	7.09296440 33.06712312 3.40000000
 C	-5.11525560 31.56814218 3.40000000
 C	-2.67354323 31.86794676 3.40000000
 C	9.53467676 33.36692770 3.40000000
 C	11.97638913 33.66673228 3.40000000
 C	14.41793058 33.96651587 3.40000000
 C	16.85964295 34.26632045 3.40000000
 C	19.30118440 34.56610405 3.40000000
 C	21.74289676 34.86590863 3.40000000
 C	24.18460913 35.16571321 3.40000000
 C	26.62632150 35.46551779 3.40000000
 C	29.06786295 35.76530138 3.40000000
 C	31.50957531 36.06510597 3.40000000
 C	-7.55696797 31.26833760 3.40000000
 C	-0.23200178 32.16773036 3.40000000
 C	33.95111676 36.36488956 3.40000000
 C	36.39282913 36.66469414 3.40000000
 C	38.83454149 36.96449872 3.40000000
 C	41.27625386 37.26430330 3.40000000
 C	43.71779531 37.56408690 3.40000000
 C	46.15950768 37.86389148 3.40000000
 C	48.60104913 38.16367507 3.40000000
 C	51.04276149 38.46347965 3.40000000
 C	53.48447386 38.76328423 3.40000000
 C	55.92618623 39.06308881 3.40000000
 C	-9.99868033 30.96853302 3.40000000
 C	2.20971058 32.46753494 3.40000000
 C	58.36772768 39.36287241 3.40000000
 C	-12.44022178 30.66874943 3.40000000
 C	4.65125203 32.76731853 3.40000000
 C	6.91987214 34.47684640 3.40000000
 C	-5.28834785 32.97786547 3.40000000
 C	-2.84669246 33.27766305 3.40000000
 C	9.36158451 34.77665098 3.40000000
 C	11.80323990 35.07644857 3.40000000
 C	14.24483833 35.37623916 3.40000000
 C	16.68655069 35.67604374 3.40000000
 C	19.12826306 35.97584832 3.40000000
 C	21.56980451 36.27563191 3.40000000
 C	24.01151688 36.57543649 3.40000000
 C	26.45317227 36.87523408 3.40000000
 C	28.89477069 37.17502467 3.40000000
 C	31.33648306 37.47482925 3.40000000
 C	-7.73006022 32.67806089 3.40000000
 C	-0.40509404 33.57745364 3.40000000
 C	33.77819542 37.77463383 3.40000000
 C	36.21973687 38.07441742 3.40000000
 C	38.66144924 38.37422201 3.40000000
 C	41.10310463 38.67401959 3.40000000
 C	43.54470306 38.97381018 3.40000000
 C	45.98641542 39.27361476 3.40000000
 C	48.42812779 39.57341934 3.40000000
 C	50.86966924 39.87320294 3.40000000
 C	53.31138161 40.17300752 3.40000000
 C	55.75303700 40.47280510 3.40000000
 C	-10.17160167 32.37827729 3.40000000
 C	2.03661833 33.87725822 3.40000000
 C	58.19463542 40.77259569 3.40000000
 C	-12.61331404 32.07847271 3.40000000
 C	4.47833069 34.17706280 3.40000000
 C	-4.15403780 33.83262941 3.40000000
 C	8.05418220 35.33161034 3.40000000
 C	10.49589457 35.63141492 3.40000000
 C	12.93760693 35.93121950 3.40000000
 C	15.37914838 36.23100310 3.40000000
 C	17.82086075 36.53080768 3.40000000
 C	-6.59575017 33.53282483 3.40000000
 C	20.26240220 36.83059127 3.40000000
 C	-1.71232543 34.13243399 3.40000000
 C	22.70411456 37.13039585 3.40000000
 C	25.14582693 37.43020044 3.40000000
 C	27.58753930 37.73000502 3.40000000
 C	30.02908075 38.02978861 3.40000000
 C	32.47079311 38.32959319 3.40000000
 C	34.91233456 38.62937679 3.40000000
 C	37.35404693 38.92918137 3.40000000
 C	39.79575930 39.22898595 3.40000000
 C	42.23747166 39.52879053 3.40000000
 C	44.67901311 39.82857412 3.40000000
 C	-9.03746253 33.23302025 3.40000000
 C	0.72921602 34.43221759 3.40000000
 C	47.12072548 40.12837870 3.40000000
 C	49.56226693 40.42816230 3.40000000
 C	52.00397929 40.72796688 3.40000000
 C	54.44569166 41.02777146 3.40000000
 C	56.88740403 41.32757604 3.40000000
 C	59.32894548 41.62735964 3.40000000
 C	-11.47900398 32.93323665 3.40000000
 C	3.17092838 34.73202217 3.40000000
 C	5.61246983 35.03180576 3.40000000
 C	-4.32715248 35.24229987 3.40000000
 C	7.88106752 36.74128080 3.40000000
 C	10.32277988 37.04108538 3.40000000
 C	12.76443528 37.34088297 3.40000000
 C	15.20603370 37.64067356 3.40000000
 C	17.64774606 37.94047814 3.40000000
 C	-6.76886485 34.94249529 3.40000000
 C	20.08945843 38.24028272 3.40000000
 C	-1.88549709 35.54209745 3.40000000
 C	22.53099988 38.54006631 3.40000000
 C	24.97271225 38.83987089 3.40000000
 C	27.41436764 39.13966848 3.40000000
 C	29.85596606 39.43945907 3.40000000
 C	32.29767843 39.73926365 3.40000000
 C	34.73939080 40.03906823 3.40000000
 C	37.18093225 40.33885182 3.40000000
 C	39.62264461 40.63865641 3.40000000
 C	42.06430001 40.93845399 3.40000000
 C	-9.21040630 34.64271169 3.40000000
 C	44.50589843 41.23824458 3.40000000
 C	0.55610133 35.84188804 3.40000000
 C	46.94761079 41.53804916 3.40000000
 C	49.38932316 41.83785374 3.40000000
 C	51.83086461 42.13763734 3.40000000
 C	54.27257698 42.43744192 3.40000000
 C	56.71423237 42.73723950 3.40000000
 C	59.15583079 43.03703009 3.40000000
 C	-11.65211867 34.34290711 3.40000000
 C	2.99781370 36.14169262 3.40000000
 C	5.43952607 36.44149720 3.40000000
 C	6.57368763 37.29629299 3.40000000
 C	-5.63453237 35.79731206 3.40000000
 C	-3.19282000 36.09711664 3.40000000
 C	9.01540000 37.59609757 3.40000000
 C	11.45711237 37.89590215 3.40000000
 C	13.89882473 38.19570673 3.40000000
 C	16.34036618 38.49549032 3.40000000
 C	18.78207855 38.79529491 3.40000000
 C	21.22362000 39.09507850 3.40000000
 C	23.66533236 39.39488308 3.40000000
 C	26.10704473 39.69468766 3.40000000
 C	28.54875710 39.99449224 3.40000000
 C	30.99029855 40.29427584 3.40000000
 C	-8.07624473 35.49750748 3.40000000
 C	-0.75110763 36.39692122 3.40000000
 C	33.43201091 40.59408042 3.40000000
 C	35.87355236 40.89386401 3.40000000
 C	38.31526473 41.19366859 3.40000000
 C	40.75697710 41.49347317 3.40000000
 C	43.19868946 41.79327776 3.40000000
 C	45.64023091 42.09306135 3.40000000
 C	48.08194328 42.39286593 3.40000000
 C	50.52348473 42.69264953 3.40000000
 C	52.96519709 42.99245411 3.40000000
 C	55.40690946 43.29225869 3.40000000
 C	-10.51778618 35.19772388 3.40000000
 C	1.69043382 36.69670481 3.40000000
 C	57.84862183 43.59206327 3.40000000
 C	60.29016328 43.89184686 3.40000000
 C	4.13214618 36.99650939 3.40000000
 C	6.40069901 38.70587876 3.40000000
 C	-5.80769191 37.20687684 3.40000000
 C	-3.36597954 37.50668142 3.40000000
 C	8.84224046 39.00566235 3.40000000
 C	11.28395283 39.30546693 3.40000000
 C	13.72560822 39.60526452 3.40000000
 C	16.16720664 39.90505511 3.40000000
 C	18.60891901 40.20485969 3.40000000
 C	21.05063137 40.50466427 3.40000000
 C	23.49217282 40.80444786 3.40000000
 C	25.93388519 41.10425244 3.40000000
 C	28.37554059 41.40405003 3.40000000
 C	30.81713901 41.70384062 3.40000000
 C	-8.24923336 36.90709324 3.40000000
 C	-0.92432414 37.80647900 3.40000000
 C	33.25885137 42.00364520 3.40000000
 C	35.70056374 42.30344978 3.40000000
 C	38.14210519 42.60323338 3.40000000
 C	40.58381756 42.90303796 3.40000000
 C	43.02547295 43.20283554 3.40000000
 C	45.46707137 43.50262613 3.40000000
 C	47.90878374 43.80243071 3.40000000
 C	50.35049610 44.10223529 3.40000000
 C	52.79203755 44.40201889 3.40000000
 C	55.23374992 44.70182347 3.40000000
 C	-10.69094572 36.60728866 3.40000000
 C	1.51727428 38.10626960 3.40000000
 C	57.67540532 45.00162106 3.40000000
 C	60.11700374 45.30141165 3.40000000
 C	3.95898664 38.40607418 3.40000000
 C	-4.67338185 38.06164077 3.40000000
 C	7.53483815 39.56062170 3.40000000
 C	9.97655052 39.86042628 3.40000000
 C	12.41826288 40.16023086 3.40000000
 C	14.85997525 40.46003545 3.40000000
 C	17.30151670 40.75981904 3.40000000
 C	19.74322906 41.05962362 3.40000000
 C	-7.11509422 37.76183619 3.40000000
 C	-2.23166948 38.36144535 3.40000000
 C	22.18477051 41.35940722 3.40000000
 C	24.62648288 41.65921180 3.40000000
 C	27.06819525 41.95901638 3.40000000
 C	29.50990761 42.25882096 3.40000000
 C	31.95144906 42.55860455 3.40000000
 C	34.39316143 42.85840913 3.40000000
 C	36.83470288 43.15819273 3.40000000
 C	39.27641525 43.45799731 3.40000000
 C	41.71812761 43.75780189 3.40000000
 C	-9.55663567 37.46205260 3.40000000
 C	44.15983998 44.05760647 3.40000000
 C	0.21004288 38.66124993 3.40000000
 C	46.60138143 44.35739007 3.40000000
 C	49.04309379 44.65719465 3.40000000
 C	51.48463524 44.95697824 3.40000000
 C	53.92634761 45.25678282 3.40000000
 C	56.36805998 45.55658740 3.40000000
 C	58.80977234 45.85639198 3.40000000
 C	2.65158433 38.96103353 3.40000000
 C	5.09329670 39.26083811 3.40000000
 H	-36.00532971 -29.72790783 3.40000000
 H	-33.56367109 -29.42810986 3.40000000
 H	-31.12195872 -29.12830528 3.40000000
 H	-28.68026427 -28.82850289 3.40000000
 H	-26.23870491 -28.52871710 3.40000000
 H	-23.79699254 -28.22891252 3.40000000
 H	-21.35539735 -27.92912232 3.40000000
 H	-18.91373872 -27.62932434 3.40000000
 H	-16.47202636 -27.32951976 3.40000000
 H	-14.03033191 -27.02971738 3.40000000
 H	-11.58877254 -26.72993159 3.40000000
 H	-9.14706018 -26.43012701 3.40000000
 H	-6.70546498 -26.13033680 3.40000000
 H	-4.26380636 -25.83053883 3.40000000
 H	-1.82209399 -25.53073425 3.40000000
 H	0.61960046 -25.23093187 3.40000000
 H	3.06115982 -24.93114607 3.40000000
 H	5.50287219 -24.63134149 3.40000000
 H	7.94446738 -24.33155129 3.40000000
 H	10.38612601 -24.03175332 3.40000000
 H	12.82783837 -23.73194874 3.40000000
 H	15.26953282 -23.43214636 3.40000000
 H	17.71109219 -23.13236056 3.40000000
 H	20.15280455 -22.83255598 3.40000000
 H	22.59439975 -22.53276578 3.40000000
 H	25.03605837 -22.23296781 3.40000000
 H	27.47777074 -21.93316322 3.40000000
 H	29.91946519 -21.63336084 3.40000000
 H	32.36102455 -21.33357505 3.40000000
 H	34.27296601 -19.89282383 3.40000000
 H	35.23416265 -17.62838644 3.40000000
 H	36.19533432 -15.36400788 3.40000000
 H	37.15655212 -13.09952065 3.40000000
 H	38.11775455 -10.83506965 3.40000000
 H	39.07892044 -8.57070471 3.40000000
 H	40.04013824 -6.30621748 3.40000000
 H	41.00133488 -4.04178010 3.40000000
 H	41.96250655 -1.77740153 3.40000000
 H	42.92372435 0.48708570 3.40000000
 H	43.88492678 2.75153670 3.40000000
 H	44.84609267 5.01590164 3.40000000
 H	45.80731048 7.28038887 3.40000000
 H	46.76850711 9.54482625 3.40000000
 H	47.72967878 11.80920482 3.40000000
 H	48.69089658 14.07369204 3.40000000
 H	49.65209901 16.33814305 3.40000000
 H	50.61326491 18.60250799 3.40000000
 H	51.57448271 20.86699521 3.40000000
 H	52.53567934 23.13143260 3.40000000
 H	53.49685101 25.39581116 3.40000000
 H	54.45806881 27.66029839 3.40000000
 H	55.41927124 29.92474939 3.40000000
 H	56.38043714 32.18911433 3.40000000
 H	57.34165494 34.45360156 3.40000000
 H	58.30285158 36.71803894 3.40000000
 H	59.26402325 38.98241751 3.40000000
 H	60.22524105 41.24690474 3.40000000
 H	61.18644348 43.51135574 3.40000000
 H	60.89463514 45.88739893 3.40000000
 H	58.69106911 46.82282938 3.40000000
 H	56.24939580 46.52302959 3.40000000
 H	53.80768343 46.22322501 3.40000000
 H	51.36608824 45.92343481 3.40000000
 H	48.92442961 45.62363683 3.40000000
 H	46.48271725 45.32383225 3.40000000
 H	44.04113674 45.02404386 3.40000000
 H	41.59946343 44.72424408 3.40000000
 H	39.15775107 44.42443950 3.40000000
 H	36.71615587 44.12464929 3.40000000
 H	34.27449725 43.82485132 3.40000000
 H	31.83278488 43.52504674 3.40000000
 H	29.39120438 43.22525835 3.40000000
 H	26.94953107 42.92545857 3.40000000
 H	24.50781870 42.62565398 3.40000000
 H	22.06622351 42.32586378 3.40000000
 H	19.62456488 42.02606581 3.40000000
 H	17.18285252 41.72626123 3.40000000
 H	14.74127201 41.42647284 3.40000000
 H	12.29959870 41.12667305 3.40000000
 H	9.85788634 40.82686847 3.40000000
 H	7.41629114 40.52707827 3.40000000
 H	4.97463252 40.22728030 3.40000000
 H	2.53292015 39.92747572 3.40000000
 H	0.09133965 39.62768732 3.40000000
 H	-2.35033366 39.32788754 3.40000000
 H	-4.79204603 39.02808296 3.40000000
 H	-7.23364122 38.72829275 3.40000000
 H	-9.67529985 38.42849478 3.40000000
 H	-11.58724130 36.98774356 3.40000000
 H	-12.54839887 34.72339823 3.40000000
 H	-13.50960961 32.45892761 3.40000000
 H	-14.47082741 30.19444039 3.40000000
 H	-15.43202405 27.93000300 3.40000000
 H	-16.39319573 25.66562444 3.40000000
 H	-17.35441353 23.40113722 3.40000000
 H	-18.31557110 21.13679189 3.40000000
 H	-19.27678184 18.87232127 3.40000000
 H	-20.23799964 16.60783404 3.40000000
 H	-21.19919629 14.34339665 3.40000000
 H	-22.16036797 12.07901810 3.40000000
 H	-23.12158577 9.81453087 3.40000000
 H	-24.08274333 7.55018554 3.40000000
 H	-25.04395407 5.28571492 3.40000000
 H	-26.00517187 3.02122769 3.40000000
 H	-26.96636852 0.75679030 3.40000000
 H	-27.92754020 -1.50758825 3.40000000
 H	-28.88875800 -3.77207548 3.40000000
 H	-29.84991556 -6.03642081 3.40000000
 H	-30.81112631 -8.30089143 3.40000000
 H	-31.77234411 -10.56537865 3.40000000
 H	-32.73354075 -12.82981604 3.40000000
 H	-33.69471243 -15.09419460 3.40000000
 H	-34.65593023 -17.35868182 3.40000000
 H	-35.61708780 -19.62302715 3.40000000
 H	-36.57829854 -21.88749778 3.40000000
 H	-37.53951634 -24.15198500 3.40000000
 H	-38.50071298 -26.41642239 3.40000000
 H	-38.20891043 -28.79247920 3.40000000
