 C	-29.32694564 -41.88321896 3.40000000
 C	-27.09738390 -40.84355724 3.40000000
 C	-24.86797822 -39.80396830 3.40000000
 C	-27.69763287 -39.55631917 3.40000000
 C	-29.11253823 -39.43253099 3.40000000
 C	-22.63841647 -38.76430659 3.40000000
 C	-25.46807112 -38.51665745 3.40000000
 C	-26.88297648 -38.39286928 3.40000000
 C	-20.40885472 -37.72464487 3.40000000
 C	-23.23866544 -37.47706851 3.40000000
 C	-24.65357080 -37.35328033 3.40000000
 C	-27.48322545 -37.10563120 3.40000000
 C	-28.89814582 -36.98201457 3.40000000
 C	-18.17929298 -36.68498315 3.40000000
 C	-21.00910370 -36.43740679 3.40000000
 C	-22.42400905 -36.31361862 3.40000000
 C	-25.25366371 -36.06596948 3.40000000
 C	-26.66858407 -35.94235285 3.40000000
 C	-15.94988730 -35.64539421 3.40000000
 C	-18.77959397 -35.39776933 3.40000000
 C	-20.19444731 -35.27395690 3.40000000
 C	-23.02425803 -35.02638054 3.40000000
 C	-24.43917839 -34.90276391 3.40000000
 C	-27.26883305 -34.65511478 3.40000000
 C	-13.72032555 -34.60573249 3.40000000
 C	-28.68373841 -34.53132659 3.40000000
 C	-16.55013627 -34.35815613 3.40000000
 C	-17.96488556 -34.23429518 3.40000000
 C	-20.79469628 -33.98671882 3.40000000
 C	-22.20961665 -33.86310219 3.40000000
 C	-25.03927130 -33.61545306 3.40000000
 C	-11.49091987 -33.56614355 3.40000000
 C	-26.45417666 -33.49166487 3.40000000
 C	-14.32057452 -33.31849442 3.40000000
 C	-15.73547988 -33.19470624 3.40000000
 C	-18.56518656 -32.94708137 3.40000000
 C	-19.98005490 -32.82344048 3.40000000
 C	-22.80986562 -32.57586412 3.40000000
 C	-9.26135812 -32.52648183 3.40000000
 C	-24.22477098 -32.45207593 3.40000000
 C	-12.09101278 -32.27883270 3.40000000
 C	-27.05442563 -32.20442681 3.40000000
 C	-13.50591813 -32.15504452 3.40000000
 C	-28.46933099 -32.08063862 3.40000000
 C	-16.33572885 -31.90746817 3.40000000
 C	-17.75049315 -31.78377876 3.40000000
 C	-20.58030387 -31.53620240 3.40000000
 C	-7.03179638 -31.48682012 3.40000000
 C	-21.99520923 -31.41241422 3.40000000
 C	-9.86160710 -31.23924376 3.40000000
 C	-24.82486388 -31.16476509 3.40000000
 C	-11.27651245 -31.11545558 3.40000000
 C	-26.23976925 -31.04097691 3.40000000
 C	-14.10616711 -30.86780645 3.40000000
 C	-15.52108747 -30.74418982 3.40000000
 C	-18.35079415 -30.49656494 3.40000000
 C	-4.80223463 -30.44715840 3.40000000
 C	-19.76564749 -30.37275250 3.40000000
 C	-7.63204535 -30.19958204 3.40000000
 C	-22.59545820 -30.12517615 3.40000000
 C	-9.04695071 -30.07579387 3.40000000
 C	-24.01036357 -30.00138796 3.40000000
 C	-11.87660536 -29.82814473 3.40000000
 C	-26.84002322 -29.75379601 3.40000000
 C	-13.29152573 -29.70452810 3.40000000
 C	-28.25492358 -29.62995065 3.40000000
 C	-16.12133645 -29.45695174 3.40000000
 C	-2.57282895 -29.40756946 3.40000000
 C	-17.53608574 -29.33309078 3.40000000
 C	-5.40253563 -29.15994458 3.40000000
 C	-20.36589646 -29.08551443 3.40000000
 C	-6.81738896 -29.03613215 3.40000000
 C	-21.78080182 -28.96172625 3.40000000
 C	-9.64719968 -28.78855579 3.40000000
 C	-24.61046147 -28.71413429 3.40000000
 C	-11.06212005 -28.66493916 3.40000000
 C	-26.02536183 -28.59028894 3.40000000
 C	-13.89177470 -28.41729003 3.40000000
 C	-0.34326720 -28.36790774 3.40000000
 C	-15.30668006 -28.29350184 3.40000000
 C	-3.17307792 -28.12033138 3.40000000
 C	-18.13638673 -28.04587697 3.40000000
 C	-4.58782722 -27.99647043 3.40000000
 C	-19.55124007 -27.92206453 3.40000000
 C	-7.41763793 -27.74889407 3.40000000
 C	-22.38105579 -27.67454535 3.40000000
 C	-8.83255830 -27.62527744 3.40000000
 C	-23.79595615 -27.55070000 3.40000000
 C	-11.66221295 -27.37762831 3.40000000
 C	1.88613848 -27.32831880 3.40000000
 C	-26.62562581 -27.30322241 3.40000000
 C	-13.07711832 -27.25384012 3.40000000
 C	-28.04053117 -27.17943423 3.40000000
 C	-0.94351618 -27.08066967 3.40000000
 C	-15.90692903 -27.00626377 3.40000000
 C	-2.35842154 -26.95688149 3.40000000
 C	-17.32167833 -26.88240281 3.40000000
 C	-5.18812821 -26.70925661 3.40000000
 C	-20.15149405 -26.63488364 3.40000000
 C	-6.60299655 -26.58561573 3.40000000
 C	-21.56639440 -26.51103828 3.40000000
 C	-9.43280727 -26.33803937 3.40000000
 C	4.11570022 -26.28865708 3.40000000
 C	-24.39606406 -26.26356069 3.40000000
 C	-10.84771263 -26.21425118 3.40000000
 C	-25.81096942 -26.13977251 3.40000000
 C	1.28604557 -26.04100795 3.40000000
 C	-13.67736728 -25.96660206 3.40000000
 C	-0.12885979 -25.91721977 3.40000000
 C	-15.09227265 -25.84281387 3.40000000
 C	-2.95867051 -25.66964341 3.40000000
 C	-17.92198432 -25.59524618 3.40000000
 C	-4.37343481 -25.54595401 3.40000000
 C	-19.33683266 -25.47137656 3.40000000
 C	-7.20324553 -25.29837765 3.40000000
 C	6.34526197 -25.24899537 3.40000000
 C	-22.16665838 -25.22397175 3.40000000
 C	-8.61815089 -25.17458947 3.40000000
 C	-23.58156374 -25.10018357 3.40000000
 C	3.51545125 -25.00141901 3.40000000
 C	-11.44780554 -24.92694034 3.40000000
 C	2.10054589 -24.87763083 3.40000000
 C	-26.41121839 -24.85253444 3.40000000
 C	-12.86271090 -24.80315216 3.40000000
 C	-27.82612375 -24.72874626 3.40000000
 C	-0.72910876 -24.62998170 3.40000000
 C	-15.69252662 -24.55563298 3.40000000
 C	-2.14402913 -24.50636507 3.40000000
 C	-17.10727091 -24.43171485 3.40000000
 C	-4.97373580 -24.25874019 3.40000000
 C	8.57482372 -24.20933365 3.40000000
 C	-19.93709664 -24.18431003 3.40000000
 C	-6.38858914 -24.13492775 3.40000000
 C	-21.35200199 -24.06052186 3.40000000
 C	5.74501300 -23.96175729 3.40000000
 C	-9.21839986 -23.88735140 3.40000000
 C	4.33010764 -23.83796912 3.40000000
 C	-24.18165665 -23.81287272 3.40000000
 C	-10.63330522 -23.76356321 3.40000000
 C	-25.59656201 -23.68908455 3.40000000
 C	1.50045298 -23.59031998 3.40000000
 C	-13.46296487 -23.51597126 3.40000000
 C	0.08553262 -23.46670335 3.40000000
 C	-14.87786523 -23.39212590 3.40000000
 C	-2.74427810 -23.21912699 3.40000000
 C	10.80422940 -23.16974471 3.40000000
 C	-17.70758691 -23.14467257 3.40000000
 C	-4.15902740 -23.09526603 3.40000000
 C	-19.12244025 -23.02086014 3.40000000
 C	7.97452272 -22.92211983 3.40000000
 C	-6.98883811 -22.84768968 3.40000000
 C	6.55966938 -22.79830740 3.40000000
 C	-21.95225097 -22.77328378 3.40000000
 C	-8.40374347 -22.72390150 3.40000000
 C	-23.36715633 -22.64949560 3.40000000
 C	3.72985867 -22.55073104 3.40000000
 C	-11.23340313 -22.47630954 3.40000000
 C	2.31493830 -22.42711441 3.40000000
 C	-26.19681098 -22.40184647 3.40000000
 C	-12.64830348 -22.35246419 3.40000000
 C	-27.61173134 -22.27822984 3.40000000
 C	-0.51471635 -22.17946527 3.40000000
 C	13.03379114 -22.13008299 3.40000000
 C	-15.47812921 -22.10505937 3.40000000
 C	-1.92962172 -22.05567709 3.40000000
 C	-16.89287850 -21.98119842 3.40000000
 C	10.20398042 -21.88250663 3.40000000
 C	-4.75932839 -21.80805222 3.40000000
 C	8.78923113 -21.75864568 3.40000000
 C	-19.72268922 -21.73362206 3.40000000
 C	-6.17418173 -21.68423978 3.40000000
 C	-21.13759458 -21.60983389 3.40000000
 C	5.95942041 -21.51106932 3.40000000
 C	-9.00399745 -21.43672060 3.40000000
 C	4.54450005 -21.38745269 3.40000000
 C	-23.96724923 -21.36218475 3.40000000
 C	-10.41889780 -21.31287525 3.40000000
 C	-25.38216960 -21.23856812 3.40000000
 C	1.71484539 -21.13980356 3.40000000
 C	15.26319682 -21.09049405 3.40000000
 C	-13.24856746 -21.06539766 3.40000000
 C	0.29994003 -21.01601537 3.40000000
 C	-14.66347282 -20.94160948 3.40000000
 C	12.43354217 -20.84284492 3.40000000
 C	-2.52987068 -20.76843902 3.40000000
 C	11.01863681 -20.71905674 3.40000000
 C	-17.49317950 -20.69398460 3.40000000
 C	-3.94461998 -20.64457806 3.40000000
 C	-18.90803283 -20.57017217 3.40000000
 C	8.18893014 -20.47143186 3.40000000
 C	-6.77443570 -20.39705889 3.40000000
 C	6.77406179 -20.34779098 3.40000000
 C	-21.73784355 -20.32259581 3.40000000
 C	-8.18933606 -20.27321353 3.40000000
 C	-23.15276392 -20.19897918 3.40000000
 C	3.94425107 -20.10021462 3.40000000
 C	17.49275857 -20.05083233 3.40000000
 C	-11.01900572 -20.02573594 3.40000000
 C	2.52934571 -19.97642643 3.40000000
 C	-25.98241857 -19.95133005 3.40000000
 C	-12.43391108 -19.90194776 3.40000000
 C	-27.39732393 -19.82754186 3.40000000
 C	14.66310392 -19.80318320 3.40000000
 C	-0.30030894 -19.72877731 3.40000000
 C	13.24819856 -19.67939502 3.40000000
 C	-15.26372179 -19.65437140 3.40000000
 C	-1.71521430 -19.60498912 3.40000000
 C	-16.67847109 -19.53051045 3.40000000
 C	10.41838784 -19.43181866 3.40000000
 C	-4.54492598 -19.35742143 3.40000000
 C	9.00362354 -19.30812926 3.40000000
 C	-19.50828181 -19.28293409 3.40000000
 C	-5.95977431 -19.23355181 3.40000000
 C	-20.92320217 -19.15931746 3.40000000
 C	6.17381282 -19.06055290 3.40000000
 C	19.72232031 -19.01117062 3.40000000
 C	-8.78960004 -18.98614700 3.40000000
 C	4.75890746 -18.93676471 3.40000000
 C	-23.75285682 -18.91166833 3.40000000
 C	-10.20450540 -18.86235882 3.40000000
 C	-25.16776219 -18.78788014 3.40000000
 C	16.89250960 -18.76359426 3.40000000
 C	1.92925281 -18.68911559 3.40000000
 C	15.47760424 -18.63980608 3.40000000
 C	-13.03416005 -18.61470969 3.40000000
 C	0.51434745 -18.56532740 3.40000000
 C	-14.44906541 -18.49092151 3.40000000
 C	12.64794958 -18.39215695 3.40000000
 C	-2.31546827 -18.31780823 3.40000000
 C	11.23302922 -18.26854032 3.40000000
 C	-17.27877208 -18.24329664 3.40000000
 C	-3.73021256 -18.19389009 3.40000000
 C	-18.69364042 -18.11965575 3.40000000
 C	8.40332254 -18.02091544 3.40000000
 C	21.95188206 -17.97150890 3.40000000
 C	-6.56003829 -17.94648528 3.40000000
 C	6.98846920 -17.89710300 3.40000000
 C	-21.52345114 -17.87207939 3.40000000
 C	-7.97494365 -17.82269711 3.40000000
 C	-22.93835651 -17.74829120 3.40000000
 C	19.12207134 -17.72393254 3.40000000
 C	4.15865849 -17.64952665 3.40000000
 C	17.70716598 -17.60014437 3.40000000
 C	-10.80459830 -17.57504797 3.40000000
 C	2.74375313 -17.52573846 3.40000000
 C	-25.76801115 -17.50064208 3.40000000
 C	-12.21950366 -17.45125980 3.40000000
 C	-27.18291652 -17.37685389 3.40000000
 C	14.87751133 -17.35249523 3.40000000
 C	-0.08590653 -17.27814651 3.40000000
 C	13.46259097 -17.22887860 3.40000000
 C	-15.04931438 -17.20368344 3.40000000
 C	-1.50080688 -17.15430115 3.40000000
 C	-16.46407868 -17.07999403 3.40000000
 C	10.63278025 -16.98130224 3.40000000
 C	24.18128774 -16.93191996 3.40000000
 C	-4.33052857 -16.90684782 3.40000000
 C	9.21803095 -16.85744128 3.40000000
 C	-19.29388940 -16.83241767 3.40000000
 C	-5.74538190 -16.78303539 3.40000000
 C	-20.70879476 -16.70862949 3.40000000
 C	21.35158107 -16.68429508 3.40000000
 C	6.38822024 -16.60986493 3.40000000
 C	19.93672773 -16.56048265 3.40000000
 C	-8.57519262 -16.53545903 3.40000000
 C	4.97331487 -16.48607675 3.40000000
 C	-23.53844941 -16.46098036 3.40000000
 C	-9.99009798 -16.41167085 3.40000000
 C	-24.95335477 -16.33719218 3.40000000
 C	17.10691701 -16.31290629 3.40000000
 C	2.14365522 -16.23848479 3.40000000
 C	15.69199665 -16.18928966 3.40000000
 C	-12.81975263 -16.16402172 3.40000000
 C	0.72875486 -16.11463944 3.40000000
 C	-14.23467300 -16.04040509 3.40000000
 C	12.86234199 -15.94164052 3.40000000
 C	26.41084949 -15.89225824 3.40000000
 C	-2.10107086 -15.86723462 3.40000000
 C	11.44743663 -15.81785234 3.40000000
 C	-17.06437967 -15.79278021 3.40000000
 C	-3.51582016 -15.74337367 3.40000000
 C	-18.47923301 -15.66896777 3.40000000
 C	23.58103877 -15.64468188 3.40000000
 C	8.61772996 -15.57022747 3.40000000
 C	22.16628948 -15.52082093 3.40000000
 C	-6.34563088 -15.49579731 3.40000000
 C	7.20287662 -15.44641503 3.40000000
 C	-21.30904373 -15.42139142 3.40000000
 C	-7.76053623 -15.37200914 3.40000000
 C	-22.72394909 -15.29760323 3.40000000
 C	19.33647876 -15.27324457 3.40000000
 C	4.37306090 -15.19889585 3.40000000
 C	17.92155839 -15.14962794 3.40000000
 C	-10.59019089 -15.12436000 3.40000000
 C	2.95816054 -15.07505049 3.40000000
 C	-25.55360875 -15.05001128 3.40000000
 C	-12.00511125 -15.00074337 3.40000000
 C	-26.96850910 -14.92616592 3.40000000
 C	15.09190374 -14.90197881 3.40000000
 C	28.64025517 -14.85266930 3.40000000
 C	0.12849088 -14.82757291 3.40000000
 C	13.67699838 -14.77819062 3.40000000
 C	-14.83492197 -14.75316701 3.40000000
 C	-1.28641448 -14.70378473 3.40000000
 C	-16.24967127 -14.62930605 3.40000000
 C	25.81060052 -14.60502017 3.40000000
 C	10.84718766 -14.53061427 3.40000000
 C	24.39569516 -14.48123199 3.40000000
 C	-4.11612115 -14.45615985 3.40000000
 C	9.43243837 -14.40675331 3.40000000
 C	-19.07948198 -14.38172970 3.40000000
 C	-5.53097449 -14.33234742 3.40000000
 C	-20.49438734 -14.25794152 3.40000000
 C	21.56598848 -14.23360711 3.40000000
 C	6.60262264 -14.15923413 3.40000000
 C	20.15112014 -14.10996623 3.40000000
 C	-8.36078521 -14.08477106 3.40000000
 C	5.18772229 -14.03538878 3.40000000
 C	-23.32404700 -14.01034956 3.40000000
 C	-9.77570557 -13.96115443 3.40000000
 C	-24.73894735 -13.88650421 3.40000000
 C	17.32130942 -13.86238987 3.40000000
 C	30.86981691 -13.81300758 3.40000000
 C	2.35805263 -13.78791119 3.40000000
 C	15.90640406 -13.73860168 3.40000000
 C	-12.60536022 -13.71350530 3.40000000
 C	0.94314727 -13.66412301 3.40000000
 C	-14.02026559 -13.58971711 3.40000000
 C	28.04016226 -13.56535845 3.40000000
 C	13.07674941 -13.49095256 3.40000000
 C	26.62525690 -13.44157027 3.40000000
 C	-1.88666345 -13.41654665 3.40000000
 C	11.66184405 -13.36716437 3.40000000
 C	-16.84997226 -13.34209224 3.40000000
 C	-3.30141274 -13.29268570 3.40000000
 C	-18.26482560 -13.21827980 3.40000000
 C	23.79544618 -13.19399391 3.40000000
 C	8.83213237 -13.11959668 3.40000000
 C	22.38068189 -13.07030451 3.40000000
 C	-6.13122346 -13.04510934 3.40000000
 C	7.41728404 -12.99572706 3.40000000
 C	-21.09464132 -12.97076062 3.40000000
 C	-7.54614382 -12.92149271 3.40000000
 C	-22.50954167 -12.84691527 3.40000000
 C	19.55087117 -12.82272815 3.40000000
 C	33.09937866 -12.77334587 3.40000000
 C	4.58745831 -12.74832225 3.40000000
 C	18.13596580 -12.69893996 3.40000000
 C	-10.37579848 -12.67384358 3.40000000
 C	3.17255295 -12.62453407 3.40000000
 C	-25.33921134 -12.59943768 3.40000000
 C	-11.79070384 -12.55005539 3.40000000
 C	30.26956794 -12.52576951 3.40000000
 C	-26.75411669 -12.47564950 3.40000000
 C	15.30631116 -12.45129084 3.40000000
 C	28.85466258 -12.40198133 3.40000000
 C	0.34289830 -12.37688494 3.40000000
 C	13.89140579 -12.32750265 3.40000000
 C	-14.62051455 -12.30247904 3.40000000
 C	-1.07200706 -12.25309676 3.40000000
 C	-16.03526385 -12.17861808 3.40000000
 C	26.02500793 -12.15433220 3.40000000
 C	11.06159007 -12.07998348 3.40000000
 C	24.61008757 -12.03071557 3.40000000
 C	-3.90171373 -12.00547188 3.40000000
 C	9.64684578 -11.95606534 3.40000000
 C	-18.86507957 -11.93109891 3.40000000
 C	-5.31658208 -11.88183100 3.40000000
 C	-20.27997993 -11.80725355 3.40000000
 C	21.78038089 -11.78309069 3.40000000
 C	35.32894041 -11.73368415 3.40000000
 C	6.81702006 -11.70866053 3.40000000
 C	20.36552755 -11.65927825 3.40000000
 C	-8.14639280 -11.63425464 3.40000000
 C	5.40211470 -11.58487235 3.40000000
 C	-23.10964959 -11.55977596 3.40000000
 C	-9.56129816 -11.51046645 3.40000000
 C	32.49912969 -11.48610779 3.40000000
 C	-24.52455495 -11.43598778 3.40000000
 C	17.53571684 -11.41170190 3.40000000
 C	31.08422433 -11.36231961 3.40000000
 C	2.57246004 -11.33722322 3.40000000
 C	16.12081147 -11.28791371 3.40000000
 C	-12.39095281 -11.26281733 3.40000000
 C	1.15755469 -11.21343504 3.40000000
 C	-13.80585817 -11.13902914 3.40000000
 C	28.25456968 -11.11467048 3.40000000
 C	13.29115182 -11.04032176 3.40000000
 C	26.83964931 -10.99105385 3.40000000
 C	-1.67225603 -10.96585868 3.40000000
 C	11.87625146 -10.91647640 3.40000000
 C	-16.63556985 -10.89146145 3.40000000
 C	-3.08702033 -10.84216928 3.40000000
 C	-18.05041818 -10.76759183 3.40000000
 C	24.00983859 -10.74347749 3.40000000
 C	37.55834609 -10.69409521 3.40000000
 C	9.04652978 -10.66902307 3.40000000
 C	22.59508930 -10.61961653 3.40000000
 C	-5.91683105 -10.59459292 3.40000000
 C	7.63167644 -10.54521064 3.40000000
 C	-20.88024391 -10.52018702 3.40000000
 C	-7.33173641 -10.47080474 3.40000000
 C	34.72863941 -10.44647033 3.40000000
 C	-22.29514927 -10.39639884 3.40000000
 C	19.76527858 -10.37204018 3.40000000
 C	33.31378608 -10.32265790 3.40000000
 C	4.80186572 -10.29763428 3.40000000
 C	18.35037322 -10.24825200 3.40000000
 C	-10.16139106 -10.22315561 3.40000000
 C	3.38696037 -10.17384610 3.40000000
 C	-25.12480392 -10.14874971 3.40000000
 C	-11.57629642 -10.09936743 3.40000000
 C	30.48397536 -10.07508154 3.40000000
 C	-26.53970928 -10.02496153 3.40000000
 C	15.52071356 -10.00066004 3.40000000
 C	29.06905499 -9.95146491 3.40000000
 C	0.55730571 -9.92619697 3.40000000
 C	14.10581321 -9.87681469 3.40000000
 C	-14.40611215 -9.85184825 3.40000000
 C	-0.85761465 -9.80258034 3.40000000
 C	-15.82085643 -9.72793012 3.40000000
 C	26.23940034 -9.70381577 3.40000000
 C	11.27598748 -9.62940987 3.40000000
 C	24.82449498 -9.58002759 3.40000000
 C	-3.68732133 -9.55495546 3.40000000
 C	9.86123819 -9.50554892 3.40000000
 C	-18.65068216 -9.48052530 3.40000000
 C	-5.10217467 -9.43114302 3.40000000
 C	36.95809712 -9.40685713 3.40000000
 C	-20.06558752 -9.35673713 3.40000000
 C	21.99478831 -9.33240272 3.40000000
 C	35.54334782 -9.28299618 3.40000000
 C	7.03142747 -9.25797256 3.40000000
 C	20.57993497 -9.20859028 3.40000000
 C	-7.93198538 -9.18356667 3.40000000
 C	5.61652211 -9.13418439 3.40000000
 C	-22.89524217 -9.10908799 3.40000000
 C	-9.34689074 -9.05977848 3.40000000
 C	32.71353710 -9.03541982 3.40000000
 C	-24.31014753 -8.98529982 3.40000000
 C	17.75011924 -8.96107110 3.40000000
 C	31.29861674 -8.91180319 3.40000000
 C	2.78686746 -8.88653525 3.40000000
 C	16.33521889 -8.83722574 3.40000000
 C	-12.17655040 -8.81218653 3.40000000
 C	1.37194709 -8.76291862 3.40000000
 C	-13.59145075 -8.68834117 3.40000000
 C	28.46896209 -8.66415406 3.40000000
 C	13.50554923 -8.58974815 3.40000000
 C	27.05405672 -8.54036587 3.40000000
 C	-1.45786362 -8.51534226 3.40000000
 C	12.09064387 -8.46595998 3.40000000
 C	-16.42117244 -8.44088784 3.40000000
 C	-2.87261292 -8.39148130 3.40000000
 C	39.18765886 -8.36719541 3.40000000
 C	-17.83602577 -8.31707541 3.40000000
 C	24.22424601 -8.29278952 3.40000000
 C	37.77275350 -8.24340724 3.40000000
 C	9.26093720 -8.21833510 3.40000000
 C	22.80949671 -8.16892856 3.40000000
 C	-5.70242364 -8.14390495 3.40000000
 C	7.84608386 -8.09452267 3.40000000
 C	-20.66583649 -8.06949905 3.40000000
 C	-7.11732900 -8.02011677 3.40000000
 C	34.94304683 -7.99578236 3.40000000
 C	-22.08074185 -7.94571087 3.40000000
 C	19.97968099 -7.92140938 3.40000000
 C	33.52817849 -7.87214147 3.40000000
 C	5.01627314 -7.84694631 3.40000000
 C	18.56478064 -7.79756403 3.40000000
 C	-9.94698865 -7.77252481 3.40000000
 C	3.60135278 -7.72332968 3.40000000
 C	-24.91039650 -7.69806174 3.40000000
 C	-11.36188901 -7.64867946 3.40000000
 C	30.69836777 -7.62456512 3.40000000
 C	-26.32531687 -7.57444511 3.40000000
 C	15.73511097 -7.55008644 3.40000000
 C	29.28346240 -7.50077693 3.40000000
 C	0.77169812 -7.47568054 3.40000000
 C	14.32020562 -7.42629826 3.40000000
 C	-14.19171474 -7.40127464 3.40000000
 C	-0.64320724 -7.35189236 3.40000000
 C	-15.60646403 -7.27741369 3.40000000
 C	26.45380776 -7.25312781 3.40000000
 C	11.49039490 -7.17872190 3.40000000
 C	25.03890239 -7.12933962 3.40000000
 C	-3.47291391 -7.10426749 3.40000000
 C	10.07564561 -7.05486095 3.40000000
 C	-18.43627475 -7.02983733 3.40000000
 C	-4.88776725 -6.98045505 3.40000000
 C	37.17250453 -6.95616916 3.40000000
 C	-19.85118010 -6.90604916 3.40000000
 C	22.20919072 -6.88177193 3.40000000
 C	35.75774023 -6.83247976 3.40000000
 C	7.24583489 -6.80728459 3.40000000
 C	20.79434238 -6.75790231 3.40000000
 C	-7.71758297 -6.73293587 3.40000000
 C	5.83091452 -6.68366796 3.40000000
 C	-22.68083476 -6.65840002 3.40000000
 C	-9.13248333 -6.60909052 3.40000000
 C	32.92792951 -6.58490340 3.40000000
 C	-24.09575512 -6.53478339 3.40000000
 C	17.96451666 -6.51049750 3.40000000
 C	31.51302415 -6.46111521 3.40000000
 C	3.00125987 -6.43601883 3.40000000
 C	16.54961130 -6.38670932 3.40000000
 C	-11.96215299 -6.36161293 3.40000000
 C	1.58635451 -6.31223064 3.40000000
 C	-13.37705835 -6.23782475 3.40000000
 C	28.68336950 -6.21346609 3.40000000
 C	13.71995664 -6.13906019 3.40000000
 C	27.26846414 -6.08967790 3.40000000
 C	-1.24345621 -6.06465429 3.40000000
 C	12.30505129 -6.01527201 3.40000000
 C	-16.20676502 -5.99019987 3.40000000
 C	-2.65820550 -5.94079333 3.40000000
 C	39.40206628 -5.91650745 3.40000000
 C	-17.62161836 -5.86638744 3.40000000
 C	24.43864842 -5.84215873 3.40000000
 C	37.98714591 -5.79289082 3.40000000
 C	9.47534461 -5.76764713 3.40000000
 C	23.02390413 -5.71824059 3.40000000
 C	-5.48802123 -5.69327416 3.40000000
 C	8.06047627 -5.64400625 3.40000000
 C	-20.45142908 -5.61881108 3.40000000
 C	-6.90292158 -5.56942880 3.40000000
 C	35.15743924 -5.54526594 3.40000000
 C	-21.86634944 -5.49519445 3.40000000
 C	20.19407840 -5.47083578 3.40000000
 C	33.74258590 -5.42145350 3.40000000
 C	5.23066555 -5.39642989 3.40000000
 C	18.77917304 -5.34704760 3.40000000
 C	-9.73259124 -5.32195121 3.40000000
 C	3.81576019 -5.27264170 3.40000000
 C	-24.69600410 -5.24754532 3.40000000
 C	-11.14749660 -5.19816303 3.40000000
 C	30.91277518 -5.17387715 3.40000000
 C	-26.11090946 -5.12375713 3.40000000
 C	15.94951839 -5.09939847 3.40000000
 C	29.49786982 -5.05008896 3.40000000
 C	0.98610554 -5.02499258 3.40000000
 C	14.53461303 -4.97561029 3.40000000
 C	-13.97730732 -4.95058667 3.40000000
 C	-0.42879982 -4.90120439 3.40000000
 C	-15.39205661 -4.82672572 3.40000000
 C	26.66821016 -4.80249701 3.40000000
 C	11.70480231 -4.72803393 3.40000000
 C	25.25330981 -4.67865165 3.40000000
 C	-3.25851150 -4.65363670 3.40000000
 C	10.29003801 -4.60434453 3.40000000
 C	-18.22186733 -4.57914936 3.40000000
 C	-4.67335983 -4.52976708 3.40000000
 C	37.38689694 -4.50565274 3.40000000
 C	-19.63678770 -4.45553273 3.40000000
 C	22.42358813 -4.43119832 3.40000000
 C	35.97214764 -4.38179178 3.40000000
 C	7.46022730 -4.35676817 3.40000000
 C	21.00873479 -4.30738589 3.40000000
 C	-7.50318556 -4.28236227 3.40000000
 C	6.04532193 -4.23297999 3.40000000
 C	-22.46644235 -4.20788360 3.40000000
 C	-8.91809092 -4.15857409 3.40000000
 C	33.14233693 -4.13421543 3.40000000
 C	-23.88134771 -4.08409541 3.40000000
 C	18.17892407 -4.05980953 3.40000000
 C	31.72743157 -4.01042725 3.40000000
 C	3.21566728 -3.98533086 3.40000000
 C	16.76401871 -3.93602135 3.40000000
 C	-11.74774557 -3.91092496 3.40000000
 C	1.80076192 -3.86154268 3.40000000
 C	-13.16265093 -3.78713678 3.40000000
 C	28.89777191 -3.76283529 3.40000000
 C	13.93436406 -3.68837222 3.40000000
 C	27.48287156 -3.63898994 3.40000000
 C	-1.02905380 -3.61402350 3.40000000
 C	12.51944369 -3.56475559 3.40000000
 C	-15.99235761 -3.53951191 3.40000000
 C	-2.44379809 -3.49010537 3.40000000
 C	39.61645869 -3.46599102 3.40000000
 C	-17.40722595 -3.41587102 3.40000000
 C	24.65304583 -3.39158512 3.40000000
 C	38.20155332 -3.34220284 3.40000000
 C	9.68973702 -3.31713071 3.40000000
 C	23.23829654 -3.26772417 3.40000000
 C	-5.27362382 -3.24270055 3.40000000
 C	8.27488368 -3.19331827 3.40000000
 C	-20.23703667 -3.16829466 3.40000000
 C	-6.68852917 -3.11891238 3.40000000
 C	35.37184665 -3.09457797 3.40000000
 C	-21.65194203 -3.04450647 3.40000000
 C	20.40848582 -3.02014781 3.40000000
 C	33.95699331 -2.97076553 3.40000000
 C	5.44507296 -2.94574192 3.40000000
 C	18.99358046 -2.89635964 3.40000000
 C	-9.51818383 -2.87126324 3.40000000
 C	4.03016760 -2.82195373 3.40000000
 C	-24.48159668 -2.79685735 3.40000000
 C	-10.93308918 -2.74747507 3.40000000
 C	31.12717759 -2.72324635 3.40000000
 C	-25.89650204 -2.67306916 3.40000000
 C	16.16392581 -2.64871050 3.40000000
 C	29.71227724 -2.59940099 3.40000000
 C	1.20050795 -2.57436178 3.40000000
 C	14.74900544 -2.52509387 3.40000000
 C	-13.76289990 -2.49989871 3.40000000
 C	-0.21439241 -2.45051642 3.40000000
 C	-15.17766420 -2.37620930 3.40000000
 C	26.88260757 -2.35192340 3.40000000
 C	11.91919472 -2.27751751 3.40000000
 C	25.46770222 -2.22813523 3.40000000
 C	-3.04411409 -2.20306309 3.40000000
 C	10.50444543 -2.15365655 3.40000000
 C	-18.00747492 -2.12863294 3.40000000
 C	-4.45896743 -2.07925066 3.40000000
 C	37.60130435 -2.05496477 3.40000000
 C	-19.42238028 -2.00484476 3.40000000
 C	22.63799554 -1.98051035 3.40000000
 C	36.18655506 -1.93110381 3.40000000
 C	7.67463471 -1.90608020 3.40000000
 C	21.22314221 -1.85669792 3.40000000
 C	-7.28877815 -1.83167430 3.40000000
 C	6.25972935 -1.78229202 3.40000000
 C	-22.25203493 -1.75719563 3.40000000
 C	-8.70368350 -1.70788612 3.40000000
 C	33.35673934 -1.68358463 3.40000000
 C	-23.66694029 -1.63340745 3.40000000
 C	18.39333149 -1.60912156 3.40000000
 C	31.94183898 -1.55973928 3.40000000
 C	3.43006969 -1.53470006 3.40000000
 C	16.97841112 -1.48550493 3.40000000
 C	-11.53333816 -1.46023699 3.40000000
 C	2.01516934 -1.41085471 3.40000000
 C	-12.94825852 -1.33662036 3.40000000
 C	29.11216932 -1.31226169 3.40000000
 C	14.14875647 -1.23785579 3.40000000
 C	27.69726396 -1.18847351 3.40000000
 C	-0.81465639 -1.16344989 3.40000000
 C	12.73385111 -1.11406761 3.40000000
 C	-15.77796520 -1.08899548 3.40000000
 C	-2.22940568 -1.03958894 3.40000000
 C	39.83086610 -1.01530305 3.40000000
 C	-17.19281854 -0.96518304 3.40000000
 C	24.86745324 -0.94089715 3.40000000
 C	38.41596074 -0.89151487 3.40000000
 C	9.90414444 -0.86644274 3.40000000
 C	23.45270395 -0.81703620 3.40000000
 C	-5.05921640 -0.79201258 3.40000000
 C	8.48929110 -0.74263030 3.40000000
 C	-20.02262925 -0.71760669 3.40000000
 C	-6.47412176 -0.66822441 3.40000000
 C	35.58624906 -0.64394718 3.40000000
 C	-21.43753461 -0.59381850 3.40000000
 C	20.62289323 -0.56945984 3.40000000
 C	34.17140073 -0.52007756 3.40000000
 C	5.65947537 -0.49511112 3.40000000
 C	19.20797287 -0.44584321 3.40000000
 C	-9.30377641 -0.42057527 3.40000000
 C	4.24457502 -0.37126576 3.40000000
 C	-24.26719427 -0.34622655 3.40000000
 C	-10.71869678 -0.29695864 3.40000000
 C	31.34157500 -0.27267275 3.40000000
 C	-25.68209463 -0.22238119 3.40000000
 C	16.37831821 -0.19819408 3.40000000
 C	29.92666964 -0.14888457 3.40000000
 C	1.41490536 -0.12378818 3.40000000
 C	14.96341285 -0.07440589 3.40000000
 C	-13.54850750 -0.04938228 3.40000000
 C	0.00000000 0.00000000 3.40000000
 C	-14.96325679 0.07447868 3.40000000
 C	27.09701499 0.09876456 3.40000000
 C	12.13360214 0.17317046 3.40000000
 C	25.68210963 0.22255274 3.40000000
 C	-2.82970668 0.24762488 3.40000000
 C	10.71885284 0.29703142 3.40000000
 C	-17.79306751 0.32205503 3.40000000
 C	-4.24456001 0.37143731 3.40000000
 C	37.81570676 0.39566602 3.40000000
 C	-19.20797287 0.44584321 3.40000000
 C	22.85240296 0.47017762 3.40000000
 C	36.40096248 0.51958416 3.40000000
 C	7.88903712 0.54455059 3.40000000
 C	21.43753461 0.59381850 3.40000000
 C	-7.07437073 0.61901367 3.40000000
 C	6.47413677 0.66839595 3.40000000
 C	-22.03763252 0.69343517 3.40000000
 C	-8.48929110 0.74263030 3.40000000
 C	33.57113675 0.76698897 3.40000000
 C	-23.45253288 0.81728052 3.40000000
 C	18.60772389 0.84139486 3.40000000
 C	32.15623139 0.89077715 3.40000000
 C	3.64446710 0.91587354 3.40000000
 C	17.19281853 0.96518305 3.40000000
 C	-11.31894575 0.99027943 3.40000000
 C	2.22956175 1.03966172 3.40000000
 C	-12.73385111 1.11406762 3.40000000
 C	29.32657674 1.13842628 3.40000000
 C	14.36316388 1.21283217 3.40000000
 C	27.91167138 1.26221446 3.40000000
 C	-0.60024897 1.28723808 3.40000000
 C	12.94825852 1.33662036 3.40000000
 C	-15.56355778 1.36169249 3.40000000
 C	-2.01499826 1.41109903 3.40000000
 C	40.04526851 1.43532774 3.40000000
 C	-16.97841112 1.48550493 3.40000000
 C	25.08186066 1.50979082 3.40000000
 C	38.63036816 1.55917310 3.40000000
 C	10.11854684 1.58418805 3.40000000
 C	23.66709636 1.63348022 3.40000000
 C	-4.84480898 1.65867539 3.40000000
 C	8.70369851 1.70805767 3.40000000
 C	-19.80822684 1.73302411 3.40000000
 C	-6.25972935 1.78229202 3.40000000
 C	35.80064647 1.80662643 3.40000000
 C	-21.22312720 1.85686946 3.40000000
 C	20.83728564 1.88105658 3.40000000
 C	34.38579314 1.93043886 3.40000000
 C	5.87387278 1.95546248 3.40000000
 C	19.42238028 2.00484477 3.40000000
 C	-9.08938400 2.02994115 3.40000000
 C	4.45896743 2.07925066 3.40000000
 C	-24.05279686 2.10434705 3.40000000
 C	-10.50428936 2.15372934 3.40000000
 C	31.55598242 2.17801522 3.40000000
 C	-25.46770222 2.22813523 3.40000000
 C	16.59272563 2.25249389 3.40000000
 C	30.14107706 2.30180340 3.40000000
 C	1.62931277 2.32689979 3.40000000
 C	15.17782027 2.37628208 3.40000000
 C	-13.33410008 2.40130569 3.40000000
 C	0.21440742 2.45068797 3.40000000
 C	-14.74884937 2.52516665 3.40000000
 C	27.31142241 2.54945253 3.40000000
 C	12.34800455 2.62380125 3.40000000
 C	25.89650204 2.67306916 3.40000000
 C	-2.61529926 2.69831284 3.40000000
 C	10.93326026 2.74771939 3.40000000
 C	-17.57866510 2.77268582 3.40000000
 C	-4.03016760 2.82195373 3.40000000
 C	38.03010417 2.84623963 3.40000000
 C	-18.99356545 2.89653118 3.40000000
 C	23.06679537 2.92069404 3.40000000
 C	36.61535488 2.97010058 3.40000000
 C	8.10343453 2.99512420 3.40000000
 C	21.65194203 3.04450648 3.40000000
 C	-6.85997832 3.06953009 3.40000000
 C	6.68852917 3.11891238 3.40000000
 C	-21.82323511 3.14400877 3.40000000
 C	-8.27488368 3.19331828 3.40000000
 C	33.78554416 3.21767694 3.40000000
 C	-23.23814047 3.26779695 3.40000000
 C	18.82213131 3.29208283 3.40000000
 C	32.37063881 3.34146511 3.40000000
 C	3.85887452 3.36656151 3.40000000
 C	17.40722595 3.41587102 3.40000000
 C	-11.10453833 3.44096740 3.40000000
 C	2.44396916 3.49034969 3.40000000
 C	-12.51944369 3.56475559 3.40000000
 C	29.54098415 3.58911425 3.40000000
 C	14.57756629 3.66346297 3.40000000
 C	28.12606379 3.71273088 3.40000000
 C	-0.38584156 3.73792604 3.40000000
 C	13.16266594 3.78730833 3.40000000
 C	-15.34915537 3.81232328 3.40000000
 C	-1.80060586 3.86161545 3.40000000
 C	40.25966592 3.88590135 3.40000000
 C	-16.76400371 3.93619290 3.40000000
 C	25.29625307 3.96030724 3.40000000
 C	38.84476056 4.00968952 3.40000000
 C	10.33294426 4.03476166 3.40000000
 C	23.88150377 4.08416820 3.40000000
 C	-4.63041658 4.10919181 3.40000000
 C	8.91809092 4.15857409 3.40000000
 C	-19.59382943 4.18359771 3.40000000
 C	-6.04532194 4.23297999 3.40000000
 C	36.01505389 4.25731440 3.40000000
 C	-21.00873479 4.30738589 3.40000000
 C	21.05169306 4.33174455 3.40000000
 C	34.60020055 4.38112683 3.40000000
 C	6.08828020 4.40615045 3.40000000
 C	19.63678770 4.45553273 3.40000000
 C	-8.87497659 4.48062912 3.40000000
 C	4.67337484 4.52993863 3.40000000
 C	-23.83838944 4.55503502 3.40000000
 C	-10.28988195 4.60441730 3.40000000
 C	31.77038983 4.62870319 3.40000000
 C	-25.25329480 4.67882320 3.40000000
 C	16.80712804 4.70312469 3.40000000
 C	30.35546947 4.75231982 3.40000000
 C	1.84372019 4.77758776 3.40000000
 C	15.39222768 4.82697004 3.40000000
 C	-13.11969767 4.85193648 3.40000000
 C	0.42879982 4.90120439 3.40000000
 C	-14.53444196 4.97585461 3.40000000
 C	27.52581481 4.99996896 3.40000000
 C	12.56240196 5.07437486 3.40000000
 C	26.11090945 5.12375714 3.40000000
 C	-2.40090685 5.14882927 3.40000000
 C	11.14765267 5.19823581 3.40000000
 C	-17.36426769 5.22325943 3.40000000
 C	-3.81576019 5.27264171 3.40000000
 C	38.24451159 5.29692760 3.40000000
 C	-18.77917304 5.34704760 3.40000000
 C	23.28120278 5.37138201 3.40000000
 C	36.82976230 5.42078855 3.40000000
 C	8.31784195 5.44581217 3.40000000
 C	21.86634944 5.49519445 3.40000000
 C	-6.64557091 5.52021806 3.40000000
 C	6.90293659 5.56960034 3.40000000
 C	-21.60882770 5.59469674 3.40000000
 C	-8.06047627 5.64400625 3.40000000
 C	33.99995158 5.66836491 3.40000000
 C	-23.02373305 5.71848491 3.40000000
 C	19.03653372 5.74271363 3.40000000
 C	32.58503121 5.79198154 3.40000000
 C	4.07328194 5.81724948 3.40000000
 C	17.62163337 5.86655899 3.40000000
 C	-10.89013592 5.89159820 3.40000000
 C	2.65836157 5.94086611 3.40000000
 C	-12.30503628 6.01544356 3.40000000
 C	29.75537656 6.03963067 3.40000000
 C	14.79196370 6.11403658 3.40000000
 C	28.34047120 6.16341886 3.40000000
 C	-0.17144915 6.18844247 3.40000000
 C	13.37705835 6.23782475 3.40000000
 C	-15.13475796 6.26289689 3.40000000
 C	-1.58619844 6.31230343 3.40000000
 C	40.47407334 6.33658931 3.40000000
 C	-16.54961130 6.38670932 3.40000000
 C	25.51066048 6.41099521 3.40000000
 C	39.05916798 6.46037749 3.40000000
 C	10.54735167 6.48544963 3.40000000
 C	24.09591119 6.53485617 3.40000000
 C	-4.41600916 6.55987978 3.40000000
 C	9.13249834 6.60926206 3.40000000
 C	-19.37942202 6.63428568 3.40000000
 C	-5.83091452 6.68366796 3.40000000
 C	36.22946130 6.70800237 3.40000000
 C	-20.79432737 6.75807386 3.40000000
 C	21.26609547 6.78237535 3.40000000
 C	34.81459296 6.83164325 3.40000000
 C	6.30268762 6.85683842 3.40000000
 C	19.85119511 6.90622070 3.40000000
 C	-8.66057418 6.93125992 3.40000000
 C	4.88776725 6.98045505 3.40000000
 C	-23.62398203 7.00572299 3.40000000
 C	-10.07547453 7.05510527 3.40000000
 C	31.98478224 7.07921961 3.40000000
 C	-25.03890239 7.12933962 3.40000000
 C	17.02152545 7.15369829 3.40000000
 C	30.56987688 7.20300780 3.40000000
 C	2.05811260 7.22810419 3.40000000
 C	15.60662009 7.27748647 3.40000000
 C	-12.90530026 7.30251009 3.40000000
 C	0.64320724 7.35189237 3.40000000
 C	-14.32004955 7.42637104 3.40000000
 C	27.74022223 7.45065692 3.40000000
 C	12.77680937 7.52506283 3.40000000
 C	26.32531687 7.57444511 3.40000000
 C	-2.18649944 7.59951724 3.40000000
 C	11.36206008 7.64892378 3.40000000
 C	-17.14986027 7.67394740 3.40000000
 C	-3.60135278 7.72332968 3.40000000
 C	38.45891901 7.74761557 3.40000000
 C	-18.56476563 7.79773557 3.40000000
 C	23.49560519 7.82201280 3.40000000
 C	37.04415471 7.87130497 3.40000000
 C	8.53224936 7.89650014 3.40000000
 C	22.08075686 7.94588242 3.40000000
 C	-6.43116850 7.97084886 3.40000000
 C	7.11732900 8.02011677 3.40000000
 C	-21.39442028 8.04538471 3.40000000
 C	-7.84606885 8.09469421 3.40000000
 C	34.21434399 8.11888133 3.40000000
 C	-22.80934065 8.16900134 3.40000000
 C	19.25093113 8.19328723 3.40000000
 C	32.79943863 8.24266952 3.40000000
 C	4.28767434 8.26776590 3.40000000
 C	17.83602577 8.31707541 3.40000000
 C	-10.67573851 8.34217180 3.40000000
 C	2.87276898 8.39155409 3.40000000
 C	-12.09064387 8.46595998 3.40000000
 C	29.96978398 8.49031864 3.40000000
 C	15.00637112 8.56472454 3.40000000
 C	28.55487862 8.61410683 3.40000000
 C	0.04295827 8.63913044 3.40000000
 C	13.59146576 8.68851272 3.40000000
 C	-14.92035055 8.71358486 3.40000000
 C	-1.37179103 8.76299140 3.40000000
 C	40.68848075 8.78727728 3.40000000
 C	-16.33520388 8.83739729 3.40000000
 C	25.72506289 8.86162600 3.40000000
 C	39.27356039 8.91089391 3.40000000
 C	10.76175909 8.93613760 3.40000000
 C	24.31031860 8.98554414 3.40000000
 C	-4.20160675 9.01051057 3.40000000
 C	9.34689074 9.05977848 3.40000000
 C	-19.16501460 9.08497365 3.40000000
 C	-5.61650711 9.13435593 3.40000000
 C	36.44385371 9.15851879 3.40000000
 C	-20.57993497 9.20859028 3.40000000
 C	21.48049288 9.23294895 3.40000000
 C	35.02900037 9.28233123 3.40000000
 C	6.51708002 9.30735484 3.40000000
 C	20.06558752 9.35673713 3.40000000
 C	-8.44617677 9.38183352 3.40000000
 C	5.10217466 9.43114303 3.40000000
 C	-23.40958962 9.45623941 3.40000000
 C	-9.86108212 9.50562170 3.40000000
 C	32.19918966 9.52990758 3.40000000
 C	-24.82449498 9.58002760 3.40000000
 C	17.23593287 9.60438626 3.40000000
 C	30.78428430 9.65369577 3.40000000
 C	2.27252001 9.67879215 3.40000000
 C	15.82102751 9.72817444 3.40000000
 C	-12.69089284 9.75319806 3.40000000
 C	0.85761465 9.80258034 3.40000000
 C	-14.10564214 9.87705901 3.40000000
 C	27.95462464 9.90128772 3.40000000
 C	12.99121679 9.97575080 3.40000000
 C	26.53972428 10.02513308 3.40000000
 C	-1.97209703 10.05014803 3.40000000
 C	11.57645249 10.09944020 3.40000000
 C	-16.93545285 10.12463537 3.40000000
 C	-3.38694536 10.17401765 3.40000000
 C	38.67331141 10.19813199 3.40000000
 C	-18.35037322 10.24825200 3.40000000
 C	23.71000260 10.27258641 3.40000000
 C	37.25856212 10.32199295 3.40000000
 C	8.74664177 10.34701656 3.40000000
 C	22.29514927 10.39639884 3.40000000
 C	-6.21677109 10.42142246 3.40000000
 C	7.33173641 10.47080474 3.40000000
 C	-21.18002787 10.49590113 3.40000000
 C	-7.63167644 10.54521064 3.40000000
 C	34.42875140 10.56956930 3.40000000
 C	-22.59493324 10.61968931 3.40000000
 C	19.46533855 10.64397520 3.40000000
 C	33.01384604 10.69335748 3.40000000
 C	4.50208176 10.71845387 3.40000000
 C	18.05043319 10.76776338 3.40000000
 C	-10.46133110 10.79285977 3.40000000
 C	3.08717640 10.84224205 3.40000000
 C	-11.87623645 10.91664795 3.40000000
 C	30.18418639 10.94094944 3.40000000
 C	15.22077854 11.01541251 3.40000000
 C	28.76928603 11.06479479 3.40000000
 C	0.25736068 11.08976123 3.40000000
 C	13.80585817 11.13902914 3.40000000
 C	-14.70594313 11.16427282 3.40000000
 C	-1.15738361 11.21367936 3.40000000
 C	40.90287316 11.23779371 3.40000000
 C	-16.12081147 11.28791371 3.40000000
 C	25.93946030 11.31219961 3.40000000
 C	39.48796780 11.36158189 3.40000000
 C	10.97615149 11.38665402 3.40000000
 C	24.52471101 11.43606056 3.40000000
 C	-3.98720934 11.46108418 3.40000000
 C	9.56129816 11.51046646 3.40000000
 C	-18.95062219 11.53549007 3.40000000
 C	-5.40211470 11.58487235 3.40000000
 C	36.65826113 11.60920676 3.40000000
 C	-20.36552755 11.65927826 3.40000000
 C	21.69490029 11.68363692 3.40000000
 C	35.24340779 11.73301920 3.40000000
 C	6.73148744 11.75804281 3.40000000
 C	20.27999494 11.80742509 3.40000000
 C	-8.23176935 11.83252149 3.40000000
 C	5.31658208 11.88183100 3.40000000
 C	-23.19518220 11.90692738 3.40000000
 C	-9.64667471 11.95630966 3.40000000
 C	32.41359207 11.98053838 3.40000000
 C	-24.61008757 12.03071557 3.40000000
 C	17.45034028 12.05507423 3.40000000
 C	30.99869171 12.10438374 3.40000000
 C	2.48692242 12.12942295 3.40000000
 C	16.03541992 12.17869086 3.40000000
 C	-12.47648543 12.20388602 3.40000000
 C	1.07202207 12.25326831 3.40000000
 C	-13.89124973 12.32757543 3.40000000
 C	28.16902205 12.35186133 3.40000000
 C	13.20560920 12.42626722 3.40000000
 C	26.75411669 12.47564950 3.40000000
 C	-1.75769962 12.50072164 3.40000000
 C	11.79085990 12.55012818 3.40000000
 C	-16.72106045 12.57515179 3.40000000
 C	-3.17255295 12.62453407 3.40000000
 C	38.88771883 12.64881996 3.40000000
 C	-18.13596581 12.69893997 3.40000000
 C	23.92441002 12.72327438 3.40000000
 C	37.47296953 12.77268092 3.40000000
 C	8.96104919 12.79770453 3.40000000
 C	22.50955668 12.84708681 3.40000000
 C	-6.00236367 12.87211043 3.40000000
 C	7.54614382 12.92149271 3.40000000
 C	-20.96562046 12.94658910 3.40000000
 C	-7.41726903 12.99589861 3.40000000
 C	34.64315381 13.02020010 3.40000000
 C	-22.38052582 13.07037728 3.40000000
 C	19.67974596 13.09466317 3.40000000
 C	33.22825346 13.14404545 3.40000000
 C	4.71648417 13.16908467 3.40000000
 C	18.26482560 13.21827980 3.40000000
 C	-10.24692368 13.24354774 3.40000000
 C	3.30158381 13.29293002 3.40000000
 C	-11.66184405 13.36716437 3.40000000
 C	30.39858380 13.39152304 3.40000000
 C	15.43517094 13.46592894 3.40000000
 C	28.98367844 13.51531122 3.40000000
 C	0.47175809 13.54033484 3.40000000
 C	14.02026558 13.58971712 3.40000000
 C	-14.49155072 13.61478925 3.40000000
 C	-0.94299120 13.66419579 3.40000000
 C	41.11728058 13.68848168 3.40000000
 C	-15.90640406 13.73860169 3.40000000
 C	26.15386772 13.76288758 3.40000000
 C	39.70237522 13.81226986 3.40000000
 C	11.19055891 13.83734199 3.40000000
 C	24.73911843 13.88674853 3.40000000
 C	-3.77280192 13.91177215 3.40000000
 C	9.77570557 13.96115443 3.40000000
 C	-18.73621478 13.98617804 3.40000000
 C	-5.18770728 14.03556032 3.40000000
 C	36.87266354 14.05983755 3.40000000
 C	-20.15112014 14.10996623 3.40000000
 C	21.90930771 14.13432489 3.40000000
 C	35.45781520 14.18370717 3.40000000
 C	6.94588985 14.20867361 3.40000000
 C	20.49438734 14.25794152 3.40000000
 C	-8.01736193 14.28320946 3.40000000
 C	5.53098949 14.33251896 3.40000000
 C	-22.98077979 14.35755818 3.40000000
 C	-9.43228230 14.40682609 3.40000000
 C	32.62798948 14.43111198 3.40000000
 C	-24.39568015 14.48140354 3.40000000
 C	17.66473269 14.50559065 3.40000000
 C	31.21308412 14.55490016 3.40000000
 C	2.70131983 14.57999655 3.40000000
 C	16.24982733 14.62937884 3.40000000
 C	-12.26209302 14.65440245 3.40000000
 C	1.28641448 14.70378473 3.40000000
 C	-13.67684232 14.77826341 3.40000000
 C	28.38342947 14.80254929 3.40000000
 C	13.42001661 14.87695519 3.40000000
 C	26.96852411 14.92633747 3.40000000
 C	-1.54329220 14.95140961 3.40000000
 C	12.00526732 15.00081615 3.40000000
 C	-16.50665303 15.02583976 3.40000000
 C	-2.95814554 15.07522204 3.40000000
 C	39.10212124 15.09945075 3.40000000
 C	-17.92155839 15.14962794 3.40000000
 C	24.13881743 15.17396235 3.40000000
 C	37.68737695 15.22336889 3.40000000
 C	9.17545160 15.24833532 3.40000000
 C	22.72394909 15.29760323 3.40000000
 C	-5.78795625 15.32279840 3.40000000
 C	7.76055124 15.37218068 3.40000000
 C	-20.75121805 15.39721989 3.40000000
 C	-7.20287662 15.44641503 3.40000000
 C	34.85755122 15.47077370 3.40000000
 C	-22.16611840 15.52106525 3.40000000
 C	19.89413837 15.54517959 3.40000000
 C	33.44264587 15.59456188 3.40000000
 C	4.93088158 15.61965827 3.40000000
 C	18.47923301 15.66896778 3.40000000
 C	-10.03253127 15.69406416 3.40000000
 C	3.51597622 15.74344645 3.40000000
 C	-11.44743664 15.81785235 3.40000000
 C	30.61299121 15.84221101 3.40000000
 C	15.64957836 15.91661690 3.40000000
 C	29.19808586 15.96599919 3.40000000
 C	0.68616550 15.99102281 3.40000000
 C	14.23467300 16.04040509 3.40000000
 C	-14.27714331 16.06547722 3.40000000
 C	-0.72858379 16.11488376 3.40000000
 C	41.33168299 16.13911247 3.40000000
 C	-15.69199665 16.18928966 3.40000000
 C	26.36827514 16.21357555 3.40000000
 C	39.91678263 16.26295783 3.40000000
 C	11.40496132 16.28797278 3.40000000
 C	24.95351084 16.33726495 3.40000000
 C	-3.55839451 16.36246012 3.40000000
 C	9.99011299 16.41184240 3.40000000
 C	-18.52181237 16.43680884 3.40000000
 C	-4.97331487 16.48607675 3.40000000
 C	37.08706095 16.51041116 3.40000000
 C	-19.93671272 16.56065419 3.40000000
 C	22.12370012 16.58484131 3.40000000
 C	35.67220761 16.63422359 3.40000000
 C	7.16028726 16.65924721 3.40000000
 C	20.70879476 16.70862950 3.40000000
 C	-7.80296953 16.73372588 3.40000000
 C	5.74538190 16.78303539 3.40000000
 C	-22.76638238 16.80813178 3.40000000
 C	-9.21787489 16.85751407 3.40000000
 C	32.84239689 16.88179995 3.40000000
 C	-24.18128774 16.93191996 3.40000000
 C	17.87914011 16.95627862 3.40000000
 C	31.42749154 17.00558813 3.40000000
 C	2.91572725 17.03068452 3.40000000
 C	16.46423474 17.08006681 3.40000000
 C	-12.04768560 17.10509042 3.40000000
 C	1.50082189 17.15447270 3.40000000
 C	-13.46243490 17.22895138 3.40000000
 C	28.59783688 17.25323726 3.40000000
 C	13.63441902 17.32758598 3.40000000
 C	27.18291652 17.37685389 3.40000000
 C	-1.32888478 17.40209757 3.40000000
 C	12.21967473 17.45150412 3.40000000
 C	-16.29225062 17.47647055 3.40000000
 C	-2.74375313 17.52573846 3.40000000
 C	39.31651865 17.55002436 3.40000000
 C	-17.70715098 17.60031591 3.40000000
 C	24.35320984 17.62447877 3.40000000
 C	37.90176936 17.67388531 3.40000000
 C	9.38984901 17.69890893 3.40000000
 C	22.93835650 17.74829121 3.40000000
 C	-5.57356385 17.77331482 3.40000000
 C	7.97494365 17.82269711 3.40000000
 C	-20.53682064 17.84779350 3.40000000
 C	-6.98846921 17.89710301 3.40000000
 C	35.07195864 17.92146167 3.40000000
 C	-21.95172600 17.97158168 3.40000000
 C	20.10854579 17.99586756 3.40000000
 C	33.65705328 18.04524984 3.40000000
 C	5.14528900 18.07034624 3.40000000
 C	18.69364042 18.11965575 3.40000000
 C	-9.81812386 18.14475213 3.40000000
 C	3.73038364 18.19413441 3.40000000
 C	-11.23302922 18.26854032 3.40000000
 C	30.82739863 18.29289898 3.40000000
 C	15.86398077 18.36724770 3.40000000
 C	29.41247826 18.41651561 3.40000000
 C	0.90057292 18.44171077 3.40000000
 C	14.44908041 18.49109306 3.40000000
 C	-14.06274090 18.51610801 3.40000000
 C	-0.51419138 18.56540018 3.40000000
 C	41.54608040 18.58968608 3.40000000
 C	-15.47758923 18.63997763 3.40000000
 C	26.58266754 18.66409197 3.40000000
 C	40.13117504 18.71347425 3.40000000
 C	11.61935873 18.73854639 3.40000000
 C	25.16791825 18.78795293 3.40000000
 C	-3.34400210 18.81297654 3.40000000
 C	10.20450540 18.86235882 3.40000000
 C	-18.30741496 18.88738244 3.40000000
 C	-4.75890746 18.93676472 3.40000000
 C	37.30146836 18.96109913 3.40000000
 C	-19.72232031 19.01117062 3.40000000
 C	22.33810753 19.03552928 3.40000000
 C	35.88661503 19.08491156 3.40000000
 C	7.37469468 19.10993518 3.40000000
 C	20.92320217 19.15931746 3.40000000
 C	-7.58856211 19.18441385 3.40000000
 C	5.95978932 19.23372336 3.40000000
 C	-22.55197497 19.25881975 3.40000000
 C	-9.00346747 19.30820203 3.40000000
 C	33.05680431 19.33248792 3.40000000
 C	-23.96688033 19.38260793 3.40000000
 C	18.09354252 19.40690942 3.40000000
 C	31.64188394 19.45610455 3.40000000
 C	3.13013466 19.48137249 3.40000000
 C	16.67864216 19.53075477 3.40000000
 C	-11.83328319 19.55572121 3.40000000
 C	1.71521430 19.60498912 3.40000000
 C	-13.24802748 19.67963934 3.40000000
 C	28.81222929 19.70375369 3.40000000
 C	13.84881643 19.77815959 3.40000000
 C	27.39732393 19.82754187 3.40000000
 C	-1.11449238 19.85261400 3.40000000
 C	12.43406714 19.90202054 3.40000000
 C	-16.07785321 19.92704416 3.40000000
 C	-2.52934572 19.97642644 3.40000000
 C	39.53092607 20.00071233 3.40000000
 C	-17.49275857 20.05083233 3.40000000
 C	24.56761726 20.07516674 3.40000000
 C	38.11617677 20.12457328 3.40000000
 C	9.60425642 20.14959690 3.40000000
 C	23.15276392 20.19897918 3.40000000
 C	-5.35915643 20.22400279 3.40000000
 C	8.18935106 20.27338507 3.40000000
 C	-20.32241322 20.29848147 3.40000000
 C	-6.77406179 20.34779098 3.40000000
 C	35.28636606 20.37214964 3.40000000
 C	-21.73731858 20.42226964 3.40000000
 C	20.32294820 20.44649836 3.40000000
 C	33.87144569 20.49576627 3.40000000
 C	5.35969641 20.52103421 3.40000000
 C	18.90804784 20.57034372 3.40000000
 C	-9.60372145 20.59538293 3.40000000
 C	3.94477605 20.64465084 3.40000000
 C	-11.01862180 20.71922829 3.40000000
 C	31.04179104 20.74341540 3.40000000
 C	16.07837818 20.81782130 3.40000000
 C	29.62688567 20.86720359 3.40000000
 C	1.11496533 20.89222720 3.40000000
 C	14.66347282 20.94160948 3.40000000
 C	-13.84834349 20.96668162 3.40000000
 C	-0.29978397 21.01608816 3.40000000
 C	41.76048781 21.04037404 3.40000000
 C	-15.26319682 21.09049405 3.40000000
 C	26.79707496 21.11477994 3.40000000
 C	40.34558245 21.16416222 3.40000000
 C	11.83376615 21.18923436 3.40000000
 C	25.38232566 21.23864090 3.40000000
 C	-3.12959468 21.26366451 3.40000000
 C	10.41891281 21.31304679 3.40000000
 C	-18.09300754 21.33807041 3.40000000
 C	-4.54450005 21.38745269 3.40000000
 C	37.51587578 21.41178710 3.40000000
 C	-19.50791290 21.46185859 3.40000000
 C	22.55250994 21.48616008 3.40000000
 C	36.10100744 21.53542798 3.40000000
 C	7.58910209 21.56062315 3.40000000
 C	21.13760959 21.61000543 3.40000000
 C	-7.37415970 21.63504465 3.40000000
 C	6.17418173 21.68423978 3.40000000
 C	-22.33756755 21.70950772 3.40000000
 C	-8.78906006 21.75889000 3.40000000
 C	33.27119672 21.78300434 3.40000000
 C	-23.75248792 21.83312435 3.40000000
 C	18.30793993 21.85748302 3.40000000
 C	31.85629135 21.90679253 3.40000000
 C	3.34452707 21.93188891 3.40000000
 C	16.89303457 21.98127120 3.40000000
 C	-11.61888578 22.00629482 3.40000000
 C	1.92962171 22.05567710 3.40000000
 C	-13.03363508 22.13015577 3.40000000
 C	29.02663671 22.15444165 3.40000000
 C	14.06322385 22.22884756 3.40000000
 C	27.61173134 22.27822984 3.40000000
 C	-0.90008496 22.30330197 3.40000000
 C	12.64847456 22.35270851 3.40000000
 C	-15.86344579 22.37773213 3.40000000
 C	-2.31493830 22.42711441 3.40000000
 C	39.74533348 22.45140030 3.40000000
 C	-17.27835115 22.50152030 3.40000000
 C	24.78201967 22.52579753 3.40000000
 C	38.33056918 22.57508970 3.40000000
 C	9.81866384 22.60028487 3.40000000
 C	23.36717133 22.64966715 3.40000000
 C	-5.14475402 22.67463359 3.40000000
 C	8.40374347 22.72390150 3.40000000
 C	-20.10800581 22.74916944 3.40000000
 C	-6.55965438 22.79847894 3.40000000
 C	35.50075846 22.82266606 3.40000000
 C	-21.52292617 22.87278607 3.40000000
 C	20.53734561 22.89707196 3.40000000
 C	34.08585310 22.94645425 3.40000000
 C	5.57408882 22.97155063 3.40000000
 C	19.12244025 23.02086014 3.40000000
 C	-9.38932404 23.04595653 3.40000000
 C	4.15918346 23.09533882 3.40000000
 C	-10.80422940 23.16974471 3.40000000
 C	31.25619845 23.19410337 3.40000000
 C	16.29278560 23.26850927 3.40000000
 C	29.84129309 23.31789156 3.40000000
 C	1.32937274 23.34291517 3.40000000
 C	14.87788024 23.39229745 3.40000000
 C	-13.63393607 23.41736959 3.40000000
 C	-0.08537655 23.46677613 3.40000000
 C	41.97489523 23.49106201 3.40000000
 C	-15.04878941 23.54118202 3.40000000
 C	27.01147737 23.56541073 3.40000000
 C	40.55997486 23.61467864 3.40000000
 C	12.04817356 23.63992233 3.40000000
 C	25.59673308 23.68932887 3.40000000
 C	-2.91519228 23.71429530 3.40000000
 C	10.63330522 23.76356321 3.40000000
 C	-17.87860013 23.78875838 3.40000000
 C	-4.33009263 23.83814066 3.40000000
 C	37.73026819 23.86230352 3.40000000
 C	-19.29352049 23.91237501 3.40000000
 C	22.76690735 23.93673368 3.40000000
 C	36.31541485 23.98611596 3.40000000
 C	7.80349450 24.01113957 3.40000000
 C	21.35200199 24.06052186 3.40000000
 C	-7.15976229 24.08561825 3.40000000
 C	6.38858914 24.13492776 3.40000000
 C	-22.12317514 24.16002414 3.40000000
 C	-8.57466765 24.20940643 3.40000000
 C	33.48560413 24.23369231 3.40000000
 C	-23.53808051 24.28381233 3.40000000
 C	18.52234734 24.30817099 3.40000000
 C	32.07069877 24.35748050 3.40000000
 C	3.55893449 24.38257688 3.40000000
 C	17.10744198 24.43195917 3.40000000
 C	-11.40447837 24.45698279 3.40000000
 C	2.14402913 24.50636507 3.40000000
 C	-12.81922766 24.58084374 3.40000000
 C	29.24103912 24.60507245 3.40000000
 C	14.27763126 24.67953553 3.40000000
 C	27.82613876 24.72891781 3.40000000
 C	-0.68568255 24.75393276 3.40000000
 C	12.86286697 24.80322493 3.40000000
 C	-15.64903838 24.82842010 3.40000000
 C	-2.10053088 24.87780238 3.40000000
 C	39.95972589 24.90191672 3.40000000
 C	-17.06395874 24.95203673 3.40000000
 C	24.99641708 24.97637114 3.40000000
 C	38.54497659 25.02577768 3.40000000
 C	10.03305625 25.05080129 3.40000000
 C	23.58156374 25.10018357 3.40000000
 C	-4.93035661 25.12520719 3.40000000
 C	8.61815088 25.17458947 3.40000000
 C	-19.89361340 25.19968586 3.40000000
 C	-6.34526197 25.24899537 3.40000000
 C	35.71516588 25.27335403 3.40000000
 C	-21.30851876 25.32347404 3.40000000
 C	20.75175302 25.34775993 3.40000000
 C	34.30026052 25.39714221 3.40000000
 C	5.78849624 25.42223860 3.40000000
 C	19.33684766 25.47154811 3.40000000
 C	-9.17491662 25.49664450 3.40000000
 C	4.37359087 25.54602678 3.40000000
 C	-10.58982198 25.62043268 3.40000000
 C	31.47060086 25.64473417 3.40000000
 C	16.50719301 25.71919724 3.40000000
 C	30.05570051 25.76857952 3.40000000
 C	1.54377515 25.79354596 3.40000000
 C	15.09227265 25.84281387 3.40000000
 C	-13.41952865 25.86805755 3.40000000
 C	0.12903086 25.91746409 3.40000000
 C	42.18928764 25.94157844 3.40000000
 C	-14.83439700 25.99169844 3.40000000
 C	27.22587478 26.01598434 3.40000000
 C	40.77438227 26.06536662 3.40000000
 C	12.26256597 26.09043875 3.40000000
 C	25.81112549 26.13984529 3.40000000
 C	-2.70079486 26.16486891 3.40000000
 C	10.84771263 26.21425119 3.40000000
 C	-17.66420772 26.23927480 3.40000000
 C	-4.11570022 26.28865708 3.40000000
 C	37.94467560 26.31299149 3.40000000
 C	-19.07911308 26.36306299 3.40000000
 C	22.98131477 26.38742165 3.40000000
 C	36.52982226 26.43680393 3.40000000
 C	8.01790192 26.46182754 3.40000000
 C	21.56640941 26.51120982 3.40000000
 C	-6.94535488 26.53630622 3.40000000
 C	6.60299655 26.58561573 3.40000000
 C	-21.90876773 26.61071211 3.40000000
 C	-8.36026023 26.66009439 3.40000000
 C	33.70000654 26.68432311 3.40000000
 C	-23.32367309 26.73450030 3.40000000
 C	18.73675476 26.75885896 3.40000000
 C	32.28510619 26.80816847 3.40000000
 C	3.77333690 26.83320768 3.40000000
 C	17.32183439 26.88247559 3.40000000
 C	-11.19007095 26.90767075 3.40000000
 C	2.35843654 26.95705304 3.40000000
 C	-12.60483525 27.03136016 3.40000000
 C	29.45543653 27.05564606 3.40000000
 C	14.49202367 27.13005195 3.40000000
 C	28.04053117 27.17943423 3.40000000
 C	-0.47128514 27.20450637 3.40000000
 C	13.07727438 27.25391291 3.40000000
 C	-15.43464597 27.27893652 3.40000000
 C	-1.88613848 27.32831880 3.40000000
 C	40.17413331 27.35260469 3.40000000
 C	-16.84955133 27.40272470 3.40000000
 C	25.21082449 27.42705911 3.40000000
 C	38.75938401 27.47646565 3.40000000
 C	10.24746366 27.50148926 3.40000000
 C	23.79597116 27.55087154 3.40000000
 C	-4.71594920 27.57589516 3.40000000
 C	8.83255830 27.62527744 3.40000000
 C	-19.67920598 27.65037383 3.40000000
 C	-6.13085455 27.69968334 3.40000000
 C	35.92956829 27.72398483 3.40000000
 C	-21.09411134 27.77416201 3.40000000
 C	20.96616044 27.79844790 3.40000000
 C	34.51466793 27.84783018 3.40000000
 C	6.00289864 27.87286940 3.40000000
 C	19.55124007 27.92206453 3.40000000
 C	-8.96050921 27.94733247 3.40000000
 C	4.58799829 27.99671475 3.40000000
 C	-10.37542957 28.07094910 3.40000000
 C	31.68499827 28.09530777 3.40000000
 C	16.72158542 28.16971367 3.40000000
 C	30.27009291 28.21909595 3.40000000
 C	1.75817256 28.24411957 3.40000000
 C	15.30668006 28.29350185 3.40000000
 C	-13.20513625 28.31857398 3.40000000
 C	0.34342327 28.36798052 3.40000000
 C	42.40369505 28.39226640 3.40000000
 C	-14.61998959 28.44238642 3.40000000
 C	27.44028220 28.46667231 3.40000000
 C	40.98878969 28.51605459 3.40000000
 C	12.47697339 28.54112672 3.40000000
 C	26.02553290 28.59053326 3.40000000
 C	-2.48638745 28.61555688 3.40000000
 C	11.06212005 28.66493916 3.40000000
 C	-17.44980030 28.68996277 3.40000000
 C	-3.90129281 28.73934505 3.40000000
 C	38.15907801 28.76362228 3.40000000
 C	-18.86470566 28.81375096 3.40000000
 C	23.19572218 28.83810962 3.40000000
 C	36.74422968 28.88749190 3.40000000
 C	8.23230432 28.91245834 3.40000000
 C	21.78080182 28.96172625 3.40000000
 C	-6.73094746 28.98699419 3.40000000
 C	6.81740397 29.03630369 3.40000000
 C	-21.69436532 29.06134291 3.40000000
 C	-8.14586782 29.11061082 3.40000000
 C	33.91440395 29.13489671 3.40000000
 C	-23.10926567 29.18518827 3.40000000
 C	18.95114717 29.20937538 3.40000000
 C	32.49949859 29.25868489 3.40000000
 C	3.98773431 29.28378128 3.40000000
 C	17.53624180 29.33316357 3.40000000
 C	-10.97567854 29.35818718 3.40000000
 C	2.57282895 29.40756946 3.40000000
 C	-12.39042784 29.48204814 3.40000000
 C	29.66984394 29.50633402 3.40000000
 C	14.70643109 29.58073992 3.40000000
 C	28.25493858 29.63012220 3.40000000
 C	-0.25687772 29.65519434 3.40000000
 C	13.29168179 29.70460088 3.40000000
 C	-15.22023856 29.72962449 3.40000000
 C	-1.67173106 29.77900677 3.40000000
 C	40.38853571 29.80323548 3.40000000
 C	-16.63514392 29.85341267 3.40000000
 C	25.42523191 29.87774708 3.40000000
 C	38.97379143 29.92715362 3.40000000
 C	10.46186607 29.95212005 3.40000000
 C	24.01036357 30.00138796 3.40000000
 C	-4.50154178 30.02658313 3.40000000
 C	9.04696572 30.07596541 3.40000000
 C	-19.46480357 30.10100462 3.40000000
 C	-5.91646214 30.15019976 3.40000000
 C	36.14396570 30.17455843 3.40000000
 C	-20.87970393 30.22484998 3.40000000
 C	21.18055285 30.24896432 3.40000000
 C	34.72906034 30.29834661 3.40000000
 C	6.21729606 30.32344300 3.40000000
 C	19.76564748 30.37275251 3.40000000
 C	-8.74611680 30.39784889 3.40000000
 C	4.80239070 30.44723118 3.40000000
 C	-10.16102216 30.52163708 3.40000000
 C	31.89940569 30.54599574 3.40000000
 C	16.93599284 30.62040163 3.40000000
 C	30.48450033 30.66978392 3.40000000
 C	1.97257998 30.69480754 3.40000000
 C	15.52108747 30.74418982 3.40000000
 C	-12.99072883 30.76926195 3.40000000
 C	0.55783069 30.81866849 3.40000000
 C	42.61809746 30.84289720 3.40000000
 C	-14.40558217 30.89307439 3.40000000
 C	27.65468961 30.91736028 3.40000000
 C	41.20319711 30.96674256 3.40000000
 C	12.69137580 30.99175751 3.40000000
 C	26.23992531 31.04104968 3.40000000
 C	-2.27198003 31.06624485 3.40000000
 C	11.27652746 31.11562713 3.40000000
 C	-17.23539789 31.14059357 3.40000000
 C	-3.68690040 31.18986148 3.40000000
 C	38.37347542 31.21419589 3.40000000
 C	-18.65029825 31.26443892 3.40000000
 C	23.41011459 31.28862604 3.40000000
 C	36.95862209 31.33800832 3.40000000
 C	8.44670174 31.36303194 3.40000000
 C	21.99520923 31.41241422 3.40000000
 C	-6.51655505 31.43751061 3.40000000
 C	7.03179638 31.48682012 3.40000000
 C	-21.47996791 31.51191651 3.40000000
 C	-7.93146041 31.56129880 3.40000000
 C	34.12881137 31.58558468 3.40000000
 C	-22.89487327 31.63570469 3.40000000
 C	19.16555458 31.66006335 3.40000000
 C	32.71390601 31.70937286 3.40000000
 C	4.20214172 31.73446925 3.40000000
 C	17.75064922 31.78385153 3.40000000
 C	-10.76127113 31.80887515 3.40000000
 C	2.78723637 31.85825743 3.40000000
 C	-12.17602042 31.93273611 3.40000000
 C	29.88425136 31.95702199 3.40000000
 C	14.92083350 32.03137071 3.40000000
 C	28.46933099 32.08063862 3.40000000
 C	-0.04247031 32.10588230 3.40000000
 C	13.50608921 32.15528884 3.40000000
 C	-15.00583615 32.18025528 3.40000000
 C	-1.45733865 32.22952319 3.40000000
 C	40.60293313 32.25380909 3.40000000
 C	-16.42073650 32.30410064 3.40000000
 C	25.63962432 32.32826350 3.40000000
 C	39.18818383 32.37767004 3.40000000
 C	10.67626348 32.40269366 3.40000000
 C	24.22477098 32.45207594 3.40000000
 C	-4.28714937 32.47709955 3.40000000
 C	9.26135812 32.52648183 3.40000000
 C	-19.25040616 32.55157823 3.40000000
 C	-5.70205473 32.60088774 3.40000000
 C	36.35837311 32.62524640 3.40000000
 C	-20.66531152 32.67536641 3.40000000
 C	21.39496026 32.69965229 3.40000000
 C	34.94346776 32.74903457 3.40000000
 C	6.43170347 32.77413097 3.40000000
 C	19.98005490 32.82344048 3.40000000
 C	-8.53170938 32.84853686 3.40000000
 C	5.01679811 32.89791914 3.40000000
 C	-9.94661474 32.97232505 3.40000000
 C	32.11381310 32.99668371 3.40000000
 C	17.15039524 33.07103243 3.40000000
 C	30.69889274 33.12030034 3.40000000
 C	2.18698739 33.14549550 3.40000000
 C	15.73549489 33.19487779 3.40000000
 C	-12.77632642 33.21989274 3.40000000
 C	0.77222309 33.26918491 3.40000000
 C	42.83249487 33.29347081 3.40000000
 C	-14.19117475 33.34376236 3.40000000
 C	27.86908202 33.36787670 3.40000000
 C	41.41758951 33.41725898 3.40000000
 C	12.90577321 33.44233112 3.40000000
 C	26.45433272 33.49173766 3.40000000
 C	-2.05758762 33.51676127 3.40000000
 C	11.49091987 33.56614355 3.40000000
 C	-17.02100048 33.59116717 3.40000000
 C	-3.47249299 33.64054945 3.40000000
 C	38.58788284 33.66488386 3.40000000
 C	-18.43590584 33.71495535 3.40000000
 C	23.62452201 33.73931401 3.40000000
 C	37.17302950 33.78869629 3.40000000
 C	8.66110915 33.81371991 3.40000000
 C	22.20961665 33.86310219 3.40000000
 C	-6.30214764 33.88819858 3.40000000
 C	7.24620379 33.93750809 3.40000000
 C	-21.26556049 33.96260448 3.40000000
 C	-7.71705300 34.01198676 3.40000000
 C	34.34321878 34.03627265 3.40000000
 C	19.37995699 34.11069415 3.40000000
 C	32.92829842 34.15988928 3.40000000
 C	4.41654914 34.18515722 3.40000000
 C	17.96505664 34.23453950 3.40000000
 C	-10.54686872 34.25950594 3.40000000
 C	3.00162877 34.30877385 3.40000000
 C	-11.96161301 34.38342407 3.40000000
 C	30.09864377 34.40753842 3.40000000
 C	15.13523091 34.48194432 3.40000000
 C	28.68373840 34.53132660 3.40000000
 C	0.17192210 34.55639873 3.40000000
 C	13.72048162 34.60580527 3.40000000
 C	-14.79143874 34.63082889 3.40000000
 C	-1.24293124 34.68021117 3.40000000
 C	40.81734054 34.70449706 3.40000000
 C	-16.20634409 34.75461706 3.40000000
 C	25.85403173 34.77895147 3.40000000
 C	39.40259125 34.82835801 3.40000000
 C	10.89067090 34.85338163 3.40000000
 C	24.43917839 34.90276391 3.40000000
 C	-4.07274196 34.92778752 3.40000000
 C	9.47576554 34.97716980 3.40000000
 C	-19.03599875 35.00226620 3.40000000
 C	-5.48764732 35.05157571 3.40000000
 C	36.57278053 35.07593437 3.40000000
 C	21.60936267 35.15028309 3.40000000
 C	35.15786017 35.19955100 3.40000000
 C	6.64611089 35.22481894 3.40000000
 C	20.19446232 35.27412845 3.40000000
 C	-8.31730697 35.29916766 3.40000000
 C	5.23119052 35.34843557 3.40000000
 C	-9.73220733 35.42301302 3.40000000
 C	32.32820551 35.44720013 3.40000000
 C	17.36479265 35.52160603 3.40000000
 C	30.91330015 35.57098832 3.40000000
 C	2.40137980 35.59601193 3.40000000
 C	15.94988730 35.64539421 3.40000000
 C	-12.56192901 35.67046635 3.40000000
 C	0.98663051 35.71987289 3.40000000
 C	43.04690229 35.74415877 3.40000000
 C	-13.97678235 35.79427878 3.40000000
 C	28.08348944 35.81856467 3.40000000
 C	41.63199693 35.86794695 3.40000000
 C	13.12018062 35.89301909 3.40000000
 C	26.66874014 35.94242563 3.40000000
 C	-1.84318021 35.96744924 3.40000000
 C	11.70532729 36.01683152 3.40000000
 C	-16.80659307 36.04185514 3.40000000
 C	-3.25808557 36.09123742 3.40000000
 C	38.80229026 36.11557183 3.40000000
 C	23.83892442 36.18994480 3.40000000
 C	37.38742191 36.23921271 3.40000000
 C	8.87551657 36.26440788 3.40000000
 C	22.42402406 36.31379016 3.40000000
 C	-6.08774523 36.33882938 3.40000000
 C	7.46059620 36.38802451 3.40000000
 C	-7.50264558 36.46267473 3.40000000
 C	34.55761119 36.48678907 3.40000000
 C	19.59435440 36.56126775 3.40000000
 C	33.14270583 36.61057726 3.40000000
 C	4.63094155 36.63567364 3.40000000
 C	18.17944904 36.68505593 3.40000000
 C	-10.33247131 36.71007955 3.40000000
 C	3.21603619 36.75946183 3.40000000
 C	-11.74722060 36.83394050 3.40000000
 C	30.31305118 36.85822638 3.40000000
 C	15.34963832 36.93263229 3.40000000
 C	28.89814582 36.98201457 3.40000000
 C	0.38632952 37.00708670 3.40000000
 C	13.93488903 37.05649324 3.40000000
 C	-14.57703132 37.08151686 3.40000000
 C	-1.02852382 37.13089914 3.40000000
 C	41.03174796 37.15518503 3.40000000
 C	26.06843414 37.22958226 3.40000000
 C	39.61698366 37.27887443 3.40000000
 C	11.10507831 37.30406960 3.40000000
 C	24.65358581 37.35345188 3.40000000
 C	-3.85833955 37.37841832 3.40000000
 C	9.69015795 37.42768623 3.40000000
 C	-5.27323990 37.50226367 3.40000000
 C	36.78717294 37.52645079 3.40000000
 C	21.82376008 37.60085669 3.40000000
 C	35.37226758 37.65023898 3.40000000
 C	6.86050329 37.67533536 3.40000000
 C	20.40885472 37.72464487 3.40000000
 C	-8.10290956 37.74974126 3.40000000
 C	5.44559793 37.79912355 3.40000000
 C	-9.51781492 37.87352944 3.40000000
 C	32.54261293 37.89788810 3.40000000
 C	17.57920007 37.97229400 3.40000000
 C	31.12770757 38.02167629 3.40000000
 C	2.61578722 38.04669990 3.40000000
 C	16.16429471 38.09608218 3.40000000
 C	-12.34752160 38.12115432 3.40000000
 C	1.20103792 38.17056086 3.40000000
 C	43.26130970 38.19484674 3.40000000
 C	28.29789184 38.26919546 3.40000000
 C	41.84638934 38.31846337 3.40000000
 C	13.33458804 38.34370705 3.40000000
 C	26.88314756 38.39311360 3.40000000
 C	-1.62877780 38.41808003 3.40000000
 C	11.91971969 38.46734794 3.40000000
 C	-3.04367815 38.54192539 3.40000000
 C	39.01668266 38.56608825 3.40000000
 C	24.05332183 38.64051841 3.40000000
 C	37.60182932 38.68990069 3.40000000
 C	9.08990898 38.71492430 3.40000000
 C	22.63841647 38.76430659 3.40000000
 C	-5.87334782 38.78940298 3.40000000
 C	7.67500361 38.83871249 3.40000000
 C	-7.28825317 38.91319116 3.40000000
 C	34.77201861 38.93747704 3.40000000
 C	19.80876182 39.01195572 3.40000000
 C	33.35711325 39.06126523 3.40000000
 C	4.84534896 39.08636161 3.40000000
 C	18.39385646 39.13574390 3.40000000
 C	-10.11806389 39.16076752 3.40000000
 C	3.43044360 39.21014980 3.40000000
 C	30.52745359 39.30885718 3.40000000
 C	15.56404574 39.38332025 3.40000000
 C	29.11255324 39.43270254 3.40000000
 C	0.60073192 39.45771749 3.40000000
 C	14.14928144 39.50700966 3.40000000
 C	-0.81411641 39.58158711 3.40000000
 C	41.24614037 39.60570145 3.40000000
 C	26.28283155 39.68015587 3.40000000
 C	39.83139107 39.72956241 3.40000000
 C	11.31947072 39.75458602 3.40000000
 C	24.86797822 39.80396830 3.40000000
 C	-3.64394214 39.82899192 3.40000000
 C	9.90456536 39.87837420 3.40000000
 C	-5.05884749 39.95278010 3.40000000
 C	37.00158035 39.97713876 3.40000000
 C	22.03816750 40.05154466 3.40000000
 C	35.58667499 40.10092694 3.40000000
 C	7.07491071 40.12602333 3.40000000
 C	20.62326214 40.17533284 3.40000000
 C	-7.88850215 40.20042923 3.40000000
 C	5.66000535 40.24981151 3.40000000
 C	32.75701534 40.34851890 3.40000000
 C	17.79360749 40.42298197 3.40000000
 C	31.34211498 40.47236425 3.40000000
 C	2.83018963 40.49733069 3.40000000
 C	16.37868712 40.54659860 3.40000000
 C	1.41544534 40.62124882 3.40000000
 C	43.47570211 40.64536317 3.40000000
 C	28.51228925 40.71976907 3.40000000
 C	42.06079675 40.76915135 3.40000000
 C	13.54898045 40.79422348 3.40000000
 C	27.09753996 40.84363002 3.40000000
 C	-1.41438039 40.86865364 3.40000000
 C	12.13412711 40.91803592 3.40000000
 C	-2.82928575 40.99244181 3.40000000
 C	39.23109008 41.01677622 3.40000000
 C	24.26772924 41.09120638 3.40000000
 C	37.81623674 41.14058866 3.40000000
 C	9.30431639 41.16561227 3.40000000
 C	22.85282389 41.21499455 3.40000000
 C	-5.65894040 41.24009095 3.40000000
 C	7.88941103 41.28940046 3.40000000
 C	34.98642102 41.38810784 3.40000000
 C	20.02316923 41.46264369 3.40000000
 C	33.57152066 41.51195320 3.40000000
 C	5.05975137 41.53699241 3.40000000
 C	18.60824887 41.58626032 3.40000000
 C	3.64485102 41.66083777 3.40000000
 C	30.74185100 41.75943079 3.40000000
 C	15.77843815 41.83383668 3.40000000
 C	29.32694564 41.88321896 3.40000000
 C	0.81512934 41.90829110 3.40000000
 C	14.36368885 41.95769764 3.40000000
 C	-0.59972400 42.03210353 3.40000000
 C	41.46054778 42.05638942 3.40000000
 C	26.49723897 42.13084384 3.40000000
 C	40.04579849 42.18025038 3.40000000
 C	11.53387814 42.20527399 3.40000000
 C	25.08238563 42.25465627 3.40000000
 C	-3.42953472 42.27967989 3.40000000
 C	10.11897278 42.32906217 3.40000000
 C	37.21598276 42.42776956 3.40000000
 C	22.25257491 42.50223263 3.40000000
 C	35.80108241 42.55161491 3.40000000
 C	7.28931312 42.57665413 3.40000000
 C	20.83765455 42.62584926 3.40000000
 C	5.87441276 42.70049948 3.40000000
 C	32.97141275 42.79909250 3.40000000
 C	18.00799989 42.87349840 3.40000000
 C	31.55650739 42.92288068 3.40000000
 C	3.04458704 42.94790430 3.40000000
 C	16.59309453 42.99728658 3.40000000
 C	1.62983775 43.07176525 3.40000000
 C	43.69010953 43.09605113 3.40000000
 C	28.72669667 43.17045704 3.40000000
 C	42.27520417 43.21983932 3.40000000
 C	13.76338786 43.24491145 3.40000000
 C	27.31194738 43.29431799 3.40000000
 C	-1.19997297 43.31934161 3.40000000
 C	12.34853452 43.36872389 3.40000000
 C	39.44549249 43.46740701 3.40000000
 C	24.48213666 43.54189435 3.40000000
 C	38.03064416 43.59127663 3.40000000
 C	9.51871880 43.61624307 3.40000000
 C	23.06721629 43.66551098 3.40000000
 C	8.10381845 43.74008842 3.40000000
 C	35.20081843 43.83868144 3.40000000
 C	20.23756164 43.91316011 3.40000000
 C	33.78591307 43.96246962 3.40000000
 C	5.27414878 43.98756601 3.40000000
 C	18.82265628 44.03694830 3.40000000
 C	3.85924343 44.11135419 3.40000000
 C	30.95625842 44.21011875 3.40000000
 C	15.99284556 44.28452465 3.40000000
 C	29.54135306 44.33390693 3.40000000
 C	1.02953675 44.35897907 3.40000000
 C	14.57809627 44.40838561 3.40000000
 C	41.67495019 44.50702021 3.40000000
 C	26.71164638 44.58153181 3.40000000
 C	40.26020590 44.63093835 3.40000000
 C	11.74828055 44.65590478 3.40000000
 C	25.29677804 44.70517269 3.40000000
 C	10.33338019 44.77975014 3.40000000
 C	37.43038017 44.87834316 3.40000000
 C	22.46696732 44.95274905 3.40000000
 C	36.01547482 45.00213134 3.40000000
 C	7.50371053 45.02722773 3.40000000
 C	21.05206196 45.07653724 3.40000000
 C	6.08880517 45.15101591 3.40000000
 C	33.18582016 45.24978047 3.40000000
 C	18.22240731 45.32418636 3.40000000
 C	31.77091481 45.37356865 3.40000000
 C	3.25899445 45.39859227 3.40000000
 C	16.80750195 45.44797455 3.40000000
 C	43.90451194 45.54668193 3.40000000
 C	28.94110409 45.62114501 3.40000000
 C	42.48961158 45.67052729 3.40000000
 C	13.97779027 45.69554224 3.40000000
 C	27.52633979 45.74483441 3.40000000
 C	12.56294194 45.81941186 3.40000000
 C	39.65988990 45.91798062 3.40000000
 C	24.69652907 45.99241077 3.40000000
 C	38.24503656 46.04179305 3.40000000
 C	9.73311621 46.06681667 3.40000000
 C	23.28162371 46.11619895 3.40000000
 C	8.31821085 46.19060485 3.40000000
 C	35.41522584 46.28936941 3.40000000
 C	20.45196906 46.36384808 3.40000000
 C	34.00032049 46.41315759 3.40000000
 C	5.48855620 46.43825398 3.40000000
 C	19.03706370 46.48763626 3.40000000
 C	31.17066583 46.66080672 3.40000000
 C	16.20724797 46.73515544 3.40000000
 C	29.75574547 46.78442335 3.40000000
 C	14.79250368 46.85907357 3.40000000
 C	41.88934760 46.95759382 3.40000000
 C	26.92603879 47.03204823 3.40000000
 C	40.47459831 47.08145477 3.40000000
 C	11.96267796 47.10647839 3.40000000
 C	25.51118545 47.15586067 3.40000000
 C	10.54777260 47.23026656 3.40000000
 C	37.64478759 47.32903113 3.40000000
 C	22.68137474 47.40343702 3.40000000
 C	36.22988223 47.45281930 3.40000000
 C	7.71811795 47.47791570 3.40000000
 C	21.26646938 47.52722521 3.40000000
 C	33.40022758 47.70046844 3.40000000
 C	18.43680972 47.77481716 3.40000000
 C	31.98530721 47.82408507 3.40000000
 C	17.02190936 47.89866252 3.40000000
 C	44.11890935 47.99725554 3.40000000
 C	29.15549649 48.07166143 3.40000000
 C	42.70400399 48.12104371 3.40000000
 C	14.19218768 48.14611585 3.40000000
 C	27.74074720 48.19552239 3.40000000
 C	12.77733435 48.26992828 3.40000000
 C	39.87429731 48.36866859 3.40000000
 C	24.91093648 48.44309874 3.40000000
 C	38.45944398 48.49248102 3.40000000
 C	9.94752363 48.51750464 3.40000000
 C	23.49603112 48.56688692 3.40000000
 C	35.62963326 48.74005738 3.40000000
 C	20.66637147 48.81447888 3.40000000
 C	34.21471289 48.86367401 3.40000000
 C	19.25147111 48.93832423 3.40000000
 C	31.38505824 49.11132315 3.40000000
 C	16.42164538 49.18572905 3.40000000
 C	29.97015288 49.23511133 3.40000000
 C	15.00689609 49.30959000 3.40000000
 C	42.10375502 49.40828179 3.40000000
 C	27.14044621 49.48273620 3.40000000
 C	40.68900573 49.53214274 3.40000000
 C	12.17708537 49.55716636 3.40000000
 C	25.72559287 49.60654864 3.40000000
 C	37.85919501 49.77971910 3.40000000
 C	22.89577715 49.85406782 3.40000000
 C	36.44427464 49.90333573 3.40000000
 C	21.48087679 49.97791317 3.40000000
 C	33.61461999 50.15098486 3.40000000
 C	18.65120713 50.22539076 3.40000000
 C	32.19971463 50.27477305 3.40000000
 C	17.23630177 50.34917894 3.40000000
 C	44.33331676 50.44794350 3.40000000
 C	29.36990391 50.52234940 3.40000000
 C	42.91841141 50.57173168 3.40000000
 C	14.40659510 50.59680382 3.40000000
 C	27.95515461 50.64621036 3.40000000
 C	40.08870473 50.81935656 3.40000000
 C	25.12533889 50.89372953 3.40000000
 C	38.67383639 50.94299744 3.40000000
 C	23.71043854 51.01757489 3.40000000
 C	35.84402567 51.19057380 3.40000000
 C	20.88076888 51.26505248 3.40000000
 C	34.42912031 51.31436199 3.40000000
 C	19.46586352 51.38884066 3.40000000
 C	31.59946566 51.56201111 3.40000000
 C	16.63605280 51.63641702 3.40000000
 C	30.18456030 51.68579930 3.40000000
 C	42.31816243 51.85896976 3.40000000
 C	27.35484862 51.93336699 3.40000000
 C	40.90339813 51.98265916 3.40000000
 C	25.94000028 52.05723661 3.40000000
 C	38.07358741 52.23023552 3.40000000
 C	23.11017456 52.30464142 3.40000000
 C	36.65868205 52.35402371 3.40000000
 C	21.69526920 52.42842960 3.40000000
 C	33.82902740 52.60167283 3.40000000
 C	18.86561455 52.67607873 3.40000000
 C	32.41412204 52.72546102 3.40000000
 C	44.54772418 52.89863147 3.40000000
 C	29.58430632 52.97298019 3.40000000
 C	43.13280381 53.02224810 3.40000000
 C	28.16956203 53.09689833 3.40000000
 C	40.30309714 53.26987298 3.40000000
 C	25.33973630 53.34430314 3.40000000
 C	38.88824380 53.39368542 3.40000000
 C	23.92483095 53.46809132 3.40000000
 C	36.05843308 53.64126177 3.40000000
 C	21.09517629 53.71574045 3.40000000
 C	34.64352772 53.76504996 3.40000000
 C	31.81386807 54.01264191 3.40000000
 C	30.39896771 54.13648727 3.40000000
 C	42.53255484 54.30948618 3.40000000
 C	27.56924603 54.38394060 3.40000000
 C	41.11780555 54.43334714 3.40000000
 C	26.15439269 54.50775303 3.40000000
 C	38.28799483 54.68092349 3.40000000
 C	23.32458197 54.75532939 3.40000000
 C	36.87308947 54.80471167 3.40000000
 C	34.04342981 55.05230363 3.40000000
 C	32.62852946 55.17614898 3.40000000
 C	44.76211659 55.34914790 3.40000000
 C	29.79870373 55.42355380 3.40000000
 C	43.34721123 55.47293608 3.40000000
 C	28.38395444 55.54741475 3.40000000
 C	40.51750455 55.72056095 3.40000000
 C	25.55414372 55.79499111 3.40000000
 C	39.10265121 55.84437339 3.40000000
 C	36.27283549 56.09189257 3.40000000
 C	34.85793514 56.21573793 3.40000000
 C	32.02826548 56.46321551 3.40000000
 C	30.61336012 56.58700369 3.40000000
 C	42.74696226 56.76017415 3.40000000
 C	27.78365344 56.83462857 3.40000000
 C	41.33221296 56.88403511 3.40000000
 C	38.50239724 57.13155429 3.40000000
 C	37.08749688 57.25539964 3.40000000
 C	34.25782722 57.50287723 3.40000000
 C	32.84292187 57.62666541 3.40000000
 C	44.97652400 57.79983586 3.40000000
 C	30.01311115 57.87424177 3.40000000
 C	43.56161864 57.92362405 3.40000000
 C	40.73190696 58.17119174 3.40000000
 C	39.31705863 58.29506136 3.40000000
 C	36.48723290 58.54246617 3.40000000
 C	35.07232755 58.66625435 3.40000000
 C	32.24267289 58.91390348 3.40000000
 C	42.96136467 59.21080494 3.40000000
 C	41.54662038 59.33472308 3.40000000
 C	38.71679465 59.58212789 3.40000000
 C	37.30188929 59.70591607 3.40000000
 C	34.47223464 59.95356520 3.40000000
 C	45.19092641 60.25046666 3.40000000
 C	43.77602606 60.37431202 3.40000000
 C	40.94630437 60.62176535 3.40000000
 C	39.53145104 60.74557778 3.40000000
 C	36.70164032 60.99315414 3.40000000
 C	43.17576208 61.66137855 3.40000000
 C	41.76101279 61.78523950 3.40000000
 C	38.93120207 62.03281586 3.40000000
 C	45.40532382 62.70104027 3.40000000
 C	43.99041847 62.82482844 3.40000000
 C	41.16071179 63.07245332 3.40000000
 C	43.39016949 64.11206652 3.40000000
 C	45.61973124 65.15172823 3.40000000
