 C	11.33523813 -21.31848234 3.40000000
 C	0.47506962 -27.09293637 3.40000000
 C	22.19550800 -15.54397442 3.40000000
 C	-1.69702490 -28.24785951 3.40000000
 C	24.36750116 -14.38910518 3.40000000
 C	-3.86901806 -29.40272876 3.40000000
 C	26.53959568 -13.23418203 3.40000000
 C	-6.04106189 -30.55762496 3.40000000
 C	28.71169020 -12.07925889 3.40000000
 C	-8.21315641 -31.71254810 3.40000000
 C	30.88363268 -10.92441659 3.40000000
 C	9.16324497 -22.47335159 3.40000000
 C	-10.38509889 -32.86739040 3.40000000
 C	33.05572720 -9.76949345 3.40000000
 C	13.50733265 -20.16355920 3.40000000
 C	-12.55719341 -34.02231354 3.40000000
 C	35.22777103 -8.61459725 3.40000000
 C	-14.72928793 -35.17723668 3.40000000
 C	37.39976419 -7.45972801 3.40000000
 C	-16.90128108 -36.33210593 3.40000000
 C	-19.07332492 -37.48700212 3.40000000
 C	-21.24541944 -38.64192527 3.40000000
 C	-23.41736192 -39.79676757 3.40000000
 C	6.99120114 -23.62824779 3.40000000
 C	15.67942717 -19.00863606 3.40000000
 C	4.81910662 -24.78317093 3.40000000
 C	17.85136965 -17.85379376 3.40000000
 C	2.64716414 -25.93801323 3.40000000
 C	20.02346417 -16.69887062 3.40000000
 C	1.22771929 -25.88844513 3.40000000
 C	20.77611383 -15.49437937 3.40000000
 C	9.91594532 -21.26883340 3.40000000
 C	12.08788780 -20.11399110 3.40000000
 C	-0.94437523 -27.04336827 3.40000000
 C	22.94820835 -14.33945623 3.40000000
 C	-3.11631771 -28.19821057 3.40000000
 C	25.12015083 -13.18461393 3.40000000
 C	-5.28841223 -29.35313371 3.40000000
 C	27.29224535 -12.02969079 3.40000000
 C	-7.46050674 -30.50805685 3.40000000
 C	29.46418782 -10.87484849 3.40000000
 C	-9.63260126 -31.66297999 3.40000000
 C	31.63628234 -9.71992535 3.40000000
 C	-11.80454374 -32.81782229 3.40000000
 C	33.80837686 -8.56500220 3.40000000
 C	-13.97663826 -33.97274544 3.40000000
 C	35.98047138 -7.41007906 3.40000000
 C	-16.14858074 -35.12758774 3.40000000
 C	38.15241386 -6.25523676 3.40000000
 C	-18.32067526 -36.28251088 3.40000000
 C	-20.49276977 -37.43743402 3.40000000
 C	7.74385080 -22.42375654 3.40000000
 C	14.25998232 -18.95906796 3.40000000
 C	-22.66486429 -38.59235716 3.40000000
 C	-24.83680677 -39.74719946 3.40000000
 C	5.57175628 -23.57867968 3.40000000
 C	16.43192479 -17.80422566 3.40000000
 C	3.39966177 -24.73360283 3.40000000
 C	18.60401931 -16.64930252 3.40000000
 C	0.56092410 -24.63438577 3.40000000
 C	20.10931865 -14.24032002 3.40000000
 C	9.24909945 -20.01480099 3.40000000
 C	11.42109261 -18.85993174 3.40000000
 C	-1.61117042 -25.78930891 3.40000000
 C	22.28136248 -13.08542382 3.40000000
 C	-3.78316358 -26.94417816 3.40000000
 C	24.45335564 -11.93055457 3.40000000
 C	-5.95520741 -28.09907435 3.40000000
 C	26.62545016 -10.77563143 3.40000000
 C	-8.12730193 -29.25399750 3.40000000
 C	28.79754468 -9.62070829 3.40000000
 C	-10.29924441 -30.40883979 3.40000000
 C	30.96948716 -8.46586599 3.40000000
 C	-12.47133893 -31.56376294 3.40000000
 C	33.14158168 -7.31094285 3.40000000
 C	-14.64343345 -32.71868608 3.40000000
 C	35.31362551 -6.15604665 3.40000000
 C	-16.81542660 -33.87355533 3.40000000
 C	37.48561867 -5.00117740 3.40000000
 C	-18.98747044 -35.02845152 3.40000000
 C	-21.15956496 -36.18337466 3.40000000
 C	7.07705562 -21.16969718 3.40000000
 C	13.59318713 -17.70500860 3.40000000
 C	-23.33150744 -37.33821696 3.40000000
 C	-25.50360196 -38.49314011 3.40000000
 C	4.90496110 -22.32462033 3.40000000
 C	15.76528165 -16.55008546 3.40000000
 C	2.73301862 -23.47946263 3.40000000
 C	17.93722413 -15.39524316 3.40000000
 C	10.00179379 -18.81045489 3.40000000
 C	-0.85852676 -24.58498976 3.40000000
 C	20.86196230 -13.03600087 3.40000000
 C	-3.03046924 -25.73983206 3.40000000
 C	23.03405682 -11.88107772 3.40000000
 C	-5.20256376 -26.89475520 3.40000000
 C	25.20599930 -10.72623542 3.40000000
 C	-7.37465827 -28.04967835 3.40000000
 C	27.37809382 -9.57131228 3.40000000
 C	29.55003629 -8.41646998 3.40000000
 C	-9.54675279 -29.20460149 3.40000000
 C	7.82969927 -19.96537803 3.40000000
 C	12.17373627 -17.65561259 3.40000000
 C	-11.71869527 -30.35944379 3.40000000
 C	31.72213081 -7.26154684 3.40000000
 C	-13.89078979 -31.51436693 3.40000000
 C	33.89422533 -6.10662370 3.40000000
 C	-16.06273227 -32.66920923 3.40000000
 C	36.06631985 -4.95170055 3.40000000
 C	-18.23482678 -33.82413237 3.40000000
 C	38.23826233 -3.79685825 3.40000000
 C	-20.40692130 -34.97905551 3.40000000
 C	-22.57901582 -36.13397866 3.40000000
 C	-24.75095830 -37.28882096 3.40000000
 C	5.65760475 -21.12030118 3.40000000
 C	14.34583079 -16.50068945 3.40000000
 C	16.51777327 -15.34584715 3.40000000
 C	3.48551024 -22.27522432 3.40000000
 C	1.31356776 -23.43006662 3.40000000
 C	18.68986778 -14.19092401 3.40000000
 C	9.33494792 -17.55642248 3.40000000
 C	-1.52532195 -23.33093040 3.40000000
 C	20.19516712 -11.78194151 3.40000000
 C	-3.69731511 -24.48579965 3.40000000
 C	22.36721095 -10.62704531 3.40000000
 C	-5.86935894 -25.64069585 3.40000000
 C	24.53920411 -9.47217607 3.40000000
 C	-8.04145346 -26.79561899 3.40000000
 C	26.71129863 -8.31725292 3.40000000
 C	-10.21339594 -27.95046129 3.40000000
 C	28.88339315 -7.16232978 3.40000000
 C	7.16290409 -18.71131868 3.40000000
 C	11.50694108 -16.40155323 3.40000000
 C	-12.38549046 -29.10538443 3.40000000
 C	31.05533563 -6.00748748 3.40000000
 C	-14.55758498 -30.26030757 3.40000000
 C	33.22743015 -4.85256434 3.40000000
 C	-16.72957813 -31.41517682 3.40000000
 C	35.39947398 -3.69766814 3.40000000
 C	-18.90162197 -32.57007301 3.40000000
 C	37.57146714 -2.54279890 3.40000000
 C	-21.07371649 -33.72499616 3.40000000
 C	-23.24565897 -34.87983846 3.40000000
 C	-25.41775349 -36.03476160 3.40000000
 C	4.99080957 -19.86624182 3.40000000
 C	13.67903560 -15.24663009 3.40000000
 C	2.81886709 -21.02108412 3.40000000
 C	15.85113012 -14.09170695 3.40000000
 C	0.64677257 -22.17600726 3.40000000
 C	18.02307260 -12.93686465 3.40000000
 C	-0.77267228 -22.12643915 3.40000000
 C	18.77572226 -11.73237340 3.40000000
 C	7.91555375 -17.50682742 3.40000000
 C	10.08764827 -16.35190428 3.40000000
 C	-2.94461476 -23.28128145 3.40000000
 C	20.94781678 -10.57745025 3.40000000
 C	-5.11670928 -24.43620459 3.40000000
 C	23.11991130 -9.42252711 3.40000000
 C	-7.28880380 -25.59112773 3.40000000
 C	25.29185377 -8.26768481 3.40000000
 C	-9.46089832 -26.74605088 3.40000000
 C	27.46394829 -7.11276167 3.40000000
 C	-11.63284079 -27.90089318 3.40000000
 C	29.63589077 -5.95791937 3.40000000
 C	-13.80493531 -29.05581632 3.40000000
 C	31.80798529 -4.80299623 3.40000000
 C	-15.97687779 -30.21065862 3.40000000
 C	33.98007981 -3.64807308 3.40000000
 C	-18.14897231 -31.36558176 3.40000000
 C	36.15217433 -2.49314994 3.40000000
 C	-20.32106683 -32.52050490 3.40000000
 C	38.32411680 -1.33830764 3.40000000
 C	-22.49316135 -33.67542804 3.40000000
 C	5.74345923 -18.66175056 3.40000000
 C	12.25959074 -15.19706198 3.40000000
 C	-24.66510382 -34.83027034 3.40000000
 C	3.57136471 -19.81667371 3.40000000
 C	14.43168526 -14.04213884 3.40000000
 C	1.39942223 -20.97151601 3.40000000
 C	16.60362774 -12.88729654 3.40000000
 C	-1.43946747 -20.87237980 3.40000000
 C	18.10892708 -10.47831405 3.40000000
 C	7.24875857 -16.25276807 3.40000000
 C	9.42080240 -15.09787188 3.40000000
 C	-3.61146063 -22.02724905 3.40000000
 C	20.28102160 -9.32339090 3.40000000
 C	-5.78350446 -23.18214524 3.40000000
 C	22.45306543 -8.16849471 3.40000000
 C	-7.95559898 -24.33706838 3.40000000
 C	24.62505859 -7.01362546 3.40000000
 C	-10.12754146 -25.49191068 3.40000000
 C	26.79715311 -5.85870232 3.40000000
 C	-12.29963598 -26.64683383 3.40000000
 C	28.96924763 -4.70377918 3.40000000
 C	-14.47173050 -27.80175697 3.40000000
 C	31.14119011 -3.54893688 3.40000000
 C	-16.64372365 -28.95662622 3.40000000
 C	33.31328463 -2.39401374 3.40000000
 C	-18.81576749 -30.11152241 3.40000000
 C	35.48532846 -1.23911754 3.40000000
 C	-20.98786201 -31.26644555 3.40000000
 C	37.65732162 -0.08424829 3.40000000
 C	-23.15980449 -32.42128785 3.40000000
 C	5.07666405 -17.40769122 3.40000000
 C	11.59279556 -13.94300263 3.40000000
 C	-25.33189901 -33.57621100 3.40000000
 C	2.90472157 -18.56253352 3.40000000
 C	13.76489008 -12.78807949 3.40000000
 C	0.73262705 -19.71745666 3.40000000
 C	15.93698460 -11.63315635 3.40000000
 C	8.00140823 -15.04827682 3.40000000
 C	-2.85876028 -20.82273085 3.40000000
 C	18.86157674 -9.27382279 3.40000000
 C	-5.03085480 -21.97765399 3.40000000
 C	21.03367126 -8.11889965 3.40000000
 C	-7.20294932 -23.13257713 3.40000000
 C	23.20576578 -6.96397651 3.40000000
 C	-9.37504384 -24.28750027 3.40000000
 C	25.37770825 -5.80913421 3.40000000
 C	-11.54698632 -25.44234257 3.40000000
 C	27.54980277 -4.65421107 3.40000000
 C	5.82931371 -16.20319996 3.40000000
 C	-13.71908083 -26.59726571 3.40000000
 C	29.72174525 -3.49936877 3.40000000
 C	10.17350275 -13.89335368 3.40000000
 C	-15.89102331 -27.75210801 3.40000000
 C	31.89383977 -2.34444562 3.40000000
 C	-18.06311783 -28.90703116 3.40000000
 C	34.06593429 -1.18952248 3.40000000
 C	-20.23521235 -30.06195430 3.40000000
 C	36.23802881 -0.03459934 3.40000000
 C	-22.40730687 -31.21687744 3.40000000
 C	38.40997128 1.12024296 3.40000000
 C	-24.57924934 -32.37171974 3.40000000
 C	3.65721919 -17.35812310 3.40000000
 C	12.34544522 -12.73851138 3.40000000
 C	1.48527671 -18.51296540 3.40000000
 C	14.51753974 -11.58358823 3.40000000
 C	-0.68681780 -19.66788855 3.40000000
 C	16.68948222 -10.42874594 3.40000000
 C	7.33461104 -13.79427483 3.40000000
 C	-3.52560815 -19.56875580 3.40000000
 C	18.19477955 -8.01982080 3.40000000
 C	-5.69765199 -20.72365200 3.40000000
 C	20.36687407 -6.86489766 3.40000000
 C	-7.86974651 -21.87857514 3.40000000
 C	22.53891791 -5.71000146 3.40000000
 C	-10.04168899 -23.03341744 3.40000000
 C	24.71091106 -4.55513222 3.40000000
 C	-12.21378351 -24.18834058 3.40000000
 C	26.88300558 -3.40020907 3.40000000
 C	-14.38587803 -25.34326372 3.40000000
 C	5.16251652 -14.94919797 3.40000000
 C	29.05510010 -2.24528593 3.40000000
 C	9.50665488 -12.63937863 3.40000000
 C	-16.55787118 -26.49813297 3.40000000
 C	31.22704258 -1.09044363 3.40000000
 C	-18.72991502 -27.65302916 3.40000000
 C	33.39913710 0.06447951 3.40000000
 C	-20.90200954 -28.80795231 3.40000000
 C	35.57118094 1.21937571 3.40000000
 C	-23.07395202 -29.96279461 3.40000000
 C	37.74317409 2.37424495 3.40000000
 C	-25.24604654 -31.11771775 3.40000000
 C	2.99057404 -16.10404027 3.40000000
 C	11.67864803 -11.48450938 3.40000000
 C	0.81847952 -17.25896341 3.40000000
 C	13.85074255 -10.32958624 3.40000000
 C	-1.35361500 -18.41388655 3.40000000
 C	16.02283707 -9.17466310 3.40000000
 C	-2.77290580 -18.36418024 3.40000000
 C	16.77533670 -7.97019533 3.40000000
 C	5.91516819 -13.74464936 3.40000000
 C	8.08726271 -12.58972622 3.40000000
 C	-4.94500032 -19.51910338 3.40000000
 C	18.94743122 -6.81527219 3.40000000
 C	-7.11709484 -20.67402653 3.40000000
 C	21.11952574 -5.66034905 3.40000000
 C	-9.28918936 -21.82894967 3.40000000
 C	23.29162026 -4.50542591 3.40000000
 C	-11.46113184 -22.98379197 3.40000000
 C	25.46356273 -3.35058361 3.40000000
 C	-13.63322635 -24.13871511 3.40000000
 C	27.63565725 -2.19566046 3.40000000
 C	-15.80516883 -25.29355741 3.40000000
 C	29.80759973 -1.04081816 3.40000000
 C	-17.97726335 -26.44848055 3.40000000
 C	31.97969425 0.11410498 3.40000000
 C	-20.14935787 -27.60340370 3.40000000
 C	34.15178877 1.26902812 3.40000000
 C	-22.32145239 -28.75832684 3.40000000
 C	36.32388329 2.42395126 3.40000000
 C	-24.49339486 -29.91316914 3.40000000
 C	38.49582576 3.57879356 3.40000000
 C	3.74307367 -14.89957250 3.40000000
 C	10.25935723 -11.43480307 3.40000000
 C	1.57113119 -16.05441480 3.40000000
 C	12.43129970 -10.27996077 3.40000000
 C	-0.60096333 -17.20933794 3.40000000
 C	14.60339422 -9.12503763 3.40000000
 C	-3.43975768 -17.11031993 3.40000000
 C	16.10868755 -6.71622723 3.40000000
 C	5.24836699 -12.49076210 3.40000000
 C	7.42046151 -11.33583895 3.40000000
 C	-5.61180152 -18.26521612 3.40000000
 C	18.28063002 -5.56138493 3.40000000
 C	-7.78389604 -19.42013927 3.40000000
 C	20.45272454 -4.40646179 3.40000000
 C	-9.95583851 -20.57498156 3.40000000
 C	22.62476838 -3.25156559 3.40000000
 C	-12.12793303 -21.72990471 3.40000000
 C	24.79676154 -2.09669634 3.40000000
 C	-14.30002755 -22.88482785 3.40000000
 C	26.96885606 -0.94177320 3.40000000
 C	-16.47202071 -24.03969710 3.40000000
 C	29.14095058 0.21314994 3.40000000
 C	-18.64406455 -25.19459329 3.40000000
 C	31.31289305 1.36799224 3.40000000
 C	-20.81615907 -26.34951643 3.40000000
 C	33.48498757 2.52291538 3.40000000
 C	-22.98810154 -27.50435873 3.40000000
 C	35.65703141 3.67781158 3.40000000
 C	-25.16019606 -28.65928188 3.40000000
 C	37.82902457 4.83268083 3.40000000
 C	3.07642452 -13.64560440 3.40000000
 C	9.59250535 -10.18094276 3.40000000
 C	0.90433000 -14.80052754 3.40000000
 C	11.76449851 -9.02607351 3.40000000
 C	-1.26776452 -15.95545068 3.40000000
 C	13.93659303 -7.87115037 3.40000000
 C	6.00101666 -11.28627085 3.40000000
 C	-4.85915185 -17.06072488 3.40000000
 C	16.86118517 -5.51181682 3.40000000
 C	-7.03124637 -18.21564802 3.40000000
 C	19.03327969 -4.35689368 3.40000000
 C	-9.20334089 -19.37057116 3.40000000
 C	21.20537421 -3.20197054 3.40000000
 C	-11.37528337 -20.52541346 3.40000000
 C	23.37746873 -2.04704740 3.40000000
 C	-13.54737788 -21.68033660 3.40000000
 C	25.54941120 -0.89220510 3.40000000
 C	-15.71932036 -22.83517890 3.40000000
 C	27.72150572 0.26271804 3.40000000
 C	3.82892214 -12.44119399 3.40000000
 C	8.17311118 -10.13134771 3.40000000
 C	-17.89141488 -23.99010205 3.40000000
 C	29.89344820 1.41756034 3.40000000
 C	-20.06350940 -25.14502519 3.40000000
 C	32.06554272 2.57248349 3.40000000
 C	-22.23560392 -26.29994833 3.40000000
 C	34.23763724 3.72740663 3.40000000
 C	-24.40754639 -27.45479063 3.40000000
 C	36.40973176 4.88232977 3.40000000
 C	38.58167423 6.03717207 3.40000000
 C	1.65697966 -13.59603629 3.40000000
 C	10.34520570 -8.97642457 3.40000000
 C	-0.51511485 -14.75095944 3.40000000
 C	12.51714817 -7.82158227 3.40000000
 C	-2.68705733 -15.90580173 3.40000000
 C	14.68924269 -6.66665912 3.40000000
 C	5.33422147 -10.03221149 3.40000000
 C	-5.52594704 -15.80666552 3.40000000
 C	16.19454203 -4.25767662 3.40000000
 C	-7.69804156 -16.96158866 3.40000000
 C	18.36648450 -3.10283433 3.40000000
 C	-9.86998403 -18.11643096 3.40000000
 C	20.53857902 -1.94791118 3.40000000
 C	-12.04207855 -19.27135410 3.40000000
 C	22.71062286 -0.79301499 3.40000000
 C	-14.21417307 -20.42627725 3.40000000
 C	24.88261602 0.36185426 3.40000000
 C	3.16227900 -11.18705379 3.40000000
 C	-16.38616623 -21.58114649 3.40000000
 C	27.05471054 1.51677740 3.40000000
 C	7.50631599 -8.87728835 3.40000000
 C	-18.55821007 -22.73604269 3.40000000
 C	29.22680505 2.67170054 3.40000000
 C	-20.73030459 -23.89096583 3.40000000
 C	31.39874753 3.82654284 3.40000000
 C	-22.90224706 -25.04580813 3.40000000
 C	33.57084205 4.98146599 3.40000000
 C	-25.07434158 -26.20073127 3.40000000
 C	35.74288589 6.13636218 3.40000000
 C	37.91487905 7.29123143 3.40000000
 C	0.99018448 -12.34197694 3.40000000
 C	9.67835983 -7.72239216 3.40000000
 C	-1.18191004 -13.49690008 3.40000000
 C	11.85035299 -6.56752291 3.40000000
 C	-3.35390320 -14.65176933 3.40000000
 C	14.02244751 -5.41259977 3.40000000
 C	-4.77329737 -14.60217427 3.40000000
 C	14.77509717 -4.20810852 3.40000000
 C	3.91477662 -9.98264339 3.40000000
 C	6.08687114 -8.82772025 3.40000000
 C	-6.94539189 -15.75709742 3.40000000
 C	16.94703965 -3.05326622 3.40000000
 C	-9.11748641 -16.91202056 3.40000000
 C	19.11913417 -1.89834308 3.40000000
 C	-11.28942889 -18.06686286 3.40000000
 C	21.29122869 -0.74341994 3.40000000
 C	-13.46152340 -19.22178600 3.40000000
 C	23.46332321 0.41150321 3.40000000
 C	-15.63346588 -20.37662830 3.40000000
 C	25.63526568 1.56634550 3.40000000
 C	-17.80556040 -21.53155144 3.40000000
 C	27.80736020 2.72126865 3.40000000
 C	-19.97765492 -22.68647459 3.40000000
 C	29.97930268 3.87611095 3.40000000
 C	-22.14974944 -23.84139773 3.40000000
 C	32.15139720 5.03103409 3.40000000
 C	-24.32169191 -24.99624003 3.40000000
 C	34.32349172 6.18595723 3.40000000
 C	36.49558624 7.34088037 3.40000000
 C	1.74283414 -11.13748569 3.40000000
 C	8.25896566 -7.67279711 3.40000000
 C	38.66752871 8.49572267 3.40000000
 C	-0.42926038 -12.29240883 3.40000000
 C	10.43106018 -6.51787396 3.40000000
 C	-2.60120285 -13.44725113 3.40000000
 C	12.60300265 -5.36303166 3.40000000
 C	-5.44009256 -13.34811492 3.40000000
 C	14.10830199 -2.95404916 3.40000000
 C	3.24813348 -8.72850319 3.40000000
 C	5.42007595 -7.57366089 3.40000000
 C	-7.61218708 -14.50303806 3.40000000
 C	16.28039651 -1.79912602 3.40000000
 C	-9.78412955 -15.65788036 3.40000000
 C	18.45233898 -0.64428372 3.40000000
 C	-11.95622407 -16.81280350 3.40000000
 C	20.62443350 0.51063942 3.40000000
 C	-14.12831859 -17.96772664 3.40000000
 C	22.79647734 1.66553562 3.40000000
 C	-16.30031175 -19.12259589 3.40000000
 C	24.96847050 2.82040486 3.40000000
 C	-18.47235559 -20.27749209 3.40000000
 C	27.14056502 3.97532800 3.40000000
 C	-20.64445011 -21.43241523 3.40000000
 C	29.31265953 5.13025115 3.40000000
 C	-22.81639258 -22.58725753 3.40000000
 C	31.48460201 6.28509345 3.40000000
 C	-24.98848710 -23.74218067 3.40000000
 C	33.65669653 7.44001659 3.40000000
 C	35.82874037 8.59491278 3.40000000
 C	1.07603896 -9.88342633 3.40000000
 C	7.59217047 -6.41873775 3.40000000
 C	38.00073353 9.74978203 3.40000000
 C	-1.09605556 -11.03834948 3.40000000
 C	9.76421431 -5.26384155 3.40000000
 C	-3.26804872 -12.19321872 3.40000000
 C	11.93620747 -4.10897231 3.40000000
 C	4.00062509 -7.52426488 3.40000000
 C	-6.85954342 -13.29871891 3.40000000
 C	14.86094564 -1.74973001 3.40000000
 C	17.03288812 -0.59488771 3.40000000
 C	-9.03163794 -14.45364205 3.40000000
 C	-11.20358042 -15.60848435 3.40000000
 C	19.20498264 0.56003543 3.40000000
 C	-13.37567493 -16.76340749 3.40000000
 C	21.37707716 1.71495857 3.40000000
 C	-15.54761741 -17.91824979 3.40000000
 C	23.54917168 2.86988171 3.40000000
 C	1.82868261 -8.67910718 3.40000000
 C	6.17271961 -6.36934174 3.40000000
 C	-17.71971193 -19.07317294 3.40000000
 C	25.72111415 4.02472401 3.40000000
 C	-19.89180645 -20.22809608 3.40000000
 C	27.89320867 5.17964715 3.40000000
 C	30.06515115 6.33448945 3.40000000
 C	-22.06390097 -21.38301922 3.40000000
 C	-24.23584344 -22.53786152 3.40000000
 C	32.23724567 7.48941260 3.40000000
 C	34.40934019 8.64433574 3.40000000
 C	36.58143471 9.79925888 3.40000000
 C	38.75337718 10.95410118 3.40000000
 C	-0.34341190 -9.83403033 3.40000000
 C	8.34481413 -5.21441860 3.40000000
 C	-2.51535438 -10.98887262 3.40000000
 C	10.51690865 -4.05949546 3.40000000
 C	-4.68744890 -12.14379577 3.40000000
 C	12.68885112 -2.90465316 3.40000000
 C	3.33398195 -6.27012468 3.40000000
 C	-7.52633861 -12.04465955 3.40000000
 C	14.19415046 -0.49567066 3.40000000
 C	-9.69828108 -13.19950185 3.40000000
 C	16.36624498 0.65925249 3.40000000
 C	-11.87037560 -14.35442499 3.40000000
 C	18.53818745 1.81409479 3.40000000
 C	-14.04247012 -15.50934814 3.40000000
 C	20.71028197 2.96901793 3.40000000
 C	-16.21446328 -16.66421738 3.40000000
 C	22.88232581 4.12391412 3.40000000
 C	1.16188743 -7.42504783 3.40000000
 C	5.50592442 -5.11528238 3.40000000
 C	-18.38650712 -17.81911358 3.40000000
 C	25.05431897 5.27878337 3.40000000
 C	-20.55860164 -18.97403672 3.40000000
 C	27.22641349 6.43370651 3.40000000
 C	-22.73054411 -20.12887902 3.40000000
 C	29.39850800 7.58862965 3.40000000
 C	-24.90263863 -21.28380216 3.40000000
 C	31.57045048 8.74347195 3.40000000
 C	33.74254500 9.89839510 3.40000000
 C	35.91458884 11.05329129 3.40000000
 C	38.08658200 12.20816054 3.40000000
 C	-1.01020709 -8.57997097 3.40000000
 C	7.67801894 -3.96035924 3.40000000
 C	-3.18220025 -9.73484021 3.40000000
 C	9.85006278 -2.80546305 3.40000000
 C	-5.35424409 -10.88973641 3.40000000
 C	12.02205594 -1.65059380 3.40000000
 C	-6.77368894 -10.84016830 3.40000000
 C	12.77470560 -0.44610254 3.40000000
 C	1.91453709 -6.22055657 3.40000000
 C	4.08647957 -5.06571427 3.40000000
 C	-8.94578346 -11.99509144 3.40000000
 C	14.94680012 0.70882060 3.40000000
 C	-11.11772594 -13.14993374 3.40000000
 C	17.11874260 1.86366290 3.40000000
 C	-13.28982046 -14.30485688 3.40000000
 C	19.29083711 3.01858604 3.40000000
 C	-15.46176294 -15.45969918 3.40000000
 C	21.46293163 4.17350918 3.40000000
 C	-17.63385745 -16.61462232 3.40000000
 C	23.63502615 5.32843232 3.40000000
 C	-19.80595197 -17.76954547 3.40000000
 C	25.80696863 6.48327462 3.40000000
 C	-21.97804649 -18.92446861 3.40000000
 C	27.97906315 7.63819777 3.40000000
 C	-24.14998897 -20.07931091 3.40000000
 C	30.15100562 8.79304007 3.40000000
 C	32.32310014 9.94796321 3.40000000
 C	34.49519466 11.10288635 3.40000000
 C	-0.25755743 -7.37547971 3.40000000
 C	6.25857408 -3.91079113 3.40000000
 C	36.66728918 12.25780949 3.40000000
 C	38.83923166 13.41265179 3.40000000
 C	-2.42949991 -8.53032201 3.40000000
 C	8.43066860 -2.75586799 3.40000000
 C	-4.60159443 -9.68524516 3.40000000
 C	10.60276312 -1.60094484 3.40000000
 C	-7.44048413 -9.58610895 3.40000000
 C	12.10791042 0.80795680 3.40000000
 C	1.24774191 -4.96649722 3.40000000
 C	3.41983643 -3.81157408 3.40000000
 C	-9.61242660 -10.74095125 3.40000000
 C	14.28000494 1.96287995 3.40000000
 C	-11.78452112 -11.89587439 3.40000000
 C	16.45209946 3.11780309 3.40000000
 C	-13.95661564 -13.05079753 3.40000000
 C	18.62404193 4.27264539 3.40000000
 C	-16.12860880 -14.20566678 3.40000000
 C	20.79613645 5.42756853 3.40000000
 C	-18.30065264 -15.36056298 3.40000000
 C	22.96818029 6.58246473 3.40000000
 C	-20.47274716 -16.51548612 3.40000000
 C	25.14017345 7.73733397 3.40000000
 C	-22.64468963 -17.67032842 3.40000000
 C	27.31226797 8.89225712 3.40000000
 C	-24.81678415 -18.82525156 3.40000000
 C	29.48436248 10.04718026 3.40000000
 C	31.65630496 11.20202256 3.40000000
 C	33.82839948 12.35694570 3.40000000
 C	-0.92435261 -6.12142036 3.40000000
 C	5.59177890 -2.65673178 3.40000000
 C	36.00044332 13.51184189 3.40000000
 C	38.17243648 14.66671114 3.40000000
 C	-3.09634577 -7.27628961 3.40000000
 C	7.76387342 -1.50180864 3.40000000
 C	-5.26838961 -8.43118581 3.40000000
 C	9.93591726 -0.34691244 3.40000000
 C	2.00039157 -3.76200597 3.40000000
 C	-8.85992898 -9.53654084 3.40000000
 C	12.86056008 2.01244806 3.40000000
 C	-11.03187146 -10.69138314 3.40000000
 C	15.03265460 3.16737120 3.40000000
 C	-13.20396598 -11.84630628 3.40000000
 C	17.20459707 4.32221350 3.40000000
 C	-15.37590846 -13.00114858 3.40000000
 C	19.37669159 5.47713664 3.40000000
 C	-17.54800297 -14.15607172 3.40000000
 C	21.54878611 6.63205979 3.40000000
 C	-0.17170295 -4.91692911 3.40000000
 C	4.17233405 -2.60716367 3.40000000
 C	-19.72009749 -15.31099486 3.40000000
 C	23.72088063 7.78698293 3.40000000
 C	-21.89219201 -16.46591801 3.40000000
 C	25.89282311 8.94182523 3.40000000
 C	-24.06413449 -17.62076031 3.40000000
 C	28.06491763 10.09674837 3.40000000
 C	30.23686010 11.25159067 3.40000000
 C	32.40895462 12.40651381 3.40000000
 C	34.58104914 13.56143695 3.40000000
 C	36.75314366 14.71636010 3.40000000
 C	38.92508614 15.87120240 3.40000000
 C	-2.34364543 -6.07177141 3.40000000
 C	6.34442856 -1.45224053 3.40000000
 C	-4.51573995 -7.22669455 3.40000000
 C	8.51652308 -0.29731738 3.40000000
 C	-6.68783446 -8.38161769 3.40000000
 C	10.68861760 0.85760576 3.40000000
 C	1.33359438 -2.50800398 3.40000000
 C	-9.52657413 -8.28245800 3.40000000
 C	12.19376289 3.26645005 3.40000000
 C	-11.69866865 -9.43738114 3.40000000
 C	14.36585741 4.42137319 3.40000000
 C	-13.87076317 -10.59230429 3.40000000
 C	16.53795193 5.57629634 3.40000000
 C	-16.04275633 -11.74717353 3.40000000
 C	18.70989440 6.73113863 3.40000000
 C	-18.21480017 -12.90206973 3.40000000
 C	20.88198892 7.88606178 3.40000000
 C	-20.38689469 -14.05699287 3.40000000
 C	-0.83850014 -3.66292712 3.40000000
 C	23.05403276 9.04095797 3.40000000
 C	3.50568890 -1.35308083 3.40000000
 C	-22.55883716 -15.21183517 3.40000000
 C	25.22602592 10.19582722 3.40000000
 C	-24.73093168 -16.36675831 3.40000000
 C	27.39812044 11.35075036 3.40000000
 C	29.57021496 12.50567350 3.40000000
 C	31.74215743 13.66051580 3.40000000
 C	33.91425195 14.81543895 3.40000000
 C	36.08629579 15.97033514 3.40000000
 C	38.25828895 17.12520439 3.40000000
 C	-3.01049330 -4.81779637 3.40000000
 C	5.67763137 -0.19823853 3.40000000
 C	-5.18253714 -5.97269256 3.40000000
 C	7.84972589 0.95668461 3.40000000
 C	-7.35463166 -7.12761570 3.40000000
 C	10.02176973 2.11158080 3.40000000
 C	-8.77407450 -7.07799023 3.40000000
 C	10.77447208 3.31615636 3.40000000
 C	-0.08584847 -2.45837851 3.40000000
 C	2.08624605 -1.30345537 3.40000000
 C	-10.94601698 -8.23283253 3.40000000
 C	12.94641456 4.47099866 3.40000000
 C	-13.11811150 -9.38775568 3.40000000
 C	15.11850908 5.62592180 3.40000000
 C	-15.29005398 -10.54259798 3.40000000
 C	17.29045155 6.78076410 3.40000000
 C	-17.46214850 -11.69752112 3.40000000
 C	19.46254607 7.93568725 3.40000000
 C	-19.63424301 -12.85244426 3.40000000
 C	21.63464059 9.09061039 3.40000000
 C	-21.80633753 -14.00736740 3.40000000
 C	23.80673511 10.24553353 3.40000000
 C	-23.97828001 -15.16220970 3.40000000
 C	25.97867759 11.40037583 3.40000000
 C	28.15077211 12.55529897 3.40000000
 C	30.32271458 13.71014127 3.40000000
 C	32.49480910 14.86506441 3.40000000
 C	-2.25779095 -3.61322081 3.40000000
 C	4.25818853 -0.14861307 3.40000000
 C	34.66690362 16.01998756 3.40000000
 C	36.83899814 17.17491070 3.40000000
 C	39.01094062 18.32975300 3.40000000
 C	-4.42988547 -4.76814395 3.40000000
 C	6.43028304 1.00631008 3.40000000
 C	-6.60197999 -5.92306709 3.40000000
 C	8.60237756 2.16123322 3.40000000
 C	-9.44072366 -5.82402213 3.40000000
 C	10.10762020 4.57001668 3.40000000
 C	-0.75264967 -1.20449125 3.40000000
 C	1.41944485 -0.04956810 3.40000000
 C	-11.61281818 -6.97894527 3.40000000
 C	12.27961336 5.72488592 3.40000000
 C	-13.78491270 -8.13386841 3.40000000
 C	14.45170788 6.87980907 3.40000000
 C	-15.95690585 -9.28873766 3.40000000
 C	16.62380240 8.03473221 3.40000000
 C	-18.12894969 -10.44363386 3.40000000
 C	18.79574488 9.18957451 3.40000000
 C	-20.30104421 -11.59855700 3.40000000
 C	20.96783940 10.34449765 3.40000000
 C	-22.47298669 -12.75339930 3.40000000
 C	23.13988323 11.49939384 3.40000000
 C	-24.64508121 -13.90832244 3.40000000
 C	25.31187639 12.65426309 3.40000000
 C	27.48397091 13.80918623 3.40000000
 C	29.65606543 14.96410938 3.40000000
 C	31.82800791 16.11895168 3.40000000
 C	-2.92464283 -2.35936049 3.40000000
 C	3.59153937 1.10535504 3.40000000
 C	34.00010243 17.27387482 3.40000000
 C	36.17214626 18.42877101 3.40000000
 C	38.34413942 19.58364026 3.40000000
 C	-5.09668666 -3.51425669 3.40000000
 C	5.76348185 2.26019734 3.40000000
 C	-7.26878118 -4.66917983 3.40000000
 C	7.93557637 3.41512048 3.40000000
 C	0.00000000 0.00000000 3.40000000
 C	-10.86016851 -5.77445403 3.40000000
 C	10.86032055 5.77453487 3.40000000
 C	-13.03226303 -6.92937717 3.40000000
 C	13.03226303 6.92937717 3.40000000
 C	-15.20420551 -8.08421947 3.40000000
 C	15.20435755 8.08430031 3.40000000
 C	-17.37630002 -9.23914261 3.40000000
 C	17.37630002 9.23914261 3.40000000
 C	-19.54839454 -10.39406575 3.40000000
 C	19.54839454 10.39406575 3.40000000
 C	-2.17194248 -1.15484230 3.40000000
 C	-21.72048906 -11.54898890 3.40000000
 C	21.72048906 11.54898890 3.40000000
 C	2.17209452 1.15492314 3.40000000
 C	-23.89243154 -12.70383119 3.40000000
 C	23.89258358 12.70391204 3.40000000
 C	26.06452606 13.85875434 3.40000000
 C	28.23662058 15.01367748 3.40000000
 C	30.40856305 16.16851978 3.40000000
 C	32.58065757 17.32344292 3.40000000
 C	34.75275209 18.47836606 3.40000000
 C	36.92484661 19.63328921 3.40000000
 C	39.09678909 20.78813151 3.40000000
 C	-4.34403700 -2.30976544 3.40000000
 C	4.34403700 2.30976544 3.40000000
 C	-6.51613151 -3.46468858 3.40000000
 C	6.51613151 3.46468858 3.40000000
 C	-8.68822603 -4.61961173 3.40000000
 C	8.68822603 4.61961173 3.40000000
 C	-0.66679519 1.25405936 3.40000000
 C	-11.52696370 -4.52039467 3.40000000
 C	10.19347468 7.02856728 3.40000000
 C	-13.69905822 -5.67531781 3.40000000
 C	12.36546784 8.18343653 3.40000000
 C	-15.87105137 -6.83018706 3.40000000
 C	14.53756236 9.33835967 3.40000000
 C	-18.04309521 -7.98508325 3.40000000
 C	16.70965688 10.49328281 3.40000000
 C	-20.21518973 -9.14000640 3.40000000
 C	18.88159936 11.64812511 3.40000000
 C	-2.83878835 0.09919011 3.40000000
 C	-22.38713221 -10.29484870 3.40000000
 C	21.05369388 12.80304825 3.40000000
 C	1.50529933 2.40898250 3.40000000
 C	-24.55922673 -11.44977184 3.40000000
 C	23.22573771 13.95794445 3.40000000
 C	25.39773087 15.11281369 3.40000000
 C	27.56982539 16.26773684 3.40000000
 C	29.74191991 17.42265998 3.40000000
 C	31.91386239 18.57750228 3.40000000
 C	34.08595691 19.73242542 3.40000000
 C	36.25800074 20.88732162 3.40000000
 C	38.42999390 22.04219086 3.40000000
 C	-5.01083218 -1.05570608 3.40000000
 C	3.67739385 3.56390564 3.40000000
 C	-7.18292670 -2.21062923 3.40000000
 C	5.84933633 4.71874794 3.40000000
 C	-9.35486918 -3.36547153 3.40000000
 C	8.02143085 5.87367108 3.40000000
 C	-10.77431403 -3.31590342 3.40000000
 C	8.77408051 7.07816233 3.40000000
 C	-2.08608800 1.30370830 3.40000000
 C	0.08585448 2.45855060 3.40000000
 C	-12.94640855 -4.47082657 3.40000000
 C	10.94617503 8.23308547 3.40000000
 C	-15.11835103 -5.62566887 3.40000000
 C	13.11811751 9.38792777 3.40000000
 C	-17.29044555 -6.78059201 3.40000000
 C	15.29021203 10.54285091 3.40000000
 C	-19.46254006 -7.93551515 3.40000000
 C	17.46215450 11.69769321 3.40000000
 C	-21.63463458 -9.09043829 3.40000000
 C	19.63424902 12.85261636 3.40000000
 C	-23.80657706 -10.24528059 3.40000000
 C	21.80634354 14.00753950 3.40000000
 C	23.97843806 15.16246264 3.40000000
 C	26.15038054 16.31730494 3.40000000
 C	28.32247506 17.47222808 3.40000000
 C	30.49441753 18.62707038 3.40000000
 C	-4.25818252 0.14878516 3.40000000
 C	2.25794900 3.61347375 3.40000000
 C	32.66651205 19.78199352 3.40000000
 C	34.83860657 20.93691667 3.40000000
 C	37.01070109 22.09183981 3.40000000
 C	39.18264357 23.24668211 3.40000000
 C	-6.43027704 -1.00613798 3.40000000
 C	4.42989148 4.76831604 3.40000000
 C	-8.60237155 -2.16106112 3.40000000
 C	6.60198599 5.92323919 3.40000000
 C	-11.44110922 -2.06184407 3.40000000
 C	8.10728533 8.33222169 3.40000000
 C	-2.75293387 2.55774071 3.40000000
 C	-0.58094071 3.71260996 3.40000000
 C	-13.61320374 -3.21676721 3.40000000
 C	10.27932916 9.48711788 3.40000000
 C	-15.78519690 -4.37163646 3.40000000
 C	12.45132232 10.64198713 3.40000000
 C	-17.95724073 -5.52653265 3.40000000
 C	14.62341684 11.79691027 3.40000000
 C	-20.12933525 -6.68145579 3.40000000
 C	16.79551136 12.95183341 3.40000000
 C	-22.30127773 -7.83629809 3.40000000
 C	18.96745384 14.10667571 3.40000000
 C	-24.47337225 -8.99122123 3.40000000
 C	21.13954836 15.26159886 3.40000000
 C	23.31159219 16.41649505 3.40000000
 C	25.48358535 17.57136430 3.40000000
 C	27.65567987 18.72628744 3.40000000
 C	29.82777439 19.88121058 3.40000000
 C	-4.92497770 1.40284452 3.40000000
 C	1.59115381 4.86753310 3.40000000
 C	31.99971687 21.03605288 3.40000000
 C	34.17181138 22.19097602 3.40000000
 C	36.34385522 23.34587222 3.40000000
 C	38.51584838 24.50074147 3.40000000
 C	-7.09707222 0.24792138 3.40000000
 C	3.76324833 6.02245625 3.40000000
 C	-9.26901470 -0.90692092 3.40000000
 C	5.93519081 7.17729854 3.40000000
 C	-2.00023953 3.76208681 3.40000000
 C	-12.86056008 -2.01244806 3.40000000
 C	8.85992898 9.53654084 3.40000000
 C	-15.03250256 -3.16729036 3.40000000
 C	11.03202350 10.69146398 3.40000000
 C	-17.20459707 -4.32221350 3.40000000
 C	13.20396598 11.84630628 3.40000000
 C	-19.37669159 -5.47713664 3.40000000
 C	15.37606050 13.00122942 3.40000000
 C	17.54800297 14.15607172 3.40000000
 C	-21.54878611 -6.63205979 3.40000000
 C	-4.17233405 2.60716367 3.40000000
 C	0.17170295 4.91692911 3.40000000
 C	-23.72072859 -7.78690208 3.40000000
 C	19.72009749 15.31099486 3.40000000
 C	21.89219201 16.46591801 3.40000000
 C	24.06428653 17.62084115 3.40000000
 C	26.23622901 18.77568345 3.40000000
 C	28.40832353 19.93060659 3.40000000
 C	30.58026600 21.08544889 3.40000000
 C	32.75236052 22.24037203 3.40000000
 C	34.92445504 23.39529517 3.40000000
 C	37.09654956 24.55021832 3.40000000
 C	39.26849204 25.70506062 3.40000000
 C	-6.34442856 1.45224053 3.40000000
 C	2.34379747 6.07185225 3.40000000
 C	4.51573995 7.22669455 3.40000000
 C	-8.51652308 0.29731738 3.40000000
 C	-10.68846556 -0.85752492 3.40000000
 C	6.68783446 8.38161769 3.40000000
 C	-2.66708540 5.01611922 3.40000000
 C	-13.52735527 -0.75838870 3.40000000
 C	8.19313380 10.79060019 3.40000000
 C	-15.69934842 -1.91325795 3.40000000
 C	10.36517763 11.94549639 3.40000000
 C	-17.87139226 -3.06815414 3.40000000
 C	12.53717079 13.10036564 3.40000000
 C	-20.04348678 -4.22307729 3.40000000
 C	14.70926531 14.25528878 3.40000000
 C	-22.21542926 -5.37791958 3.40000000
 C	16.88135983 15.41021192 3.40000000
 C	-4.83912923 3.86122303 3.40000000
 C	-0.49509224 6.17098847 3.40000000
 C	-24.38752378 -6.53284273 3.40000000
 C	19.05330231 16.56505422 3.40000000
 C	21.22539683 17.71997736 3.40000000
 C	23.39744066 18.87487356 3.40000000
 C	25.56943382 20.02974281 3.40000000
 C	27.74152834 21.18466595 3.40000000
 C	29.91362286 22.33958909 3.40000000
 C	32.08556534 23.49443139 3.40000000
 C	34.25765986 24.64935453 3.40000000
 C	36.42970369 25.80425073 3.40000000
 C	38.60169685 26.95911997 3.40000000
 C	-7.01122375 2.70629988 3.40000000
 C	1.67700228 7.32591161 3.40000000
 C	-9.18316623 1.55145758 3.40000000
 C	3.84909680 8.48083475 3.40000000
 C	-11.35526075 0.39653444 3.40000000
 C	6.02103928 9.63567705 3.40000000
 C	-12.77470560 0.44610255 3.40000000
 C	6.77368894 10.84016831 3.40000000
 C	-4.08647957 5.06571428 3.40000000
 C	-1.91438505 6.22063742 3.40000000
 C	-14.94664808 -0.70873975 3.40000000
 C	8.94578346 11.99509145 3.40000000
 C	-17.11874260 -1.86366289 3.40000000
 C	11.11787798 13.15001459 3.40000000
 C	-19.29083712 -3.01858603 3.40000000
 C	13.28982045 14.30485689 3.40000000
 C	-21.46293164 -4.17350917 3.40000000
 C	15.46191497 15.45978003 3.40000000
 C	-23.63487411 -5.32835147 3.40000000
 C	17.63385745 16.61462233 3.40000000
 C	19.80595197 17.76954548 3.40000000
 C	21.97804649 18.92446862 3.40000000
 C	24.15014101 20.07939176 3.40000000
 C	26.32208348 21.23423406 3.40000000
 C	28.49417800 22.38915720 3.40000000
 C	-6.25857409 3.91079114 3.40000000
 C	0.25755743 7.37547972 3.40000000
 C	30.66612048 23.54399950 3.40000000
 C	32.83821500 24.69892264 3.40000000
 C	35.01030952 25.85384579 3.40000000
 C	37.18240404 27.00876893 3.40000000
 C	39.35434651 28.16361123 3.40000000
 C	-8.43066861 2.75586800 3.40000000
 C	2.42965194 8.53040286 3.40000000
 C	-10.60261109 1.60102570 3.40000000
 C	4.60159442 9.68524516 3.40000000
 C	-13.44150079 1.70016190 3.40000000
 C	6.10689376 12.09422766 3.40000000
 C	-4.75327475 6.31977363 3.40000000
 C	-2.58123092 7.47466982 3.40000000
 C	-15.61349395 0.54529265 3.40000000
 C	8.27898828 13.24915080 3.40000000
 C	-17.78553778 -0.60960354 3.40000000
 C	10.45103211 14.40404699 3.40000000
 C	-19.95763230 -1.76452668 3.40000000
 C	12.62302527 15.55891624 3.40000000
 C	-22.12957478 -2.91936898 3.40000000
 C	14.79511979 16.71383938 3.40000000
 C	-24.30166930 -4.07429212 3.40000000
 C	16.96721431 17.86876252 3.40000000
 C	19.13915679 19.02360482 3.40000000
 C	21.31125131 20.17852797 3.40000000
 C	23.48329514 21.33342416 3.40000000
 C	25.65528830 22.48829341 3.40000000
 C	27.82738282 23.64321655 3.40000000
 C	-6.92536927 5.16485049 3.40000000
 C	-0.40923776 8.62953907 3.40000000
 C	29.99947734 24.79813969 3.40000000
 C	32.17141982 25.95298199 3.40000000
 C	34.34351434 27.10790514 3.40000000
 C	36.51555817 28.26280133 3.40000000
 C	38.68755133 29.41767058 3.40000000
 C	-9.09731175 4.01000819 3.40000000
 C	1.76285676 9.78446221 3.40000000
 C	-11.26940627 2.85508504 3.40000000
 C	3.93495128 10.93938536 3.40000000
 C	-4.00062509 7.52426488 3.40000000
 C	-14.86079360 1.74981086 3.40000000
 C	6.85954342 13.29871891 3.40000000
 C	-17.03288812 0.59488771 3.40000000
 C	9.03163794 14.45364205 3.40000000
 C	-19.20498264 -0.56003543 3.40000000
 C	11.20373246 15.60856519 3.40000000
 C	-21.37707716 -1.71495857 3.40000000
 C	13.37567493 16.76340749 3.40000000
 C	-23.54901963 -2.86980087 3.40000000
 C	15.54776945 17.91833064 3.40000000
 C	-6.17271961 6.36934174 3.40000000
 C	17.71971193 19.07317294 3.40000000
 C	-1.82853057 8.67918803 3.40000000
 C	19.89180645 20.22809608 3.40000000
 C	22.06390097 21.38301922 3.40000000
 C	24.23599549 22.53794236 3.40000000
 C	26.40793796 23.69278466 3.40000000
 C	28.58003248 24.84770781 3.40000000
 C	30.75197496 26.00255010 3.40000000
 C	32.92406948 27.15747325 3.40000000
 C	35.09616400 28.31239639 3.40000000
 C	37.26825852 29.46731953 3.40000000
 C	39.44020099 30.62216183 3.40000000
 C	-8.34481413 5.21441860 3.40000000
 C	0.34341190 9.83403033 3.40000000
 C	-10.51675661 4.05957630 3.40000000
 C	2.51550642 10.98895347 3.40000000
 C	-12.68885112 2.90465316 3.40000000
 C	4.68744890 12.14379577 3.40000000
 C	-4.66742228 8.77826688 3.40000000
 C	-15.52764147 3.00378590 3.40000000
 C	6.19274623 14.55272090 3.40000000
 C	-17.69968531 1.84888971 3.40000000
 C	8.36484075 15.70764404 3.40000000
 C	-19.87177983 0.69396656 3.40000000
 C	10.53688459 16.86254024 3.40000000
 C	-22.04372231 -0.46087574 3.40000000
 C	12.70887774 18.01740949 3.40000000
 C	-24.21581683 -1.61579888 3.40000000
 C	14.88097226 19.17233263 3.40000000
 C	-6.83951680 7.62334373 3.40000000
 C	17.05306678 20.32725577 3.40000000
 C	-2.49537844 9.93316307 3.40000000
 C	19.22500926 21.48209807 3.40000000
 C	21.39710378 22.63702121 3.40000000
 C	23.56914762 23.79191741 3.40000000
 C	25.74114077 24.94678665 3.40000000
 C	27.91323529 26.10170980 3.40000000
 C	30.08532981 27.25663294 3.40000000
 C	32.25727229 28.41147524 3.40000000
 C	34.42936681 29.56639838 3.40000000
 C	36.60141065 30.72129458 3.40000000
 C	-9.01145928 6.46850143 3.40000000
 C	38.77340380 31.87616382 3.40000000
 C	-0.32338529 11.08803232 3.40000000
 C	-11.18355380 5.31357829 3.40000000
 C	1.84870923 12.24295546 3.40000000
 C	-13.35564832 4.15865515 3.40000000
 C	4.02080375 13.39787860 3.40000000
 C	-14.77493912 4.20836146 3.40000000
 C	4.77330338 14.60234637 3.40000000
 C	-6.08686513 8.82789234 3.40000000
 C	-3.91477061 9.98281549 3.40000000
 C	-16.94703364 3.05343832 3.40000000
 C	6.94539790 15.75726951 3.40000000
 C	-19.11912816 1.89851517 3.40000000
 C	9.11749242 16.91219265 3.40000000
 C	-21.29122268 0.74359203 3.40000000
 C	11.28958694 18.06711580 3.40000000
 C	-23.46316516 -0.41125027 3.40000000
 C	13.46152941 19.22195810 3.40000000
 C	15.63362393 20.37688124 3.40000000
 C	17.80556641 21.53172354 3.40000000
 C	19.97766093 22.68664668 3.40000000
 C	22.14975545 23.84156982 3.40000000
 C	24.32184997 24.99649297 3.40000000
 C	26.49379244 26.15133527 3.40000000
 C	-8.25895965 7.67296920 3.40000000
 C	-1.74267609 11.13773863 3.40000000
 C	28.66588696 27.30625841 3.40000000
 C	30.83782944 28.46110071 3.40000000
 C	33.00992396 29.61602385 3.40000000
 C	35.18201848 30.77094699 3.40000000
 C	37.35411300 31.92587013 3.40000000
 C	39.52605547 33.08071243 3.40000000
 C	-10.43090213 6.51812690 3.40000000
 C	0.42926638 12.29258093 3.40000000
 C	-12.60299664 5.36320376 3.40000000
 C	2.60136090 13.44750407 3.40000000
 C	-15.44179100 5.46222177 3.40000000
 C	4.10665423 15.85631447 3.40000000
 C	-6.75366633 10.08177961 3.40000000
 C	-4.58157181 11.23670275 3.40000000
 C	-17.61383484 4.30732558 3.40000000
 C	6.27859670 17.01115677 3.40000000
 C	-19.78592936 3.15240244 3.40000000
 C	8.45069122 18.16607992 3.40000000
 C	-21.95787183 1.99756014 3.40000000
 C	10.62273506 19.32097611 3.40000000
 C	-24.12996635 0.84263700 3.40000000
 C	12.79472822 20.47584536 3.40000000
 C	14.96682274 21.63076850 3.40000000
 C	17.13891726 22.78569164 3.40000000
 C	19.31085973 23.94053394 3.40000000
 C	21.48295425 25.09545709 3.40000000
 C	23.65499809 26.25035328 3.40000000
 C	25.82699125 27.40522253 3.40000000
 C	-8.92560880 8.92693731 3.40000000
 C	-2.40952797 12.39159894 3.40000000
 C	27.99908577 28.56014567 3.40000000
 C	30.17118029 29.71506881 3.40000000
 C	32.34312276 30.86991111 3.40000000
 C	34.51521728 32.02483425 3.40000000
 C	36.68726112 33.17973045 3.40000000
 C	38.85925428 34.33459970 3.40000000
 C	-11.09770332 7.77201416 3.40000000
 C	-0.23753481 13.54646819 3.40000000
 C	-13.26979784 6.61709102 3.40000000
 C	1.93455971 14.70139133 3.40000000
 C	-6.00101666 11.28627085 3.40000000
 C	-16.86118517 5.51181682 3.40000000
 C	4.85915185 17.06072488 3.40000000
 C	-19.03327969 4.35689368 3.40000000
 C	7.03124637 18.21564802 3.40000000
 C	-21.20537421 3.20197054 3.40000000
 C	9.20334089 19.37057116 3.40000000
 C	-23.37731668 2.04712824 3.40000000
 C	11.37543541 20.52549430 3.40000000
 C	13.54737788 21.68033660 3.40000000
 C	15.71947240 22.83525975 3.40000000
 C	-8.17311118 10.13134771 3.40000000
 C	-3.82892214 12.44119399 3.40000000
 C	17.89141488 23.99010205 3.40000000
 C	20.06350940 25.14502519 3.40000000
 C	22.23560392 26.29994833 3.40000000
 C	24.40769844 27.45487147 3.40000000
 C	26.57964091 28.60971377 3.40000000
 C	28.75173543 29.76463692 3.40000000
 C	30.92367791 30.91947921 3.40000000
 C	33.09577243 32.07440236 3.40000000
 C	35.26786695 33.22932550 3.40000000
 C	-10.34505366 8.97650541 3.40000000
 C	37.43996147 34.38424864 3.40000000
 C	-1.65682762 13.59611714 3.40000000
 C	39.61190394 35.53909094 3.40000000
 C	-12.51714817 7.82158227 3.40000000
 C	0.51511485 14.75095944 3.40000000
 C	-14.68909065 6.66673997 3.40000000
 C	2.68720937 15.90588258 3.40000000
 C	-6.66781185 12.54033021 3.40000000
 C	-17.52798036 6.76587618 3.40000000
 C	4.19250871 18.31486508 3.40000000
 C	-19.70007488 5.61095304 3.40000000
 C	6.36445118 19.46970738 3.40000000
 C	-21.87201735 4.45611074 3.40000000
 C	8.53654570 20.62463052 3.40000000
 C	-24.04411187 3.30118760 3.40000000
 C	10.70858954 21.77952671 3.40000000
 C	12.88058270 22.93439596 3.40000000
 C	-8.83975432 11.38548791 3.40000000
 C	15.05267722 24.08931910 3.40000000
 C	-4.49571733 13.69525335 3.40000000
 C	17.22477174 25.24424225 3.40000000
 C	19.39671421 26.39908455 3.40000000
 C	21.56880873 27.55400769 3.40000000
 C	23.74085257 28.70890388 3.40000000
 C	25.91284573 29.86377313 3.40000000
 C	28.08494025 31.01869627 3.40000000
 C	30.25703476 32.17361942 3.40000000
 C	32.42897724 33.32846171 3.40000000
 C	34.60107176 34.48338486 3.40000000
 C	-11.01184884 10.23056477 3.40000000
 C	36.77311560 35.63828105 3.40000000
 C	-2.32367349 14.85014955 3.40000000
 C	38.94510876 36.79315030 3.40000000
 C	-13.18394336 9.07564162 3.40000000
 C	-0.15168033 16.00501879 3.40000000
 C	-15.35593652 7.92077238 3.40000000
 C	2.02041419 17.15994194 3.40000000
 C	-16.77533069 7.97036743 3.40000000
 C	2.77306385 18.36443318 3.40000000
 C	-8.08725670 12.58989831 3.40000000
 C	-5.91516218 13.74482145 3.40000000
 C	-18.94742521 6.81544429 3.40000000
 C	4.94500633 19.51927548 3.40000000
 C	-21.11951973 5.66052114 3.40000000
 C	7.11710085 20.67419862 3.40000000
 C	-23.29146220 4.50567884 3.40000000
 C	9.28919537 21.82912177 3.40000000
 C	11.46128989 22.98404491 3.40000000
 C	13.63323236 24.13888721 3.40000000
 C	15.80532688 25.29381035 3.40000000
 C	17.97726936 26.44865265 3.40000000
 C	20.14936388 27.60357579 3.40000000
 C	22.32145840 28.75849893 3.40000000
 C	24.49355292 29.91342208 3.40000000
 C	-10.25919918 11.43505601 3.40000000
 C	-3.74306766 14.89974460 3.40000000
 C	26.66549539 31.06826438 3.40000000
 C	28.83758991 32.22318752 3.40000000
 C	31.00953239 33.37802982 3.40000000
 C	33.18162691 34.53295296 3.40000000
 C	35.35372143 35.68787610 3.40000000
 C	37.52581595 36.84279925 3.40000000
 C	39.69775842 37.99764154 3.40000000
 C	-12.43129369 10.28013287 3.40000000
 C	-1.57097314 16.05466774 3.40000000
 C	-14.60323617 9.12529057 3.40000000
 C	0.60096933 17.20951004 3.40000000
 C	-17.44212588 9.22442679 3.40000000
 C	2.10626867 19.61849254 3.40000000
 C	-8.75389984 13.84403851 3.40000000
 C	-6.58195737 14.99888081 3.40000000
 C	-19.61422040 8.06950364 3.40000000
 C	4.27836319 20.77341568 3.40000000
 C	-21.78616287 6.91466134 3.40000000
 C	6.45030566 21.92825798 3.40000000
 C	-23.95825739 5.75973820 3.40000000
 C	8.62240018 23.08318112 3.40000000
 C	10.79444402 24.23807732 3.40000000
 C	12.96643718 25.39294656 3.40000000
 C	15.13853170 26.54786971 3.40000000
 C	17.31062621 27.70279285 3.40000000
 C	19.48256869 28.85763515 3.40000000
 C	21.65466321 30.01255829 3.40000000
 C	23.82670705 31.16745449 3.40000000
 C	-10.92599436 12.68911537 3.40000000
 C	-4.40986285 16.15380395 3.40000000
 C	25.99870021 32.32232373 3.40000000
 C	28.17079473 33.47724688 3.40000000
 C	30.34288924 34.63217002 3.40000000
 C	32.51483172 35.78701232 3.40000000
 C	34.68692624 36.94193546 3.40000000
 C	36.85897008 38.09683165 3.40000000
 C	39.03096324 39.25170090 3.40000000
 C	-13.09808888 11.53419223 3.40000000
 C	-2.23781901 17.30870015 3.40000000
 C	-15.27008204 10.37932298 3.40000000
 C	-0.06582585 18.46356940 3.40000000
 C	-8.00140823 15.04827682 3.40000000
 C	-18.86157674 9.27382279 3.40000000
 C	2.85891232 20.82281169 3.40000000
 C	5.03085480 21.97765399 3.40000000
 C	-21.03367126 8.11889965 3.40000000
 C	-23.20561373 6.96405735 3.40000000
 C	7.20294932 23.13257713 3.40000000
 C	9.37504384 24.28750027 3.40000000
 C	11.54713836 25.44242342 3.40000000
 C	-10.17335071 13.89343452 3.40000000
 C	-5.82931371 16.20319996 3.40000000
 C	13.71908083 26.59726571 3.40000000
 C	15.89117535 27.75218886 3.40000000
 C	18.06311783 28.90703116 3.40000000
 C	20.23521235 30.06195430 3.40000000
 C	22.40730687 31.21687744 3.40000000
 C	24.57940139 32.37180058 3.40000000
 C	26.75134386 33.52664288 3.40000000
 C	28.92343838 34.68156603 3.40000000
 C	31.09538086 35.83640833 3.40000000
 C	33.26747538 36.99133147 3.40000000
 C	35.43956990 38.14625461 3.40000000
 C	-12.34544522 12.73851138 3.40000000
 C	-3.65721919 17.35812310 3.40000000
 C	37.61166442 39.30117775 3.40000000
 C	39.78360689 40.45602005 3.40000000
 C	-14.51738770 11.58366908 3.40000000
 C	-1.48512467 18.51304625 3.40000000
 C	-16.68948222 10.42874594 3.40000000
 C	0.68681780 19.66788855 3.40000000
 C	-8.66805137 16.30241702 3.40000000
 C	-19.52837193 10.52788215 3.40000000
 C	2.19211714 22.07687105 3.40000000
 C	-21.70031440 9.37303985 3.40000000
 C	4.36421166 23.23179419 3.40000000
 C	-23.87240892 8.21811671 3.40000000
 C	6.53615413 24.38663649 3.40000000
 C	8.70824865 25.54155963 3.40000000
 C	10.88029249 26.69645582 3.40000000
 C	-10.84014589 15.14749388 3.40000000
 C	-6.49610890 17.45725932 3.40000000
 C	13.05228565 27.85132507 3.40000000
 C	15.22438017 29.00624821 3.40000000
 C	17.39647469 30.16117136 3.40000000
 C	19.56841716 31.31601366 3.40000000
 C	21.74051168 32.47093680 3.40000000
 C	23.91255552 33.62583299 3.40000000
 C	26.08454868 34.78070224 3.40000000
 C	28.25664320 35.93562538 3.40000000
 C	30.42873771 37.09054853 3.40000000
 C	32.60068019 38.24539083 3.40000000
 C	34.77277471 39.40031397 3.40000000
 C	-13.01224041 13.99257073 3.40000000
 C	-4.32401438 18.61218246 3.40000000
 C	36.94481855 40.55521016 3.40000000
 C	39.11681171 41.71007941 3.40000000
 C	-15.18423357 12.83770149 3.40000000
 C	-2.15197054 19.76707866 3.40000000
 C	-17.35627741 11.68280529 3.40000000
 C	0.02002262 20.92194790 3.40000000
 C	-18.77572226 11.73237340 3.40000000
 C	0.77267228 22.12643916 3.40000000
 C	-10.08749623 16.35198513 3.40000000
 C	-7.91555375 17.50682743 3.40000000
 C	-20.94781678 10.57745026 3.40000000
 C	2.94476680 23.28136230 3.40000000
 C	-23.11975926 9.42260796 3.40000000
 C	5.11670928 24.43620460 3.40000000
 C	7.28880379 25.59112774 3.40000000
 C	9.46089831 26.74605088 3.40000000
 C	11.63299283 27.90097403 3.40000000
 C	13.80493531 29.05581633 3.40000000
 C	15.97702983 30.21073947 3.40000000
 C	18.14897230 31.36558177 3.40000000
 C	20.32106682 32.52050491 3.40000000
 C	22.49316134 33.67542805 3.40000000
 C	-12.25959075 15.19706199 3.40000000
 C	-5.74345923 18.66175057 3.40000000
 C	24.66525586 34.83035120 3.40000000
 C	26.83719834 35.98519350 3.40000000
 C	29.00929286 37.14011664 3.40000000
 C	31.18123533 38.29495894 3.40000000
 C	33.35332985 39.44988208 3.40000000
 C	35.52542437 40.60480522 3.40000000
 C	37.69751889 41.75972836 3.40000000
 C	39.86946137 42.91457066 3.40000000
 C	-14.43153323 14.04221969 3.40000000
 C	-3.57136472 19.81667372 3.40000000
 C	-16.60362774 12.88729655 3.40000000
 C	-1.39927020 20.97159686 3.40000000
 C	-19.44251745 12.98643275 3.40000000
 C	0.10587710 23.38049851 3.40000000
 C	-10.75429141 17.60604448 3.40000000
 C	-8.58219689 18.76096762 3.40000000
 C	-21.61445992 11.83159045 3.40000000
 C	2.27797162 24.53542165 3.40000000
 C	-23.78655444 10.67666731 3.40000000
 C	4.45006614 25.69034479 3.40000000
 C	6.62200861 26.84518709 3.40000000
 C	8.79410313 28.00011023 3.40000000
 C	10.96614697 29.15500643 3.40000000
 C	13.13814013 30.30987568 3.40000000
 C	15.31023465 31.46479882 3.40000000
 C	17.48232917 32.61972196 3.40000000
 C	19.65427164 33.77456426 3.40000000
 C	21.82636616 34.92948740 3.40000000
 C	-12.92638593 16.45112134 3.40000000
 C	-6.41025442 19.91580992 3.40000000
 C	23.99841000 36.08438360 3.40000000
 C	26.17040316 37.23925284 3.40000000
 C	28.34249768 38.39417599 3.40000000
 C	30.51459219 39.54909913 3.40000000
 C	32.68653467 40.70394143 3.40000000
 C	34.85862919 41.85886457 3.40000000
 C	37.03067303 43.01376077 3.40000000
 C	39.20266619 44.16863001 3.40000000
 C	-15.09837909 15.29625209 3.40000000
 C	-4.23815990 21.07073306 3.40000000
 C	-17.27042293 14.14135590 3.40000000
 C	-2.06611606 22.22562926 3.40000000
 C	-10.00164175 18.81053573 3.40000000
 C	-20.86196230 13.03600087 3.40000000
 C	0.85852676 24.58498976 3.40000000
 C	-23.03390478 11.88115857 3.40000000
 C	3.03062128 25.73991290 3.40000000
 C	5.20256376 26.89475520 3.40000000
 C	7.37465827 28.04967835 3.40000000
 C	9.54675279 29.20460149 3.40000000
 C	-12.17373627 17.65561259 3.40000000
 C	-7.82969927 19.96537803 3.40000000
 C	11.71884731 30.35952463 3.40000000
 C	13.89078979 31.51436693 3.40000000
 C	16.06288431 32.66929007 3.40000000
 C	18.23482678 33.82413237 3.40000000
 C	20.40692130 34.97905551 3.40000000
 C	22.57901582 36.13397866 3.40000000
 C	24.75111034 37.28890180 3.40000000
 C	26.92305282 38.44374410 3.40000000
 C	29.09514734 39.59866724 3.40000000
 C	31.26708981 40.75350954 3.40000000
 C	-14.34567875 16.50077029 3.40000000
 C	33.43918433 41.90843268 3.40000000
 C	-5.65760475 21.12030118 3.40000000
 C	35.61127885 43.06335582 3.40000000
 C	37.78337337 44.21827897 3.40000000
 C	39.95531585 45.37312127 3.40000000
 C	-16.51777327 15.34584715 3.40000000
 C	-3.48551024 22.27522432 3.40000000
 C	-18.68986778 14.19092401 3.40000000
 C	-1.31341572 23.43014746 3.40000000
 C	-10.66843894 20.06453773 3.40000000
 C	-21.52860745 14.29008370 3.40000000
 C	0.19172957 25.83899175 3.40000000
 C	-23.70070197 13.13516056 3.40000000
 C	2.36382409 26.99391490 3.40000000
 C	4.53591861 28.14883804 3.40000000
 C	6.70786108 29.30368034 3.40000000
 C	8.87995560 30.45860348 3.40000000
 C	-12.84053346 18.90961458 3.40000000
 C	11.05199944 31.61349967 3.40000000
 C	-8.49634442 21.21946087 3.40000000
 C	13.22399260 32.76836892 3.40000000
 C	15.39608712 33.92329206 3.40000000
 C	17.56818164 35.07821521 3.40000000
 C	19.74012411 36.23305751 3.40000000
 C	21.91221863 37.38798065 3.40000000
 C	24.08426247 38.54287684 3.40000000
 C	26.25625563 39.69774609 3.40000000
 C	28.42835015 40.85266923 3.40000000
 C	30.60044467 42.00759238 3.40000000
 C	-15.01252662 17.75474534 3.40000000
 C	32.77238714 43.16243467 3.40000000
 C	-6.32440195 22.37430317 3.40000000
 C	34.94448166 44.31735782 3.40000000
 C	37.11652550 45.47225401 3.40000000
 C	39.28851866 46.62712326 3.40000000
 C	-17.18457046 16.59984914 3.40000000
 C	-4.15230743 23.52922631 3.40000000
 C	-19.35666498 15.44492600 3.40000000
 C	-1.98026359 24.68412251 3.40000000
 C	-20.77610782 15.49455147 3.40000000
 C	-1.22756124 25.88869806 3.40000000
 C	-12.08788179 20.11416319 3.40000000
 C	-9.91578727 21.26908634 3.40000000
 C	-22.94805030 14.33970917 3.40000000
 C	0.94438124 27.04354036 3.40000000
 C	3.11647576 28.19846351 3.40000000
 C	5.28841823 29.35330581 3.40000000
 C	7.46051275 30.50822895 3.40000000
 C	9.63260727 31.66315209 3.40000000
 C	11.80470179 32.81807523 3.40000000
 C	13.97664427 33.97291753 3.40000000
 C	16.14873879 35.12784067 3.40000000
 C	18.32068126 36.28268297 3.40000000
 C	20.49277578 37.43760612 3.40000000
 C	-14.25982427 18.95932090 3.40000000
 C	-7.74384479 22.42392864 3.40000000
 C	22.66487030 38.59252926 3.40000000
 C	24.83696482 39.74745240 3.40000000
 C	27.00890730 40.90229470 3.40000000
 C	29.18100182 42.05721784 3.40000000
 C	31.35294429 43.21206014 3.40000000
 C	33.52503881 44.36698329 3.40000000
 C	35.69713333 45.52190643 3.40000000
 C	37.86922785 46.67682957 3.40000000
 C	40.04117033 47.83167187 3.40000000
 C	-16.43191879 17.80439775 3.40000000
 C	-5.57175028 23.57885178 3.40000000
 C	-18.60401330 16.64947461 3.40000000
 C	-3.39965576 24.73377492 3.40000000
 C	-21.44275698 16.74851957 3.40000000
 C	-1.89441312 27.14255838 3.40000000
 C	-12.75468299 21.36805046 3.40000000
 C	-10.58258847 22.52297360 3.40000000
 C	-23.61485150 15.59359643 3.40000000
 C	0.27758004 28.29742763 3.40000000
 C	2.44967456 29.45235077 3.40000000
 C	4.62176908 30.60727391 3.40000000
 C	6.79371156 31.76211621 3.40000000
 C	8.96580608 32.91703935 3.40000000
 C	11.13784991 34.07193555 3.40000000
 C	13.30984307 35.22680479 3.40000000
 C	15.48193759 36.38172794 3.40000000
 C	17.65403211 37.53665108 3.40000000
 C	19.82597459 38.69149338 3.40000000
 C	-14.92667614 20.21318121 3.40000000
 C	-8.41049395 23.67789674 3.40000000
 C	21.99806911 39.84641652 3.40000000
 C	24.17011294 41.00131272 3.40000000
 C	26.34210610 42.15618196 3.40000000
 C	28.51420062 43.31110511 3.40000000
 C	30.68629514 44.46602825 3.40000000
 C	32.85823762 45.62087055 3.40000000
 C	35.03033214 46.77579369 3.40000000
 C	37.20237597 47.93068988 3.40000000
 C	39.37436913 49.08555913 3.40000000
 C	-17.09871998 19.05828501 3.40000000
 C	-6.23855147 24.83273904 3.40000000
 C	-19.27081450 17.90336187 3.40000000
 C	-4.06645695 25.98766218 3.40000000
 C	-12.00203332 22.57254170 3.40000000
 C	-22.86220183 16.79808768 3.40000000
 C	-1.14171277 28.34707657 3.40000000
 C	1.03022971 29.50191887 3.40000000
 C	3.20232423 30.65684201 3.40000000
 C	5.37426671 31.81168431 3.40000000
 C	7.54636122 32.96660746 3.40000000
 C	-14.17397580 21.41769940 3.40000000
 C	9.71845574 34.12153060 3.40000000
 C	-9.82993880 23.72746484 3.40000000
 C	11.89055026 35.27645374 3.40000000
 C	14.06249274 36.43129604 3.40000000
 C	16.23458726 37.58621918 3.40000000
 C	18.40652973 38.74106148 3.40000000
 C	20.57862425 39.89598462 3.40000000
 C	22.75071877 41.05090777 3.40000000
 C	24.92281329 42.20583091 3.40000000
 C	27.09475577 43.36067321 3.40000000
 C	29.26685029 44.51559635 3.40000000
 C	-16.34607032 20.26277626 3.40000000
 C	-7.65799632 24.88230714 3.40000000
 C	31.43879276 45.67043865 3.40000000
 C	33.61088728 46.82536179 3.40000000
 C	35.78298180 47.98028494 3.40000000
 C	37.95507632 49.13520808 3.40000000
 C	40.12701880 50.29005038 3.40000000
 C	-18.51816483 19.10785312 3.40000000
 C	-5.48590180 26.03723029 3.40000000
 C	-20.69025935 17.95292998 3.40000000
 C	-3.31380729 27.19215343 3.40000000
 C	-12.66882851 23.82660106 3.40000000
 C	-23.52899702 18.05214703 3.40000000
 C	-1.80855864 29.60110898 3.40000000
 C	0.36343452 30.75597823 3.40000000
 C	2.53552904 31.91090137 3.40000000
 C	4.70762356 33.06582451 3.40000000
 C	6.87956604 34.22066681 3.40000000
 C	-14.84082166 22.67173181 3.40000000
 C	9.05166056 35.37558996 3.40000000
 C	-10.49673399 24.98152420 3.40000000
 C	11.22370439 36.53048615 3.40000000
 C	13.39569755 37.68535540 3.40000000
 C	15.56779207 38.84027854 3.40000000
 C	17.73988659 39.99520168 3.40000000
 C	19.91182907 41.15004398 3.40000000
 C	22.08392359 42.30496712 3.40000000
 C	24.25596742 43.45986332 3.40000000
 C	26.42796058 44.61473257 3.40000000
 C	28.60005510 45.76965571 3.40000000
 C	-17.01286550 21.51683562 3.40000000
 C	30.77214962 46.92457885 3.40000000
 C	-8.32463947 26.13644734 3.40000000
 C	32.94409210 48.07942115 3.40000000
 C	35.11618662 49.23434429 3.40000000
 C	37.28823045 50.38924049 3.40000000
 C	39.46022361 51.54410973 3.40000000
 C	-19.18496002 20.36191248 3.40000000
 C	-6.15269699 27.29128964 3.40000000
 C	-21.35690250 19.20707018 3.40000000
 C	-3.98060247 28.44621279 3.40000000
 C	-22.77634735 19.25663828 3.40000000
 C	-3.22795281 29.65070403 3.40000000
 C	-14.08812132 23.87625001 3.40000000
 C	-11.91617884 25.03109231 3.40000000
 C	-1.05585829 30.80562717 3.40000000
 C	1.11608419 31.96046947 3.40000000
 C	3.28817871 33.11539262 3.40000000
 C	5.46012118 34.27023492 3.40000000
 C	7.63221570 35.42515806 3.40000000
 C	9.80431022 36.58008120 3.40000000
 C	11.97640474 37.73500434 3.40000000
 C	14.14834722 38.88984664 3.40000000
 C	16.32044174 40.04476979 3.40000000
 C	18.49238421 41.19961208 3.40000000
 C	-16.26021584 22.72132686 3.40000000
 C	-9.74408432 26.18601545 3.40000000
 C	20.66447873 42.35453523 3.40000000
 C	22.83657325 43.50945837 3.40000000
 C	25.00866777 44.66438151 3.40000000
 C	27.18061025 45.81922381 3.40000000
 C	29.35270477 46.97414695 3.40000000
 C	31.52464724 48.12898925 3.40000000
 C	33.69674176 49.28391240 3.40000000
 C	35.86883628 50.43883554 3.40000000
 C	38.04093080 51.59375868 3.40000000
 C	40.21287328 52.74860098 3.40000000
 C	-18.43231035 21.56640372 3.40000000
 C	-7.57214184 27.34085775 3.40000000
 C	-20.60440487 20.41148058 3.40000000
 C	-5.40004733 28.49578089 3.40000000
 C	-23.44314254 20.51069764 3.40000000
 C	-3.89474799 30.90476339 3.40000000
 C	-14.75496719 25.13028242 3.40000000
 C	-12.58297403 26.28515166 3.40000000
 C	-1.72270416 32.05965958 3.40000000
 C	0.44928900 33.21452883 3.40000000
 C	2.62138352 34.36945197 3.40000000
 C	4.79347804 35.52437512 3.40000000
 C	6.96542052 36.67921742 3.40000000
 C	9.13751504 37.83414056 3.40000000
 C	11.30955887 38.98903675 3.40000000
 C	13.48155203 40.14390600 3.40000000
 C	15.65364655 41.29882914 3.40000000
 C	17.82574107 42.45375229 3.40000000
 C	-16.92701102 23.97538622 3.40000000
 C	-10.41087951 27.44007481 3.40000000
 C	19.99768355 43.60859458 3.40000000
 C	22.16977807 44.76351773 3.40000000
 C	24.34182190 45.91841392 3.40000000
 C	26.51381506 47.07328317 3.40000000
 C	28.68590958 48.22820631 3.40000000
 C	30.85800410 49.38312945 3.40000000
 C	33.02994658 50.53797175 3.40000000
 C	35.20204109 51.69289490 3.40000000
 C	37.37408493 52.84779109 3.40000000
 C	39.54607809 54.00266034 3.40000000
 C	-19.09910554 22.82046308 3.40000000
 C	-8.23878499 28.59499795 3.40000000
 C	-21.27104802 21.66562078 3.40000000
 C	-6.06684251 29.74984025 3.40000000
 C	-14.00227285 26.33462851 3.40000000
 C	-3.14210434 32.10908254 3.40000000
 C	-0.97000982 33.26400568 3.40000000
 C	1.20193266 34.41884798 3.40000000
 C	3.37402718 35.57377112 3.40000000
 C	5.54596966 36.72861342 3.40000000
 C	-16.17436736 25.17970537 3.40000000
 C	-11.83033037 27.48947081 3.40000000
 C	7.71806417 37.88353657 3.40000000
 C	9.89015869 39.03845971 3.40000000
 C	12.06225321 40.19338285 3.40000000
 C	14.23419569 41.34822515 3.40000000
 C	16.40629021 42.50314829 3.40000000
 C	18.57823268 43.65799059 3.40000000
 C	20.75032720 44.81291373 3.40000000
 C	22.92242172 45.96783688 3.40000000
 C	25.09451624 47.12276002 3.40000000
 C	27.26645872 48.27760232 3.40000000
 C	29.43855324 49.43252546 3.40000000
 C	-18.34646188 24.02478223 3.40000000
 C	-9.65823585 28.64439396 3.40000000
 C	31.61049571 50.58736776 3.40000000
 C	33.78259023 51.74229090 3.40000000
 C	35.95468475 52.89721405 3.40000000
 C	38.12677927 54.05213719 3.40000000
 C	40.29872175 55.20697949 3.40000000
 C	-7.48629337 29.79923625 3.40000000
 C	-20.51855640 22.86985909 3.40000000
 C	-22.69049888 21.71501679 3.40000000
 C	-5.31419885 30.95415940 3.40000000
 C	-14.66911871 27.58866092 3.40000000
 C	-3.80889952 33.36314190 3.40000000
 C	-1.63685569 34.51803809 3.40000000
 C	0.53513747 35.67290734 3.40000000
 C	2.70723199 36.82783048 3.40000000
 C	4.87932651 37.98275362 3.40000000
 C	-16.84116255 26.43376473 3.40000000
 C	-12.49712556 28.74353017 3.40000000
 C	7.05126899 39.13759592 3.40000000
 C	9.22336351 40.29251907 3.40000000
 C	11.39540734 41.44741526 3.40000000
 C	13.56740050 42.60228451 3.40000000
 C	15.73949502 43.75720765 3.40000000
 C	17.91158954 44.91213079 3.40000000
 C	20.08353202 46.06697309 3.40000000
 C	22.25562654 47.22189623 3.40000000
 C	24.42767037 48.37679243 3.40000000
 C	26.59966353 49.53166168 3.40000000
 C	28.77175805 50.68658482 3.40000000
 C	-19.01325707 25.27884159 3.40000000
 C	-10.32503104 29.89845331 3.40000000
 C	30.94385257 51.84150796 3.40000000
 C	33.11579505 52.99635026 3.40000000
 C	35.28788957 54.15127340 3.40000000
 C	37.45993340 55.30616960 3.40000000
 C	39.63192656 56.46103885 3.40000000
 C	-21.18519955 24.12399929 3.40000000
 C	-8.15293652 31.05337646 3.40000000
 C	-23.35729407 22.96907614 3.40000000
 C	-5.98099404 32.20821875 3.40000000
 C	-5.22834438 33.41271001 3.40000000
 C	-16.08851289 27.63825598 3.40000000
 C	-13.91641837 28.79317913 3.40000000
 C	-3.05624986 34.56763315 3.40000000
 C	-0.88415534 35.72255629 3.40000000
 C	1.28778713 36.87739859 3.40000000
 C	3.45988165 38.03232174 3.40000000
 C	5.63182413 39.18716404 3.40000000
 C	7.80391865 40.34208718 3.40000000
 C	9.97601317 41.49701032 3.40000000
 C	12.14810769 42.65193346 3.40000000
 C	14.32005016 43.80677576 3.40000000
 C	16.49214468 44.96169890 3.40000000
 C	-18.26060741 26.48333284 3.40000000
 C	-11.74447589 29.94802142 3.40000000
 C	18.66408716 46.11654120 3.40000000
 C	20.83618168 47.27146435 3.40000000
 C	23.00827620 48.42638749 3.40000000
 C	25.18037072 49.58131063 3.40000000
 C	27.35231319 50.73615293 3.40000000
 C	29.52440771 51.89107607 3.40000000
 C	31.69635019 53.04591837 3.40000000
 C	33.86844471 54.20084152 3.40000000
 C	36.04053923 55.35576466 3.40000000
 C	38.21263375 56.51068780 3.40000000
 C	-20.43270193 25.32840970 3.40000000
 C	-9.57238138 31.10294457 3.40000000
 C	40.38457622 57.66553010 3.40000000
 C	-22.60464440 24.17356740 3.40000000
 C	-7.40043890 32.25778687 3.40000000
 C	-5.89513956 34.66676936 3.40000000
 C	-16.75530807 28.89231533 3.40000000
 C	-14.58326424 30.04721153 3.40000000
 C	-3.72304504 35.82169250 3.40000000
 C	-1.55100121 36.97658869 3.40000000
 C	0.62099195 38.13145794 3.40000000
 C	2.79308647 39.28638108 3.40000000
 C	4.96518099 40.44130423 3.40000000
 C	7.13712347 41.59614653 3.40000000
 C	9.30921799 42.75106967 3.40000000
 C	11.48126182 43.90596586 3.40000000
 C	13.65325498 45.06083511 3.40000000
 C	15.82534950 46.21575825 3.40000000
 C	-18.92740259 27.73739219 3.40000000
 C	-12.41127108 31.20208077 3.40000000
 C	17.99744402 47.37068140 3.40000000
 C	20.16938650 48.52552369 3.40000000
 C	22.34148102 49.68044684 3.40000000
 C	24.51352485 50.83534303 3.40000000
 C	26.68551801 51.99021228 3.40000000
 C	28.85761253 53.14513542 3.40000000
 C	31.02970705 54.30005856 3.40000000
 C	33.20164953 55.45490086 3.40000000
 C	35.37374404 56.60982401 3.40000000
 C	37.54578788 57.76472020 3.40000000
 C	-21.09934507 26.58254989 3.40000000
 C	-10.23917656 32.35700392 3.40000000
 C	39.71778104 58.91958945 3.40000000
 C	-23.27143959 25.42762675 3.40000000
 C	-8.06708204 33.51192706 3.40000000
 C	-16.00265841 30.09680659 3.40000000
 C	-5.14248990 35.87126061 3.40000000
 C	-2.97039538 37.02618375 3.40000000
 C	-0.79830086 38.18110690 3.40000000
 C	1.37364161 39.33594920 3.40000000
 C	3.54573613 40.49087234 3.40000000
 C	-18.17475293 28.94188344 3.40000000
 C	5.71767861 41.64571464 3.40000000
 C	-13.83056389 31.25172973 3.40000000
 C	7.88977313 42.80063778 3.40000000
 C	10.06186765 43.95556092 3.40000000
 C	12.23396217 45.11048407 3.40000000
 C	14.40590464 46.26532636 3.40000000
 C	16.57799916 47.42024951 3.40000000
 C	18.74994164 48.57509181 3.40000000
 C	20.92203616 49.73001495 3.40000000
 C	23.09413068 50.88493809 3.40000000
 C	25.26622520 52.03986123 3.40000000
 C	27.43816767 53.19470353 3.40000000
 C	-20.34684745 27.78696030 3.40000000
 C	-11.65862141 32.40657203 3.40000000
 C	29.61026219 54.34962668 3.40000000
 C	31.78220467 55.50446898 3.40000000
 C	33.95429919 56.65939212 3.40000000
 C	36.12639371 57.81431526 3.40000000
 C	38.29848823 58.96923840 3.40000000
 C	40.47043070 60.12408070 3.40000000
 C	-22.51878992 26.63211800 3.40000000
 C	-9.48652690 33.56149517 3.40000000
 C	-7.31458442 34.71633747 3.40000000
 C	-16.66945560 31.35080858 3.40000000
 C	-5.80928709 37.12526260 3.40000000
 C	-3.63719257 38.28018575 3.40000000
 C	-1.46514873 39.43508194 3.40000000
 C	0.70684442 40.58995119 3.40000000
 C	2.87893894 41.74487433 3.40000000
 C	-18.84155012 30.19588544 3.40000000
 C	5.05103346 42.89979747 3.40000000
 C	-14.49741176 32.50570477 3.40000000
 C	7.22297594 44.05463977 3.40000000
 C	9.39507046 45.20956292 3.40000000
 C	11.56711430 46.36445911 3.40000000
 C	13.73910745 47.51932836 3.40000000
 C	15.91120197 48.67425150 3.40000000
 C	18.08329649 49.82917464 3.40000000
 C	20.25523897 50.98401694 3.40000000
 C	22.42733349 52.13894008 3.40000000
 C	24.59937733 53.29383628 3.40000000
 C	-21.01349260 29.04104314 3.40000000
 C	26.77137048 54.44870553 3.40000000
 C	-12.32541861 33.66057402 3.40000000
 C	28.94346500 55.60362867 3.40000000
 C	31.11555952 56.75855181 3.40000000
 C	33.28750200 57.91339411 3.40000000
 C	35.45959652 59.06831725 3.40000000
 C	37.63164036 60.22321345 3.40000000
 C	39.80363351 61.37808269 3.40000000
 C	-23.18558712 27.88611999 3.40000000
 C	-10.15332409 34.81549716 3.40000000
 C	-7.98122957 35.97042030 3.40000000
 C	-7.22872994 37.17488807 3.40000000
 C	-18.08889845 31.40043405 3.40000000
 C	-15.91680393 32.55535719 3.40000000
 C	-5.05663542 38.32981121 3.40000000
 C	-2.88454090 39.48473436 3.40000000
 C	-0.71244638 40.63965750 3.40000000
 C	1.45949609 41.79449980 3.40000000
 C	3.63159061 42.94942294 3.40000000
 C	5.80353309 44.10426524 3.40000000
 C	7.97562761 45.25918838 3.40000000
 C	10.14772213 46.41411153 3.40000000
 C	12.31981665 47.56903467 3.40000000
 C	14.49175912 48.72387697 3.40000000
 C	-20.26099297 30.24551090 3.40000000
 C	-13.74470941 33.71028033 3.40000000
 C	16.66385364 49.87880011 3.40000000
 C	18.83579612 51.03364241 3.40000000
 C	21.00789064 52.18856555 3.40000000
 C	23.17998516 53.34348869 3.40000000
 C	25.35207968 54.49841184 3.40000000
 C	27.52402215 55.65325414 3.40000000
 C	29.69611667 56.80817728 3.40000000
 C	31.86805915 57.96301958 3.40000000
 C	34.04015367 59.11794272 3.40000000
 C	36.21224819 60.27286586 3.40000000
 C	-22.43293545 29.09066860 3.40000000
 C	-11.57276694 34.86512263 3.40000000
 C	38.38434271 61.42778901 3.40000000
 C	40.55628518 62.58263131 3.40000000
 C	-9.40067242 36.02004577 3.40000000
 C	-7.89537909 38.42885618 3.40000000
 C	-18.75569965 32.65432131 3.40000000
 C	-16.58360513 33.80924445 3.40000000
 C	-5.72343662 39.58369848 3.40000000
 C	-3.55134210 40.73862162 3.40000000
 C	-1.37929826 41.89351781 3.40000000
 C	0.79269490 43.04838706 3.40000000
 C	2.96478942 44.20331020 3.40000000
 C	5.13688394 45.35823335 3.40000000
 C	7.30882641 46.51307565 3.40000000
 C	9.48092093 47.66799879 3.40000000
 C	11.65296477 48.82289498 3.40000000
 C	13.82495793 49.97776423 3.40000000
 C	-20.92764212 31.49947901 3.40000000
 C	-14.41156129 34.96414065 3.40000000
 C	15.99705245 51.13268737 3.40000000
 C	18.16914697 52.28761051 3.40000000
 C	20.34108944 53.44245281 3.40000000
 C	22.51318396 54.59737596 3.40000000
 C	24.68522780 55.75227215 3.40000000
 C	26.85722096 56.90714140 3.40000000
 C	29.02931548 58.06206454 3.40000000
 C	31.20140999 59.21698768 3.40000000
 C	33.37335247 60.37182998 3.40000000
 C	35.54544699 61.52675313 3.40000000
 C	-23.09973664 30.34455587 3.40000000
 C	-12.23956813 36.11900989 3.40000000
 C	37.71749083 62.68164932 3.40000000
 C	39.88948399 63.83651857 3.40000000
 C	-10.06747361 37.27393303 3.40000000
 C	-18.00304998 33.85881255 3.40000000
 C	-7.14288147 39.63326658 3.40000000
 C	-4.97078695 40.78818972 3.40000000
 C	-2.79869243 41.94311286 3.40000000
 C	-0.62659791 43.09803601 3.40000000
 C	1.54534456 44.25287831 3.40000000
 C	3.71743908 45.40780145 3.40000000
 C	-20.17514450 32.70388941 3.40000000
 C	-15.83095546 35.01373570 3.40000000
 C	5.88938156 46.56264375 3.40000000
 C	8.06147608 47.71756689 3.40000000
 C	10.23357060 48.87249003 3.40000000
 C	12.40566512 50.02741318 3.40000000
 C	14.57760759 51.18225548 3.40000000
 C	16.74970211 52.33717862 3.40000000
 C	18.92164459 53.49202092 3.40000000
 C	21.09373911 54.64694406 3.40000000
 C	23.26583363 55.80186720 3.40000000
 C	-22.34708697 31.54904711 3.40000000
 C	25.43792815 56.95679034 3.40000000
 C	-13.65886094 36.16865884 3.40000000
 C	27.60987062 58.11163264 3.40000000
 C	29.78196514 59.26655579 3.40000000
 C	31.95390762 60.42139809 3.40000000
 C	34.12600214 61.57632123 3.40000000
 C	36.29809666 62.73124437 3.40000000
 C	38.47019118 63.88616751 3.40000000
 C	-11.48691846 37.32350114 3.40000000
 C	-9.31482395 38.47842428 3.40000000
 H	-22.96034169 -40.65654905 3.40000000
 H	-20.78829498 -39.50165134 3.40000000
 H	-18.61620046 -38.34672820 3.40000000
 H	-16.44412188 -37.19181353 3.40000000
 H	-14.27216347 -36.03696275 3.40000000
 H	-12.10006895 -34.88203961 3.40000000
 H	-9.92807866 -33.72717188 3.40000000
 H	-7.75603195 -32.57227417 3.40000000
 H	-5.58393743 -31.41735103 3.40000000
 H	-3.41185885 -30.26243636 3.40000000
 H	-1.23990044 -29.10758558 3.40000000
 H	0.93219408 -27.95266244 3.40000000
 H	3.10418436 -26.79779471 3.40000000
 H	5.27623108 -25.64289700 3.40000000
 H	7.44832560 -24.48797386 3.40000000
 H	9.62040418 -23.33305919 3.40000000
 H	11.79236259 -22.17820842 3.40000000
 H	13.96445711 -21.02328527 3.40000000
 H	16.13644739 -19.86841754 3.40000000
 H	18.30849411 -18.71351983 3.40000000
 H	20.48058863 -17.55859669 3.40000000
 H	22.65266721 -16.40368202 3.40000000
 H	24.82462562 -15.24883125 3.40000000
 H	26.99672014 -14.09390810 3.40000000
 H	29.16871042 -12.93904037 3.40000000
 H	31.34075714 -11.78414266 3.40000000
 H	33.51285166 -10.62921952 3.40000000
 H	35.68493024 -9.47430485 3.40000000
 H	37.85688865 -8.31945408 3.40000000
 H	39.12552071 -6.28921840 3.40000000
 H	39.21137329 -3.83072191 3.40000000
 H	39.29722365 -1.37228929 3.40000000
 H	39.38307813 1.08626132 3.40000000
 H	39.46893124 3.54477260 3.40000000
 H	39.55478109 6.00319043 3.40000000
 H	39.64063557 8.46174104 3.40000000
 H	39.72648815 10.92023752 3.40000000
 H	39.81233850 13.37867015 3.40000000
 H	39.89819298 15.83722075 3.40000000
 H	39.98404609 18.29573203 3.40000000
 H	40.06989594 20.75414987 3.40000000
 H	40.15575042 23.21270047 3.40000000
 H	40.24160300 25.67119696 3.40000000
 H	40.32745336 28.12962959 3.40000000
 H	40.41330784 30.58818019 3.40000000
 H	40.49916095 33.04669147 3.40000000
 H	40.58501080 35.50510930 3.40000000
 H	40.67086528 37.96365991 3.40000000
 H	40.75671786 40.42215639 3.40000000
 H	40.84256821 42.88058902 3.40000000
 H	40.92842269 45.33913962 3.40000000
 H	41.01427580 47.79765090 3.40000000
 H	41.10012565 50.25606874 3.40000000
 H	41.18598013 52.71461934 3.40000000
 H	41.27183271 55.17311583 3.40000000
 H	41.35768307 57.63154846 3.40000000
 H	41.44353755 60.09009906 3.40000000
 H	41.52939066 62.54861034 3.40000000
 H	40.40546638 64.66226300 3.40000000
 H	38.01303197 64.74587511 3.40000000
 H	35.84097220 63.59097044 3.40000000
 H	33.66887768 62.43604730 3.40000000
 H	31.49688740 61.28117957 3.40000000
 H	29.32484068 60.12628186 3.40000000
 H	27.15274616 58.97135872 3.40000000
 H	24.98076894 57.81649794 3.40000000
 H	22.80870917 56.66159327 3.40000000
 H	20.63661465 55.50667013 3.40000000
 H	18.46462437 54.35180240 3.40000000
 H	16.29257765 53.19690469 3.40000000
 H	14.12048313 52.04198155 3.40000000
 H	11.94850591 50.88712077 3.40000000
 H	9.77644614 49.73221610 3.40000000
 H	7.60435162 48.57729296 3.40000000
 H	5.43236134 47.42242523 3.40000000
 H	3.26031462 46.26752752 3.40000000
 H	1.08822010 45.11260438 3.40000000
 H	-1.08375712 43.95774360 3.40000000
 H	-3.25581689 42.80283894 3.40000000
 H	-5.42791141 41.64791579 3.40000000
 H	-7.59990169 40.49304806 3.40000000
 H	-9.77194841 39.33815035 3.40000000
 H	-11.94404293 38.18322721 3.40000000
 H	-14.11602015 37.02836644 3.40000000
 H	-16.28807992 35.87346177 3.40000000
 H	-18.46017444 34.71853862 3.40000000
 H	-20.63216472 33.56367089 3.40000000
 H	-22.80421144 32.40877318 3.40000000
 H	-24.07284349 30.37853750 3.40000000
 H	-24.15869259 27.92014096 3.40000000
 H	-24.24454643 25.46160839 3.40000000
 H	-24.33040091 23.00305779 3.40000000
 H	-24.41625350 20.54456129 3.40000000
 H	-24.50210387 18.08612867 3.40000000
 H	-24.58795835 15.62757807 3.40000000
 H	-24.67380745 13.16918153 3.40000000
 H	-24.75966129 10.71064895 3.40000000
 H	-24.84551577 8.25209835 3.40000000
 H	-24.93136836 5.79360186 3.40000000
 H	-25.01721873 3.33516924 3.40000000
 H	-25.10307320 0.87661863 3.40000000
 H	-25.18892230 -1.58177791 3.40000000
 H	-25.27477614 -4.04031048 3.40000000
 H	-25.36063062 -6.49886108 3.40000000
 H	-25.44648321 -8.95735758 3.40000000
 H	-25.53233358 -11.41579020 3.40000000
 H	-25.61818806 -13.87434080 3.40000000
 H	-25.70403716 -16.33273735 3.40000000
 H	-25.78989100 -18.79126992 3.40000000
 H	-25.87574548 -21.24982052 3.40000000
 H	-25.96159807 -23.70831701 3.40000000
 H	-26.04744843 -26.16674964 3.40000000
 H	-26.13330291 -28.62530024 3.40000000
 H	-26.21915201 -31.08369678 3.40000000
 H	-26.30500585 -33.54222935 3.40000000
 H	-26.39086033 -36.00077996 3.40000000
 H	-26.47671292 -38.45927645 3.40000000
 H	-25.35278916 -40.57294390 3.40000000
