0.00000000 0.00000000 0.00000000
0.00000000 12.78249235 0.00000000
-2.46004920 12.78249235 0.00000000
2.46004920 12.78249235 0.00000000
-4.91992620 12.78249235 0.00000000
4.92009840 12.78249235 0.00000000
-7.37997540 12.78249235 0.00000000
7.37997540 12.78249235 0.00000000
0.00000000 14.20280242 0.00000000
-2.45987700 14.20280242 0.00000000
2.46004920 14.20280242 0.00000000
-4.91992620 14.20280242 0.00000000
4.92004100 14.20280242 0.00000000
7.37997540 14.20280242 0.00000000
9.84002460 14.20280242 0.00000000
-1.23002460 14.91295745 0.00000000
1.23002460 14.91295745 0.00000000
-3.68990160 14.91295745 0.00000000
3.69007380 14.91295745 0.00000000
-6.14995080 14.91295745 0.00000000
6.15012300 14.91295745 0.00000000
8.61000000 14.91295745 0.00000000
11.07004920 16.33326752 0.00000000
-1.22985240 16.33326752 0.00000000
1.23002460 16.33326752 0.00000000
-3.68990160 16.33326752 0.00000000
3.69007380 16.33326752 0.00000000
6.15006560 16.33326752 0.00000000
8.61000000 16.33326752 0.00000000
-0.00008610 17.04327342 0.00000000
-2.45996310 17.04327342 0.00000000
2.45996310 17.04327342 0.00000000
-4.92001230 17.04327342 0.00000000
4.92001230 17.04327342 0.00000000
7.38006150 17.04327342 0.00000000
9.83993850 17.04327342 0.00000000
0.00008610 18.46358349 0.00000000
12.29998770 18.46358349 0.00000000
-2.45996310 18.46358349 0.00000000
2.45996310 18.46358349 0.00000000
4.92001230 18.46358349 0.00000000
7.38000410 18.46358349 0.00000000
9.83993850 18.46358349 0.00000000
11.06996310 19.17373853 0.00000000
-1.22993850 19.17373853 0.00000000
1.22993850 19.17373853 0.00000000
-3.68998770 19.17373853 0.00000000
3.68998770 19.17373853 0.00000000
6.15003690 19.17373853 0.00000000
8.61008610 19.17373853 0.00000000
11.06996310 20.59404859 0.00000000
-1.22993850 20.59404859 0.00000000
1.23011070 20.59404859 0.00000000
13.53001230 20.59404859 0.00000000
3.68998770 20.59404859 0.00000000
6.15003690 20.59404859 0.00000000
8.61002870 20.59404859 0.00000000
0.00008610 21.30420363 0.00000000
12.29998770 21.30420363 0.00000000
-2.45996310 21.30420363 0.00000000
2.45996310 21.30420363 0.00000000
4.92001230 21.30420363 0.00000000
7.38006150 21.30420363 0.00000000
9.84011070 21.30420363 0.00000000
0.00005740 22.72446399 0.00000000
12.29995900 22.72446399 0.00000000
14.76000820 22.72446399 0.00000000
2.46010660 22.72446399 0.00000000
4.91998360 22.72446399 0.00000000
7.38003280 22.72446399 0.00000000
9.84002460 22.72446399 0.00000000
11.07013530 23.43466873 0.00000000
-1.22993850 23.43466873 0.00000000
1.23011070 23.43466873 0.00000000
13.53001230 23.43466873 0.00000000
3.68998770 23.43466873 0.00000000
6.15003690 23.43466873 0.00000000
8.61008610 23.43466873 0.00000000
11.06999180 24.85482967 0.00000000
1.23002460 24.85482967 0.00000000
13.52992620 24.85482967 0.00000000
15.98997540 24.85482967 0.00000000
3.69007380 24.85482967 0.00000000
6.14995080 24.85482967 0.00000000
8.61000000 24.85482967 0.00000000
0.00000000 25.56498470 0.00000000
12.30007380 25.56498470 0.00000000
14.75995080 25.56498470 0.00000000
2.46004920 25.56498470 0.00000000
4.91992620 25.56498470 0.00000000
7.37997540 25.56498470 0.00000000
9.84002460 25.56498470 0.00000000
12.30001640 26.98529477 0.00000000
14.75995080 26.98529477 0.00000000
17.22000000 26.98529477 0.00000000
2.46004920 26.98529477 0.00000000
4.92009840 26.98529477 0.00000000
7.37997540 26.98529477 0.00000000
9.84002460 26.98529477 0.00000000
