0.00000000 0.00000000 0.00000000
-14.75995080 0.00000000 0.00000000
-17.21982780 0.00000000 0.00000000
-19.67987700 0.00000000 0.00000000
-22.13992620 0.00000000 0.00000000
-24.59997540 0.00000000 0.00000000
-27.05985240 0.00000000 0.00000000
-29.51990160 0.00000000 0.00000000
-12.29990160 1.42031007 0.00000000
-14.75995080 1.42031007 0.00000000
-17.21988520 1.42031007 0.00000000
-19.67987700 1.42031007 0.00000000
-22.13992620 1.42031007 0.00000000
-24.59980320 1.42031007 0.00000000
-27.05985240 1.42031007 0.00000000
-13.52992620 2.13046510 0.00000000
-15.98980320 2.13046510 0.00000000
-18.44985240 2.13046510 0.00000000
-20.90990160 2.13046510 0.00000000
-23.36995080 2.13046510 0.00000000
-25.82982780 2.13046510 0.00000000
-28.28987700 2.13046510 0.00000000
-11.06987700 3.55077517 0.00000000
-13.52992620 3.55077517 0.00000000
-15.98986060 3.55077517 0.00000000
-18.44985240 3.55077517 0.00000000
-20.90990160 3.55077517 0.00000000
-23.36977860 3.55077517 0.00000000
-25.82982780 3.55077517 0.00000000
-12.29998770 4.26078107 0.00000000
-14.75986470 4.26078107 0.00000000
-17.21991390 4.26078107 0.00000000
-19.67996310 4.26078107 0.00000000
-22.14001230 4.26078107 0.00000000
-24.59988930 4.26078107 0.00000000
-27.05993850 4.26078107 0.00000000
-12.29998770 5.68109114 0.00000000
-14.75992210 5.68109114 0.00000000
-17.21991390 5.68109114 0.00000000
-19.67996310 5.68109114 0.00000000
-22.13984010 5.68109114 0.00000000
-24.59988930 5.68109114 0.00000000
-9.83993850 5.68109114 0.00000000
-11.06996310 6.39124618 0.00000000
-13.52984010 6.39124618 0.00000000
-15.98988930 6.39124618 0.00000000
-18.44993850 6.39124618 0.00000000
-20.90998770 6.39124618 0.00000000
-23.36986470 6.39124618 0.00000000
-25.82991390 6.39124618 0.00000000
-11.06996310 7.81155624 0.00000000
-13.52989750 7.81155624 0.00000000
-15.98988930 7.81155624 0.00000000
-18.44993850 7.81155624 0.00000000
-20.90981550 7.81155624 0.00000000
-23.36986470 7.81155624 0.00000000
-8.60991390 7.81155624 0.00000000
-12.29981550 8.52171128 0.00000000
-14.75986470 8.52171128 0.00000000
-17.21991390 8.52171128 0.00000000
-19.67996310 8.52171128 0.00000000
-22.13984010 8.52171128 0.00000000
-24.59988930 8.52171128 0.00000000
-9.83993850 8.52171128 0.00000000
-12.29990160 9.94197164 0.00000000
-14.75989340 9.94197164 0.00000000
-17.21994260 9.94197164 0.00000000
-19.67981960 9.94197164 0.00000000
-22.13986880 9.94197164 0.00000000
-7.37991800 9.94197164 0.00000000
-9.83996720 9.94197164 0.00000000
-11.06979090 10.65217638 0.00000000
-13.52984010 10.65217638 0.00000000
-15.98988930 10.65217638 0.00000000
-18.44993850 10.65217638 0.00000000
-20.90981550 10.65217638 0.00000000
-23.36986470 10.65217638 0.00000000
-8.60991390 10.65217638 0.00000000
-11.06993440 12.07233732 0.00000000
-13.52992620 12.07233732 0.00000000
-15.98997540 12.07233732 0.00000000
-18.44985240 12.07233732 0.00000000
-20.90990160 12.07233732 0.00000000
-6.14995080 12.07233732 0.00000000
-8.61000000 12.07233732 0.00000000
-12.29990160 12.78249235 0.00000000
-14.75995080 12.78249235 0.00000000
-17.22000000 12.78249235 0.00000000
-19.67987700 12.78249235 0.00000000
-22.13992620 12.78249235 0.00000000
-7.37997540 12.78249235 0.00000000
-9.83985240 12.78249235 0.00000000
-12.29990160 14.20280242 0.00000000
-14.75995080 14.20280242 0.00000000
-17.21982780 14.20280242 0.00000000
-19.67987700 14.20280242 0.00000000
-4.91992620 14.20280242 0.00000000
-7.37997540 14.20280242 0.00000000
-9.83990980 14.20280242 0.00000000
