0.00000000 0.00000000 0.00000000
14.75995080 25.56498470 0.00000000
17.22000000 25.56498470 0.00000000
19.67987700 25.56498470 0.00000000
22.13992620 25.56498470 0.00000000
24.59997540 25.56498470 0.00000000
27.06002460 25.56498470 0.00000000
29.51990160 25.56498470 0.00000000
17.22000000 26.98529477 0.00000000
19.68004920 26.98529477 0.00000000
22.13992620 26.98529477 0.00000000
24.59997540 26.98529477 0.00000000
27.05996720 26.98529477 0.00000000
29.51990160 26.98529477 0.00000000
31.97995080 26.98529477 0.00000000
15.98997540 27.69544980 0.00000000
18.45002460 27.69544980 0.00000000
20.90990160 27.69544980 0.00000000
23.36995080 27.69544980 0.00000000
25.83000000 27.69544980 0.00000000
28.29004920 27.69544980 0.00000000
30.74992620 27.69544980 0.00000000
18.45002460 29.11575987 0.00000000
20.91007380 29.11575987 0.00000000
23.36995080 29.11575987 0.00000000
25.83000000 29.11575987 0.00000000
28.28999180 29.11575987 0.00000000
30.74992620 29.11575987 0.00000000
33.20997540 29.11575987 0.00000000
17.21991390 29.82576577 0.00000000
19.67996310 29.82576577 0.00000000
22.13984010 29.82576577 0.00000000
24.59988930 29.82576577 0.00000000
27.05993850 29.82576577 0.00000000
29.51998770 29.82576577 0.00000000
31.97986470 29.82576577 0.00000000
19.67996310 31.24607584 0.00000000
22.14001230 31.24607584 0.00000000
24.59988930 31.24607584 0.00000000
27.05993850 31.24607584 0.00000000
29.51993030 31.24607584 0.00000000
31.97986470 31.24607584 0.00000000
34.43991390 31.24607584 0.00000000
18.44993850 31.95623088 0.00000000
20.90998770 31.95623088 0.00000000
23.36986470 31.95623088 0.00000000
25.82991390 31.95623088 0.00000000
28.28996310 31.95623088 0.00000000
30.75001230 31.95623088 0.00000000
33.20988930 31.95623088 0.00000000
20.90998770 33.37654094 0.00000000
23.37003690 33.37654094 0.00000000
25.82991390 33.37654094 0.00000000
28.28996310 33.37654094 0.00000000
30.74995490 33.37654094 0.00000000
33.20988930 33.37654094 0.00000000
35.66993850 33.37654094 0.00000000
19.67996310 34.08669598 0.00000000
22.14001230 34.08669598 0.00000000
24.59988930 34.08669598 0.00000000
27.05993850 34.08669598 0.00000000
29.51998770 34.08669598 0.00000000
31.98003690 34.08669598 0.00000000
34.43991390 34.08669598 0.00000000
22.13998360 35.50695634 0.00000000
24.60003280 35.50695634 0.00000000
27.05990980 35.50695634 0.00000000
29.51995900 35.50695634 0.00000000
31.97995080 35.50695634 0.00000000
34.43988520 35.50695634 0.00000000
36.89993440 35.50695634 0.00000000
20.90998770 36.21716108 0.00000000
23.37003690 36.21716108 0.00000000
25.82991390 36.21716108 0.00000000
28.28996310 36.21716108 0.00000000
30.75001230 36.21716108 0.00000000
33.21006150 36.21716108 0.00000000
35.66993850 36.21716108 0.00000000
23.36995080 37.63732202 0.00000000
25.83000000 37.63732202 0.00000000
28.28987700 37.63732202 0.00000000
30.74992620 37.63732202 0.00000000
33.20991800 37.63732202 0.00000000
35.66985240 37.63732202 0.00000000
38.12990160 37.63732202 0.00000000
22.13992620 38.34747705 0.00000000
24.59997540 38.34747705 0.00000000
27.05985240 38.34747705 0.00000000
29.51990160 38.34747705 0.00000000
31.97995080 38.34747705 0.00000000
34.44000000 38.34747705 0.00000000
36.89987700 38.34747705 0.00000000
24.59997540 39.76778712 0.00000000
27.06002460 39.76778712 0.00000000
29.51990160 39.76778712 0.00000000
31.97995080 39.76778712 0.00000000
34.43994260 39.76778712 0.00000000
36.89987700 39.76778712 0.00000000
39.35992620 39.76778712 0.00000000
