0.00000000 0.00000000 0.00000000
12.30007380 0.00000000 0.00000000
14.75995080 0.00000000 0.00000000
2.46004920 0.00000000 0.00000000
4.91992620 0.00000000 0.00000000
7.37997540 0.00000000 0.00000000
9.84002460 0.00000000 0.00000000
12.30001640 1.42031007 0.00000000
14.75995080 1.42031007 0.00000000
17.22000000 1.42031007 0.00000000
2.46004920 1.42031007 0.00000000
4.92009840 1.42031007 0.00000000
7.37997540 1.42031007 0.00000000
9.84002460 1.42031007 0.00000000
11.07004920 2.13046510 0.00000000
1.23002460 2.13046510 0.00000000
13.53009840 2.13046510 0.00000000
15.98997540 2.13046510 0.00000000
3.69007380 2.13046510 0.00000000
6.14995080 2.13046510 0.00000000
8.61000000 2.13046510 0.00000000
11.07004920 3.55077517 0.00000000
13.53004100 3.55077517 0.00000000
15.98997540 3.55077517 0.00000000
18.45002460 3.55077517 0.00000000
3.69007380 3.55077517 0.00000000
6.15012300 3.55077517 0.00000000
8.61000000 3.55077517 0.00000000
12.29998770 4.26078107 0.00000000
14.76003690 4.26078107 0.00000000
17.21991390 4.26078107 0.00000000
2.45996310 4.26078107 0.00000000
4.92001230 4.26078107 0.00000000
7.37988930 4.26078107 0.00000000
9.83993850 4.26078107 0.00000000
12.29998770 5.68109114 0.00000000
14.75997950 5.68109114 0.00000000
17.21991390 5.68109114 0.00000000
19.67996310 5.68109114 0.00000000
4.92001230 5.68109114 0.00000000
7.38006150 5.68109114 0.00000000
9.83993850 5.68109114 0.00000000
11.06996310 6.39124618 0.00000000
13.53001230 6.39124618 0.00000000
15.99006150 6.39124618 0.00000000
18.44993850 6.39124618 0.00000000
3.68998770 6.39124618 0.00000000
6.15003690 6.39124618 0.00000000
8.60991390 6.39124618 0.00000000
11.06996310 7.81155624 0.00000000
13.53001230 7.81155624 0.00000000
15.99000410 7.81155624 0.00000000
18.44993850 7.81155624 0.00000000
20.90998770 7.81155624 0.00000000
6.15003690 7.81155624 0.00000000
8.61008610 7.81155624 0.00000000
12.29998770 8.52171128 0.00000000
14.76003690 8.52171128 0.00000000
17.22008610 8.52171128 0.00000000
19.67996310 8.52171128 0.00000000
4.92001230 8.52171128 0.00000000
7.38006150 8.52171128 0.00000000
9.83993850 8.52171128 0.00000000
12.29995900 9.94197164 0.00000000
14.76000820 9.94197164 0.00000000
17.22000000 9.94197164 0.00000000
19.67993440 9.94197164 0.00000000
22.13998360 9.94197164 0.00000000
7.38003280 9.94197164 0.00000000
9.84008200 9.94197164 0.00000000
11.06996310 10.65217638 0.00000000
13.53001230 10.65217638 0.00000000
15.99006150 10.65217638 0.00000000
18.45011070 10.65217638 0.00000000
20.90998770 10.65217638 0.00000000
6.15003690 10.65217638 0.00000000
8.61008610 10.65217638 0.00000000
11.07004920 12.07233732 0.00000000
13.52992620 12.07233732 0.00000000
15.98997540 12.07233732 0.00000000
18.44996720 12.07233732 0.00000000
20.90990160 12.07233732 0.00000000
23.36995080 12.07233732 0.00000000
8.61000000 12.07233732 0.00000000
12.29990160 12.78249235 0.00000000
14.75995080 12.78249235 0.00000000
17.22000000 12.78249235 0.00000000
19.68004920 12.78249235 0.00000000
22.13992620 12.78249235 0.00000000
7.37997540 12.78249235 0.00000000
9.84002460 12.78249235 0.00000000
12.30007380 14.20280242 0.00000000
14.75995080 14.20280242 0.00000000
17.22000000 14.20280242 0.00000000
19.67999180 14.20280242 0.00000000
22.13992620 14.20280242 0.00000000
24.59997540 14.20280242 0.00000000
9.84002460 14.20280242 0.00000000
