-29.51990160 -25.56498470 0.00000000
-31.97977860 -25.56498470 0.00000000
-34.43982780 -25.56498470 0.00000000
-36.89987700 -25.56498470 0.00000000
-39.35992620 -25.56498470 0.00000000
-41.81980320 -25.56498470 0.00000000
-44.27985240 -25.56498470 0.00000000
-27.05985240 -24.14467463 0.00000000
-29.51990160 -24.14467463 0.00000000
-31.97983600 -24.14467463 0.00000000
-34.43982780 -24.14467463 0.00000000
-36.89987700 -24.14467463 0.00000000
-39.35975400 -24.14467463 0.00000000
-41.81980320 -24.14467463 0.00000000
-28.28987700 -23.43451960 0.00000000
-30.74975400 -23.43451960 0.00000000
-33.20980320 -23.43451960 0.00000000
-35.66985240 -23.43451960 0.00000000
-38.12990160 -23.43451960 0.00000000
-40.58977860 -23.43451960 0.00000000
-43.04982780 -23.43451960 0.00000000
-25.82982780 -22.01420953 0.00000000
-28.28987700 -22.01420953 0.00000000
-30.74981140 -22.01420953 0.00000000
-33.20980320 -22.01420953 0.00000000
-35.66985240 -22.01420953 0.00000000
-38.12972940 -22.01420953 0.00000000
-40.58977860 -22.01420953 0.00000000
-27.05993850 -21.30420363 0.00000000
-29.51981550 -21.30420363 0.00000000
-31.97986470 -21.30420363 0.00000000
-34.43991390 -21.30420363 0.00000000
-36.89996310 -21.30420363 0.00000000
-39.35984010 -21.30420363 0.00000000
-41.81988930 -21.30420363 0.00000000
-24.59988930 -19.88389356 0.00000000
-27.05993850 -19.88389356 0.00000000
-29.51987290 -19.88389356 0.00000000
-31.97986470 -19.88389356 0.00000000
-34.43991390 -19.88389356 0.00000000
-36.89979090 -19.88389356 0.00000000
-39.35984010 -19.88389356 0.00000000
-25.82991390 -19.17373852 0.00000000
-28.28979090 -19.17373852 0.00000000
-30.74984010 -19.17373852 0.00000000
-33.20988930 -19.17373852 0.00000000
-35.66993850 -19.17373852 0.00000000
-38.12981550 -19.17373852 0.00000000
-40.58986470 -19.17373852 0.00000000
-23.36986470 -17.75342846 0.00000000
-25.82991390 -17.75342846 0.00000000
-28.28984830 -17.75342846 0.00000000
-30.74984010 -17.75342846 0.00000000
-33.20988930 -17.75342846 0.00000000
-35.66976630 -17.75342846 0.00000000
-38.12981550 -17.75342846 0.00000000
-24.59988930 -17.04327342 0.00000000
-27.05976630 -17.04327342 0.00000000
-29.51981550 -17.04327342 0.00000000
-31.97986470 -17.04327342 0.00000000
-34.43991390 -17.04327342 0.00000000
-36.89979090 -17.04327342 0.00000000
-39.35984010 -17.04327342 0.00000000
-22.13986880 -15.62301306 0.00000000
-24.59991800 -15.62301306 0.00000000
-27.05985240 -15.62301306 0.00000000
-29.51984420 -15.62301306 0.00000000
-31.97989340 -15.62301306 0.00000000
-34.43977040 -15.62301306 0.00000000
-36.89981960 -15.62301306 0.00000000
-23.36986470 -14.91280832 0.00000000
-25.82974170 -14.91280832 0.00000000
-28.28979090 -14.91280832 0.00000000
-30.74984010 -14.91280832 0.00000000
-33.20988930 -14.91280832 0.00000000
-35.66976630 -14.91280832 0.00000000
-38.12981550 -14.91280832 0.00000000
-20.90990160 -13.49264738 0.00000000
-23.36995080 -13.49264738 0.00000000
-25.82988520 -13.49264738 0.00000000
-28.28987700 -13.49264738 0.00000000
-30.74992620 -13.49264738 0.00000000
-33.20980320 -13.49264738 0.00000000
-35.66985240 -13.49264738 0.00000000
-22.13992620 -12.78249235 0.00000000
-24.59980320 -12.78249235 0.00000000
-27.05985240 -12.78249235 0.00000000
-29.51990160 -12.78249235 0.00000000
-31.97995080 -12.78249235 0.00000000
-34.43982780 -12.78249235 0.00000000
-36.89987700 -12.78249235 0.00000000
-19.67987700 -11.36218228 0.00000000
-22.13992620 -11.36218228 0.00000000
-24.59986060 -11.36218228 0.00000000
-27.05985240 -11.36218228 0.00000000
-29.51990160 -11.36218228 0.00000000
-31.97977860 -11.36218228 0.00000000
-34.43982780 -11.36218228 0.00000000
0.00000000 0.00000000 0.00000000
