-22.13992620 -12.78249235 0.00000000
-24.59980320 -12.78249235 0.00000000
-27.05985240 -12.78249235 0.00000000
-29.51990160 -12.78249235 0.00000000
-31.97995080 -12.78249235 0.00000000
-34.43982780 -12.78249235 0.00000000
-36.89987700 -12.78249235 0.00000000
-19.67987700 -11.36218228 0.00000000
-22.13992620 -11.36218228 0.00000000
-24.59986060 -11.36218228 0.00000000
-27.05985240 -11.36218228 0.00000000
-29.51990160 -11.36218228 0.00000000
-31.97977860 -11.36218228 0.00000000
-34.43982780 -11.36218228 0.00000000
-20.90990160 -10.65202725 0.00000000
-23.36977860 -10.65202725 0.00000000
-25.82982780 -10.65202725 0.00000000
-28.28987700 -10.65202725 0.00000000
-30.74992620 -10.65202725 0.00000000
-33.20980320 -10.65202725 0.00000000
-35.66985240 -10.65202725 0.00000000
-18.44985240 -9.23171718 0.00000000
-20.90990160 -9.23171718 0.00000000
-23.36983600 -9.23171718 0.00000000
-25.82982780 -9.23171718 0.00000000
-28.28987700 -9.23171718 0.00000000
-30.74975400 -9.23171718 0.00000000
-33.20980320 -9.23171718 0.00000000
-19.67996310 -8.52171128 0.00000000
-22.13984010 -8.52171128 0.00000000
-24.59988930 -8.52171128 0.00000000
-27.05993850 -8.52171128 0.00000000
-29.51998770 -8.52171128 0.00000000
-31.97986470 -8.52171128 0.00000000
-34.43991390 -8.52171128 0.00000000
-17.21991390 -7.10140121 0.00000000
-19.67996310 -7.10140121 0.00000000
-22.13989750 -7.10140121 0.00000000
-24.59988930 -7.10140121 0.00000000
-27.05993850 -7.10140121 0.00000000
-29.51981550 -7.10140121 0.00000000
-31.97986470 -7.10140121 0.00000000
-18.44993850 -6.39124617 0.00000000
-20.90981550 -6.39124617 0.00000000
-23.36986470 -6.39124617 0.00000000
-25.82991390 -6.39124617 0.00000000
-28.28996310 -6.39124617 0.00000000
-30.74984010 -6.39124617 0.00000000
-33.20988930 -6.39124617 0.00000000
-15.98988930 -4.97093611 0.00000000
-18.44993850 -4.97093611 0.00000000
-20.90987290 -4.97093611 0.00000000
-23.36986470 -4.97093611 0.00000000
-25.82991390 -4.97093611 0.00000000
-28.28979090 -4.97093611 0.00000000
-30.74984010 -4.97093611 0.00000000
-17.21991390 -4.26078107 0.00000000
-19.67979090 -4.26078107 0.00000000
-22.13984010 -4.26078107 0.00000000
-24.59988930 -4.26078107 0.00000000
-27.05993850 -4.26078107 0.00000000
-29.51981550 -4.26078107 0.00000000
-31.97986470 -4.26078107 0.00000000
-14.75989340 -2.84052071 0.00000000
-17.21994260 -2.84052071 0.00000000
-19.67987700 -2.84052071 0.00000000
-22.13986880 -2.84052071 0.00000000
-24.59991800 -2.84052071 0.00000000
-27.05979500 -2.84052071 0.00000000
-29.51984420 -2.84052071 0.00000000
-15.98988930 -2.13031597 0.00000000
-18.44976630 -2.13031597 0.00000000
-20.90981550 -2.13031597 0.00000000
-23.36986470 -2.13031597 0.00000000
-25.82991390 -2.13031597 0.00000000
-28.28979090 -2.13031597 0.00000000
-30.74984010 -2.13031597 0.00000000
-13.52992620 -0.71015503 0.00000000
-15.98997540 -0.71015503 0.00000000
-18.44990980 -0.71015503 0.00000000
-20.90990160 -0.71015503 0.00000000
-23.36995080 -0.71015503 0.00000000
-25.82982780 -0.71015503 0.00000000
-28.28987700 -0.71015503 0.00000000
0.00000000 0.00000000 0.00000000
-14.75995080 0.00000000 0.00000000
-17.21982780 0.00000000 0.00000000
-19.67987700 0.00000000 0.00000000
-22.13992620 0.00000000 0.00000000
-24.59997540 0.00000000 0.00000000
-27.05985240 0.00000000 0.00000000
-29.51990160 0.00000000 0.00000000
-12.29990160 1.42031007 0.00000000
-14.75995080 1.42031007 0.00000000
-17.21988520 1.42031007 0.00000000
-19.67987700 1.42031007 0.00000000
-22.13992620 1.42031007 0.00000000
-24.59980320 1.42031007 0.00000000
-27.05985240 1.42031007 0.00000000
