0.00000000 0.00000000 0.00000000
36.89987700 12.78249235 0.00000000
39.35992620 12.78249235 0.00000000
41.81980320 12.78249235 0.00000000
44.27985240 12.78249235 0.00000000
46.73990160 12.78249235 0.00000000
49.19995080 12.78249235 0.00000000
51.65982780 12.78249235 0.00000000
39.35992620 14.20280242 0.00000000
41.81997540 14.20280242 0.00000000
44.27985240 14.20280242 0.00000000
46.73990160 14.20280242 0.00000000
49.19989340 14.20280242 0.00000000
51.65982780 14.20280242 0.00000000
54.11987700 14.20280242 0.00000000
38.12990160 14.91295745 0.00000000
40.58995080 14.91295745 0.00000000
43.04982780 14.91295745 0.00000000
45.50987700 14.91295745 0.00000000
47.96992620 14.91295745 0.00000000
50.42997540 14.91295745 0.00000000
52.88985240 14.91295745 0.00000000
40.58995080 16.33326752 0.00000000
43.05000000 16.33326752 0.00000000
45.50987700 16.33326752 0.00000000
47.96992620 16.33326752 0.00000000
50.42991800 16.33326752 0.00000000
52.88985240 16.33326752 0.00000000
55.34990160 16.33326752 0.00000000
39.35984010 17.04327342 0.00000000
41.81988930 17.04327342 0.00000000
44.27976630 17.04327342 0.00000000
46.73981550 17.04327342 0.00000000
49.19986470 17.04327342 0.00000000
51.65991390 17.04327342 0.00000000
54.11979090 17.04327342 0.00000000
41.81988930 18.46358349 0.00000000
44.27993850 18.46358349 0.00000000
46.73981550 18.46358349 0.00000000
49.19986470 18.46358349 0.00000000
51.65985650 18.46358349 0.00000000
54.11979090 18.46358349 0.00000000
56.57984010 18.46358349 0.00000000
40.58986470 19.17373853 0.00000000
43.04991390 19.17373853 0.00000000
45.50979090 19.17373853 0.00000000
47.96984010 19.17373853 0.00000000
50.42988930 19.17373853 0.00000000
52.88993850 19.17373853 0.00000000
55.34981550 19.17373853 0.00000000
43.04991390 20.59404859 0.00000000
45.50996310 20.59404859 0.00000000
47.96984010 20.59404859 0.00000000
50.42988930 20.59404859 0.00000000
52.88988110 20.59404859 0.00000000
55.34981550 20.59404859 0.00000000
57.80986470 20.59404859 0.00000000
41.81988930 21.30420363 0.00000000
44.27993850 21.30420363 0.00000000
46.73981550 21.30420363 0.00000000
49.19986470 21.30420363 0.00000000
51.65991390 21.30420363 0.00000000
54.11996310 21.30420363 0.00000000
56.57984010 21.30420363 0.00000000
44.27990980 22.72446399 0.00000000
46.73995900 22.72446399 0.00000000
49.19983600 22.72446399 0.00000000
51.65988520 22.72446399 0.00000000
54.11987700 22.72446399 0.00000000
56.57981140 22.72446399 0.00000000
59.03986060 22.72446399 0.00000000
43.04991390 23.43466873 0.00000000
45.50996310 23.43466873 0.00000000
47.96984010 23.43466873 0.00000000
50.42988930 23.43466873 0.00000000
52.88993850 23.43466873 0.00000000
55.34998770 23.43466873 0.00000000
57.80986470 23.43466873 0.00000000
45.50987700 24.85482967 0.00000000
47.96992620 24.85482967 0.00000000
50.42980320 24.85482967 0.00000000
52.88985240 24.85482967 0.00000000
55.34984420 24.85482967 0.00000000
57.80977860 24.85482967 0.00000000
60.26982780 24.85482967 0.00000000
44.27985240 25.56498470 0.00000000
46.73990160 25.56498470 0.00000000
49.19977860 25.56498470 0.00000000
51.65982780 25.56498470 0.00000000
54.11987700 25.56498470 0.00000000
56.57992620 25.56498470 0.00000000
59.03980320 25.56498470 0.00000000
46.73990160 26.98529477 0.00000000
49.19995080 26.98529477 0.00000000
51.65982780 26.98529477 0.00000000
54.11987700 26.98529477 0.00000000
56.57986880 26.98529477 0.00000000
59.03980320 26.98529477 0.00000000
61.49985240 26.98529477 0.00000000
