14.75995080 -25.56498470 0.00000000
17.22000000 -25.56498470 0.00000000
19.67987700 -25.56498470 0.00000000
22.13992620 -25.56498470 0.00000000
24.59997540 -25.56498470 0.00000000
27.06002460 -25.56498470 0.00000000
29.51990160 -25.56498470 0.00000000
17.22000000 -24.14467463 0.00000000
19.68004920 -24.14467463 0.00000000
22.13992620 -24.14467463 0.00000000
24.59997540 -24.14467463 0.00000000
27.05996720 -24.14467463 0.00000000
29.51990160 -24.14467463 0.00000000
31.97995080 -24.14467463 0.00000000
15.98997540 -23.43451960 0.00000000
18.45002460 -23.43451960 0.00000000
20.90990160 -23.43451960 0.00000000
23.36995080 -23.43451960 0.00000000
25.83000000 -23.43451960 0.00000000
28.29004920 -23.43451960 0.00000000
30.74992620 -23.43451960 0.00000000
18.45002460 -22.01420953 0.00000000
20.91007380 -22.01420953 0.00000000
23.36995080 -22.01420953 0.00000000
25.83000000 -22.01420953 0.00000000
28.28999180 -22.01420953 0.00000000
30.74992620 -22.01420953 0.00000000
33.20997540 -22.01420953 0.00000000
17.21991390 -21.30420363 0.00000000
19.67996310 -21.30420363 0.00000000
22.13984010 -21.30420363 0.00000000
24.59988930 -21.30420363 0.00000000
27.05993850 -21.30420363 0.00000000
29.51998770 -21.30420363 0.00000000
31.97986470 -21.30420363 0.00000000
19.67996310 -19.88389356 0.00000000
22.14001230 -19.88389356 0.00000000
24.59988930 -19.88389356 0.00000000
27.05993850 -19.88389356 0.00000000
29.51993030 -19.88389356 0.00000000
31.97986470 -19.88389356 0.00000000
34.43991390 -19.88389356 0.00000000
18.44993850 -19.17373852 0.00000000
20.90998770 -19.17373852 0.00000000
23.36986470 -19.17373852 0.00000000
25.82991390 -19.17373852 0.00000000
28.28996310 -19.17373852 0.00000000
30.75001230 -19.17373852 0.00000000
33.20988930 -19.17373852 0.00000000
20.90998770 -17.75342846 0.00000000
23.37003690 -17.75342846 0.00000000
25.82991390 -17.75342846 0.00000000
28.28996310 -17.75342846 0.00000000
30.74995490 -17.75342846 0.00000000
33.20988930 -17.75342846 0.00000000
35.66993850 -17.75342846 0.00000000
19.67996310 -17.04327342 0.00000000
22.14001230 -17.04327342 0.00000000
24.59988930 -17.04327342 0.00000000
27.05993850 -17.04327342 0.00000000
29.51998770 -17.04327342 0.00000000
31.98003690 -17.04327342 0.00000000
34.43991390 -17.04327342 0.00000000
22.13998360 -15.62301306 0.00000000
24.60003280 -15.62301306 0.00000000
27.05990980 -15.62301306 0.00000000
29.51995900 -15.62301306 0.00000000
31.97995080 -15.62301306 0.00000000
34.43988520 -15.62301306 0.00000000
36.89993440 -15.62301306 0.00000000
20.90998770 -14.91280832 0.00000000
23.37003690 -14.91280832 0.00000000
25.82991390 -14.91280832 0.00000000
28.28996310 -14.91280832 0.00000000
30.75001230 -14.91280832 0.00000000
33.21006150 -14.91280832 0.00000000
35.66993850 -14.91280832 0.00000000
23.36995080 -13.49264738 0.00000000
25.83000000 -13.49264738 0.00000000
28.28987700 -13.49264738 0.00000000
30.74992620 -13.49264738 0.00000000
33.20991800 -13.49264738 0.00000000
35.66985240 -13.49264738 0.00000000
38.12990160 -13.49264738 0.00000000
22.13992620 -12.78249235 0.00000000
24.59997540 -12.78249235 0.00000000
27.05985240 -12.78249235 0.00000000
29.51990160 -12.78249235 0.00000000
31.97995080 -12.78249235 0.00000000
34.44000000 -12.78249235 0.00000000
36.89987700 -12.78249235 0.00000000
24.59997540 -11.36218228 0.00000000
27.06002460 -11.36218228 0.00000000
29.51990160 -11.36218228 0.00000000
31.97995080 -11.36218228 0.00000000
34.43994260 -11.36218228 0.00000000
36.89987700 -11.36218228 0.00000000
39.35992620 -11.36218228 0.00000000
0.00000000 0.00000000 0.00000000
