22.13992620 -12.78249235 0.00000000
24.59997540 -12.78249235 0.00000000
27.05985240 -12.78249235 0.00000000
29.51990160 -12.78249235 0.00000000
31.97995080 -12.78249235 0.00000000
34.44000000 -12.78249235 0.00000000
36.89987700 -12.78249235 0.00000000
24.59997540 -11.36218228 0.00000000
27.06002460 -11.36218228 0.00000000
29.51990160 -11.36218228 0.00000000
31.97995080 -11.36218228 0.00000000
34.43994260 -11.36218228 0.00000000
36.89987700 -11.36218228 0.00000000
39.35992620 -11.36218228 0.00000000
23.36995080 -10.65202725 0.00000000
25.83000000 -10.65202725 0.00000000
28.28987700 -10.65202725 0.00000000
30.74992620 -10.65202725 0.00000000
33.20997540 -10.65202725 0.00000000
35.67002460 -10.65202725 0.00000000
38.12990160 -10.65202725 0.00000000
25.83000000 -9.23171718 0.00000000
28.29004920 -9.23171718 0.00000000
30.74992620 -9.23171718 0.00000000
33.20997540 -9.23171718 0.00000000
35.66996720 -9.23171718 0.00000000
38.12990160 -9.23171718 0.00000000
40.58995080 -9.23171718 0.00000000
24.59988930 -8.52171128 0.00000000
27.05993850 -8.52171128 0.00000000
29.51981550 -8.52171128 0.00000000
31.97986470 -8.52171128 0.00000000
34.43991390 -8.52171128 0.00000000
36.89996310 -8.52171128 0.00000000
39.35984010 -8.52171128 0.00000000
27.05993850 -7.10140121 0.00000000
29.51998770 -7.10140121 0.00000000
31.97986470 -7.10140121 0.00000000
34.43991390 -7.10140121 0.00000000
36.89990570 -7.10140121 0.00000000
39.35984010 -7.10140121 0.00000000
41.81988930 -7.10140121 0.00000000
25.82991390 -6.39124617 0.00000000
28.28996310 -6.39124617 0.00000000
30.74984010 -6.39124617 0.00000000
33.20988930 -6.39124617 0.00000000
35.66993850 -6.39124617 0.00000000
38.12998770 -6.39124617 0.00000000
40.58986470 -6.39124617 0.00000000
28.28996310 -4.97093611 0.00000000
30.75001230 -4.97093611 0.00000000
33.20988930 -4.97093611 0.00000000
35.66993850 -4.97093611 0.00000000
38.12993030 -4.97093611 0.00000000
40.58986470 -4.97093611 0.00000000
43.04991390 -4.97093611 0.00000000
27.05993850 -4.26078107 0.00000000
29.51998770 -4.26078107 0.00000000
31.97986470 -4.26078107 0.00000000
34.43991390 -4.26078107 0.00000000
36.89996310 -4.26078107 0.00000000
39.36001230 -4.26078107 0.00000000
41.81988930 -4.26078107 0.00000000
29.51995900 -2.84052071 0.00000000
31.98000820 -2.84052071 0.00000000
34.43988520 -2.84052071 0.00000000
36.89993440 -2.84052071 0.00000000
39.35992620 -2.84052071 0.00000000
41.81986060 -2.84052071 0.00000000
44.27990980 -2.84052071 0.00000000
28.28996310 -2.13031597 0.00000000
30.75001230 -2.13031597 0.00000000
33.20988930 -2.13031597 0.00000000
35.66993850 -2.13031597 0.00000000
38.12998770 -2.13031597 0.00000000
40.59003690 -2.13031597 0.00000000
43.04991390 -2.13031597 0.00000000
30.74992620 -0.71015503 0.00000000
33.20997540 -0.71015503 0.00000000
35.66985240 -0.71015503 0.00000000
38.12990160 -0.71015503 0.00000000
40.58989340 -0.71015503 0.00000000
43.04982780 -0.71015503 0.00000000
45.50987700 -0.71015503 0.00000000
0.00000000 0.00000000 0.00000000
29.51990160 0.00000000 0.00000000
31.97995080 0.00000000 0.00000000
34.43982780 0.00000000 0.00000000
36.89987700 0.00000000 0.00000000
39.35992620 0.00000000 0.00000000
41.81997540 0.00000000 0.00000000
44.27985240 0.00000000 0.00000000
31.97995080 1.42031007 0.00000000
34.44000000 1.42031007 0.00000000
36.89987700 1.42031007 0.00000000
39.35992620 1.42031007 0.00000000
41.81991800 1.42031007 0.00000000
44.27985240 1.42031007 0.00000000
46.73990160 1.42031007 0.00000000
