12.29990160 -12.78249235 0.00000000
14.75995080 -12.78249235 0.00000000
17.22000000 -12.78249235 0.00000000
19.68004920 -12.78249235 0.00000000
22.13992620 -12.78249235 0.00000000
7.37997540 -12.78249235 0.00000000
9.84002460 -12.78249235 0.00000000
12.30007380 -11.36218228 0.00000000
14.75995080 -11.36218228 0.00000000
17.22000000 -11.36218228 0.00000000
19.67999180 -11.36218228 0.00000000
22.13992620 -11.36218228 0.00000000
24.59997540 -11.36218228 0.00000000
9.84002460 -11.36218228 0.00000000
11.07004920 -10.65202725 0.00000000
13.52992620 -10.65202725 0.00000000
15.98997540 -10.65202725 0.00000000
18.45002460 -10.65202725 0.00000000
20.91007380 -10.65202725 0.00000000
23.36995080 -10.65202725 0.00000000
8.61000000 -10.65202725 0.00000000
11.07004920 -9.23171718 0.00000000
13.53009840 -9.23171718 0.00000000
15.98997540 -9.23171718 0.00000000
18.45002460 -9.23171718 0.00000000
20.91001640 -9.23171718 0.00000000
23.36995080 -9.23171718 0.00000000
25.83000000 -9.23171718 0.00000000
12.29998770 -8.52171128 0.00000000
14.75986470 -8.52171128 0.00000000
17.21991390 -8.52171128 0.00000000
19.67996310 -8.52171128 0.00000000
22.14001230 -8.52171128 0.00000000
24.59988930 -8.52171128 0.00000000
9.83993850 -8.52171128 0.00000000
12.29998770 -7.10140121 0.00000000
14.76003690 -7.10140121 0.00000000
17.21991390 -7.10140121 0.00000000
19.67996310 -7.10140121 0.00000000
22.13995490 -7.10140121 0.00000000
24.59988930 -7.10140121 0.00000000
27.05993850 -7.10140121 0.00000000
11.06996310 -6.39124617 0.00000000
13.53001230 -6.39124617 0.00000000
15.98988930 -6.39124617 0.00000000
18.44993850 -6.39124617 0.00000000
20.90998770 -6.39124617 0.00000000
23.37003690 -6.39124617 0.00000000
25.82991390 -6.39124617 0.00000000
13.53001230 -4.97093611 0.00000000
15.99006150 -4.97093611 0.00000000
18.44993850 -4.97093611 0.00000000
20.90998770 -4.97093611 0.00000000
23.36997950 -4.97093611 0.00000000
25.82991390 -4.97093611 0.00000000
28.28996310 -4.97093611 0.00000000
12.29998770 -4.26078107 0.00000000
14.76003690 -4.26078107 0.00000000
17.21991390 -4.26078107 0.00000000
19.67996310 -4.26078107 0.00000000
22.14001230 -4.26078107 0.00000000
24.60006150 -4.26078107 0.00000000
27.05993850 -4.26078107 0.00000000
14.76000820 -2.84052071 0.00000000
17.22005740 -2.84052071 0.00000000
19.67993440 -2.84052071 0.00000000
22.13998360 -2.84052071 0.00000000
24.59997540 -2.84052071 0.00000000
27.05990980 -2.84052071 0.00000000
29.51995900 -2.84052071 0.00000000
13.53001230 -2.13031597 0.00000000
15.99006150 -2.13031597 0.00000000
18.44993850 -2.13031597 0.00000000
20.90998770 -2.13031597 0.00000000
23.37003690 -2.13031597 0.00000000
25.83008610 -2.13031597 0.00000000
28.28996310 -2.13031597 0.00000000
15.98997540 -0.71015503 0.00000000
18.45002460 -0.71015503 0.00000000
20.90990160 -0.71015503 0.00000000
23.36995080 -0.71015503 0.00000000
25.82994260 -0.71015503 0.00000000
28.28987700 -0.71015503 0.00000000
30.74992620 -0.71015503 0.00000000
0.00000000 0.00000000 0.00000000
14.75995080 0.00000000 0.00000000
17.22000000 0.00000000 0.00000000
19.67987700 0.00000000 0.00000000
22.13992620 0.00000000 0.00000000
24.59997540 0.00000000 0.00000000
27.06002460 0.00000000 0.00000000
29.51990160 0.00000000 0.00000000
17.22000000 1.42031007 0.00000000
19.68004920 1.42031007 0.00000000
22.13992620 1.42031007 0.00000000
24.59997540 1.42031007 0.00000000
27.05996720 1.42031007 0.00000000
29.51990160 1.42031007 0.00000000
31.97995080 1.42031007 0.00000000
