0.00000000 0.00000000 0.00000000
12.29990160 12.78249235 0.00000000
14.75995080 12.78249235 0.00000000
17.22000000 12.78249235 0.00000000
19.68004920 12.78249235 0.00000000
22.13992620 12.78249235 0.00000000
7.37997540 12.78249235 0.00000000
9.84002460 12.78249235 0.00000000
12.30007380 14.20280242 0.00000000
14.75995080 14.20280242 0.00000000
17.22000000 14.20280242 0.00000000
19.67999180 14.20280242 0.00000000
22.13992620 14.20280242 0.00000000
24.59997540 14.20280242 0.00000000
9.84002460 14.20280242 0.00000000
11.07004920 14.91295745 0.00000000
13.52992620 14.91295745 0.00000000
15.98997540 14.91295745 0.00000000
18.45002460 14.91295745 0.00000000
20.91007380 14.91295745 0.00000000
23.36995080 14.91295745 0.00000000
8.61000000 14.91295745 0.00000000
11.07004920 16.33326752 0.00000000
13.53009840 16.33326752 0.00000000
15.98997540 16.33326752 0.00000000
18.45002460 16.33326752 0.00000000
20.91001640 16.33326752 0.00000000
23.36995080 16.33326752 0.00000000
25.83000000 16.33326752 0.00000000
12.29998770 17.04327342 0.00000000
14.75986470 17.04327342 0.00000000
17.21991390 17.04327342 0.00000000
19.67996310 17.04327342 0.00000000
22.14001230 17.04327342 0.00000000
24.59988930 17.04327342 0.00000000
9.83993850 17.04327342 0.00000000
12.29998770 18.46358349 0.00000000
14.76003690 18.46358349 0.00000000
17.21991390 18.46358349 0.00000000
19.67996310 18.46358349 0.00000000
22.13995490 18.46358349 0.00000000
24.59988930 18.46358349 0.00000000
27.05993850 18.46358349 0.00000000
11.06996310 19.17373853 0.00000000
13.53001230 19.17373853 0.00000000
15.98988930 19.17373853 0.00000000
18.44993850 19.17373853 0.00000000
20.90998770 19.17373853 0.00000000
23.37003690 19.17373853 0.00000000
25.82991390 19.17373853 0.00000000
13.53001230 20.59404859 0.00000000
15.99006150 20.59404859 0.00000000
18.44993850 20.59404859 0.00000000
20.90998770 20.59404859 0.00000000
23.36997950 20.59404859 0.00000000
25.82991390 20.59404859 0.00000000
28.28996310 20.59404859 0.00000000
12.29998770 21.30420363 0.00000000
14.76003690 21.30420363 0.00000000
17.21991390 21.30420363 0.00000000
19.67996310 21.30420363 0.00000000
22.14001230 21.30420363 0.00000000
24.60006150 21.30420363 0.00000000
27.05993850 21.30420363 0.00000000
14.76000820 22.72446399 0.00000000
17.22005740 22.72446399 0.00000000
19.67993440 22.72446399 0.00000000
22.13998360 22.72446399 0.00000000
24.59997540 22.72446399 0.00000000
27.05990980 22.72446399 0.00000000
29.51995900 22.72446399 0.00000000
13.53001230 23.43466873 0.00000000
15.99006150 23.43466873 0.00000000
18.44993850 23.43466873 0.00000000
20.90998770 23.43466873 0.00000000
23.37003690 23.43466873 0.00000000
25.83008610 23.43466873 0.00000000
28.28996310 23.43466873 0.00000000
15.98997540 24.85482967 0.00000000
18.45002460 24.85482967 0.00000000
20.90990160 24.85482967 0.00000000
23.36995080 24.85482967 0.00000000
25.82994260 24.85482967 0.00000000
28.28987700 24.85482967 0.00000000
30.74992620 24.85482967 0.00000000
14.75995080 25.56498470 0.00000000
17.22000000 25.56498470 0.00000000
19.67987700 25.56498470 0.00000000
22.13992620 25.56498470 0.00000000
24.59997540 25.56498470 0.00000000
27.06002460 25.56498470 0.00000000
29.51990160 25.56498470 0.00000000
17.22000000 26.98529477 0.00000000
19.68004920 26.98529477 0.00000000
22.13992620 26.98529477 0.00000000
24.59997540 26.98529477 0.00000000
27.05996720 26.98529477 0.00000000
29.51990160 26.98529477 0.00000000
31.97995080 26.98529477 0.00000000
