0.00000000 -25.56498470 0.00000000
-12.29990160 -25.56498470 0.00000000
-14.75995080 -25.56498470 0.00000000
-2.45987700 -25.56498470 0.00000000
-4.91992620 -25.56498470 0.00000000
-7.37997540 -25.56498470 0.00000000
-9.84002460 -25.56498470 0.00000000
0.00000000 -24.14467463 0.00000000
-12.29990160 -24.14467463 0.00000000
-2.45993440 -24.14467463 0.00000000
2.46004920 -24.14467463 0.00000000
-4.91992620 -24.14467463 0.00000000
-7.37997540 -24.14467463 0.00000000
-9.83985240 -24.14467463 0.00000000
-11.06987700 -23.43451960 0.00000000
-1.22985240 -23.43451960 0.00000000
1.23002460 -23.43451960 0.00000000
-13.52992620 -23.43451960 0.00000000
-3.68990160 -23.43451960 0.00000000
-6.14995080 -23.43451960 0.00000000
-8.61000000 -23.43451960 0.00000000
-11.06987700 -22.01420953 0.00000000
-1.22990980 -22.01420953 0.00000000
1.23002460 -22.01420953 0.00000000
-3.68990160 -22.01420953 0.00000000
3.69007380 -22.01420953 0.00000000
-6.14995080 -22.01420953 0.00000000
-8.60982780 -22.01420953 0.00000000
0.00008610 -21.30420363 0.00000000
-12.29998770 -21.30420363 0.00000000
-2.45996310 -21.30420363 0.00000000
2.45996310 -21.30420363 0.00000000
-4.92001230 -21.30420363 0.00000000
-7.38006150 -21.30420363 0.00000000
-9.83993850 -21.30420363 0.00000000
0.00002870 -19.88389356 0.00000000
-2.45996310 -19.88389356 0.00000000
2.45996310 -19.88389356 0.00000000
-4.92001230 -19.88389356 0.00000000
4.92001230 -19.88389356 0.00000000
-7.37988930 -19.88389356 0.00000000
-9.83993850 -19.88389356 0.00000000
-11.06996310 -19.17373852 0.00000000
-1.22993850 -19.17373852 0.00000000
1.23011070 -19.17373852 0.00000000
-3.68998770 -19.17373852 0.00000000
3.68998770 -19.17373852 0.00000000
-6.15003690 -19.17373852 0.00000000
-8.60991390 -19.17373852 0.00000000
-1.22993850 -17.75342846 0.00000000
1.23005330 -17.75342846 0.00000000
-3.68998770 -17.75342846 0.00000000
3.68998770 -17.75342846 0.00000000
-6.14986470 -17.75342846 0.00000000
6.15003690 -17.75342846 0.00000000
-8.60991390 -17.75342846 0.00000000
0.00008610 -17.04327342 0.00000000
-2.45996310 -17.04327342 0.00000000
2.46013530 -17.04327342 0.00000000
-4.92001230 -17.04327342 0.00000000
4.92001230 -17.04327342 0.00000000
-7.37988930 -17.04327342 0.00000000
-9.83993850 -17.04327342 0.00000000
0.00005740 -15.62301306 0.00000000
-2.45999180 -15.62301306 0.00000000
2.46004920 -15.62301306 0.00000000
-4.91986880 -15.62301306 0.00000000
4.91998360 -15.62301306 0.00000000
-7.37991800 -15.62301306 0.00000000
7.38003280 -15.62301306 0.00000000
-1.22993850 -14.91280832 0.00000000
1.23011070 -14.91280832 0.00000000
-3.68998770 -14.91280832 0.00000000
3.69015990 -14.91280832 0.00000000
-6.14986470 -14.91280832 0.00000000
6.15003690 -14.91280832 0.00000000
-8.60991390 -14.91280832 0.00000000
-1.23002460 -13.49264738 0.00000000
1.23002460 -13.49264738 0.00000000
-3.68990160 -13.49264738 0.00000000
3.69001640 -13.49264738 0.00000000
-6.14995080 -13.49264738 0.00000000
6.14995080 -13.49264738 0.00000000
8.61000000 -13.49264738 0.00000000
0.00000000 -12.78249235 0.00000000
-2.46004920 -12.78249235 0.00000000
2.46004920 -12.78249235 0.00000000
-4.91992620 -12.78249235 0.00000000
4.92009840 -12.78249235 0.00000000
-7.37997540 -12.78249235 0.00000000
7.37997540 -12.78249235 0.00000000
0.00000000 -11.36218228 0.00000000
-2.45987700 -11.36218228 0.00000000
2.46004920 -11.36218228 0.00000000
-4.91992620 -11.36218228 0.00000000
4.92004100 -11.36218228 0.00000000
7.37997540 -11.36218228 0.00000000
9.84002460 -11.36218228 0.00000000
0.00000000 0.00000000 0.00000000
