0.00000000 0.00000000 0.00000000
14.75995080 0.00000000 0.00000000
17.22000000 0.00000000 0.00000000
19.67987700 0.00000000 0.00000000
22.13992620 0.00000000 0.00000000
24.59997540 0.00000000 0.00000000
27.06002460 0.00000000 0.00000000
29.51990160 0.00000000 0.00000000
17.22000000 1.42031007 0.00000000
19.68004920 1.42031007 0.00000000
22.13992620 1.42031007 0.00000000
24.59997540 1.42031007 0.00000000
27.05996720 1.42031007 0.00000000
29.51990160 1.42031007 0.00000000
31.97995080 1.42031007 0.00000000
15.98997540 2.13046510 0.00000000
18.45002460 2.13046510 0.00000000
20.90990160 2.13046510 0.00000000
23.36995080 2.13046510 0.00000000
25.83000000 2.13046510 0.00000000
28.29004920 2.13046510 0.00000000
30.74992620 2.13046510 0.00000000
18.45002460 3.55077517 0.00000000
20.91007380 3.55077517 0.00000000
23.36995080 3.55077517 0.00000000
25.83000000 3.55077517 0.00000000
28.28999180 3.55077517 0.00000000
30.74992620 3.55077517 0.00000000
33.20997540 3.55077517 0.00000000
17.21991390 4.26078107 0.00000000
19.67996310 4.26078107 0.00000000
22.13984010 4.26078107 0.00000000
24.59988930 4.26078107 0.00000000
27.05993850 4.26078107 0.00000000
29.51998770 4.26078107 0.00000000
31.97986470 4.26078107 0.00000000
19.67996310 5.68109114 0.00000000
22.14001230 5.68109114 0.00000000
24.59988930 5.68109114 0.00000000
27.05993850 5.68109114 0.00000000
29.51993030 5.68109114 0.00000000
31.97986470 5.68109114 0.00000000
34.43991390 5.68109114 0.00000000
18.44993850 6.39124618 0.00000000
20.90998770 6.39124618 0.00000000
23.36986470 6.39124618 0.00000000
25.82991390 6.39124618 0.00000000
28.28996310 6.39124618 0.00000000
30.75001230 6.39124618 0.00000000
33.20988930 6.39124618 0.00000000
20.90998770 7.81155624 0.00000000
23.37003690 7.81155624 0.00000000
25.82991390 7.81155624 0.00000000
28.28996310 7.81155624 0.00000000
30.74995490 7.81155624 0.00000000
33.20988930 7.81155624 0.00000000
35.66993850 7.81155624 0.00000000
19.67996310 8.52171128 0.00000000
22.14001230 8.52171128 0.00000000
24.59988930 8.52171128 0.00000000
27.05993850 8.52171128 0.00000000
29.51998770 8.52171128 0.00000000
31.98003690 8.52171128 0.00000000
34.43991390 8.52171128 0.00000000
22.13998360 9.94197164 0.00000000
24.60003280 9.94197164 0.00000000
27.05990980 9.94197164 0.00000000
29.51995900 9.94197164 0.00000000
31.97995080 9.94197164 0.00000000
34.43988520 9.94197164 0.00000000
36.89993440 9.94197164 0.00000000
20.90998770 10.65217638 0.00000000
23.37003690 10.65217638 0.00000000
25.82991390 10.65217638 0.00000000
28.28996310 10.65217638 0.00000000
30.75001230 10.65217638 0.00000000
33.21006150 10.65217638 0.00000000
35.66993850 10.65217638 0.00000000
23.36995080 12.07233732 0.00000000
25.83000000 12.07233732 0.00000000
28.28987700 12.07233732 0.00000000
30.74992620 12.07233732 0.00000000
33.20991800 12.07233732 0.00000000
35.66985240 12.07233732 0.00000000
38.12990160 12.07233732 0.00000000
22.13992620 12.78249235 0.00000000
24.59997540 12.78249235 0.00000000
27.05985240 12.78249235 0.00000000
29.51990160 12.78249235 0.00000000
31.97995080 12.78249235 0.00000000
34.44000000 12.78249235 0.00000000
36.89987700 12.78249235 0.00000000
24.59997540 14.20280242 0.00000000
27.06002460 14.20280242 0.00000000
29.51990160 14.20280242 0.00000000
31.97995080 14.20280242 0.00000000
34.43994260 14.20280242 0.00000000
36.89987700 14.20280242 0.00000000
39.35992620 14.20280242 0.00000000
