0.00000000 0.00000000 0.00000000
29.51990160 0.00000000 0.00000000
31.97995080 0.00000000 0.00000000
34.43982780 0.00000000 0.00000000
36.89987700 0.00000000 0.00000000
39.35992620 0.00000000 0.00000000
41.81997540 0.00000000 0.00000000
44.27985240 0.00000000 0.00000000
31.97995080 1.42031007 0.00000000
34.44000000 1.42031007 0.00000000
36.89987700 1.42031007 0.00000000
39.35992620 1.42031007 0.00000000
41.81991800 1.42031007 0.00000000
44.27985240 1.42031007 0.00000000
46.73990160 1.42031007 0.00000000
30.74992620 2.13046510 0.00000000
33.20997540 2.13046510 0.00000000
35.66985240 2.13046510 0.00000000
38.12990160 2.13046510 0.00000000
40.58995080 2.13046510 0.00000000
43.05000000 2.13046510 0.00000000
45.50987700 2.13046510 0.00000000
33.20997540 3.55077517 0.00000000
35.67002460 3.55077517 0.00000000
38.12990160 3.55077517 0.00000000
40.58995080 3.55077517 0.00000000
43.04994260 3.55077517 0.00000000
45.50987700 3.55077517 0.00000000
47.96992620 3.55077517 0.00000000
31.97986470 4.26078107 0.00000000
34.43991390 4.26078107 0.00000000
36.89979090 4.26078107 0.00000000
39.35984010 4.26078107 0.00000000
41.81988930 4.26078107 0.00000000
44.27993850 4.26078107 0.00000000
46.73981550 4.26078107 0.00000000
34.43991390 5.68109114 0.00000000
36.89996310 5.68109114 0.00000000
39.35984010 5.68109114 0.00000000
41.81988930 5.68109114 0.00000000
44.27988110 5.68109114 0.00000000
46.73981550 5.68109114 0.00000000
49.19986470 5.68109114 0.00000000
33.20988930 6.39124618 0.00000000
35.66993850 6.39124618 0.00000000
38.12981550 6.39124618 0.00000000
40.58986470 6.39124618 0.00000000
43.04991390 6.39124618 0.00000000
45.50996310 6.39124618 0.00000000
47.96984010 6.39124618 0.00000000
35.66993850 7.81155624 0.00000000
38.12998770 7.81155624 0.00000000
40.58986470 7.81155624 0.00000000
43.04991390 7.81155624 0.00000000
45.50990570 7.81155624 0.00000000
47.96984010 7.81155624 0.00000000
50.42988930 7.81155624 0.00000000
34.43991390 8.52171128 0.00000000
36.89996310 8.52171128 0.00000000
39.35984010 8.52171128 0.00000000
41.81988930 8.52171128 0.00000000
44.27993850 8.52171128 0.00000000
46.73998770 8.52171128 0.00000000
49.19986470 8.52171128 0.00000000
36.89993440 9.94197164 0.00000000
39.35998360 9.94197164 0.00000000
41.81986060 9.94197164 0.00000000
44.27990980 9.94197164 0.00000000
46.73990160 9.94197164 0.00000000
49.19983600 9.94197164 0.00000000
51.65988520 9.94197164 0.00000000
35.66993850 10.65217638 0.00000000
38.12998770 10.65217638 0.00000000
40.58986470 10.65217638 0.00000000
43.04991390 10.65217638 0.00000000
45.50996310 10.65217638 0.00000000
47.97001230 10.65217638 0.00000000
50.42988930 10.65217638 0.00000000
38.12990160 12.07233732 0.00000000
40.58995080 12.07233732 0.00000000
43.04982780 12.07233732 0.00000000
45.50987700 12.07233732 0.00000000
47.96986880 12.07233732 0.00000000
50.42980320 12.07233732 0.00000000
52.88985240 12.07233732 0.00000000
36.89987700 12.78249235 0.00000000
39.35992620 12.78249235 0.00000000
41.81980320 12.78249235 0.00000000
44.27985240 12.78249235 0.00000000
46.73990160 12.78249235 0.00000000
49.19995080 12.78249235 0.00000000
51.65982780 12.78249235 0.00000000
39.35992620 14.20280242 0.00000000
41.81997540 14.20280242 0.00000000
44.27985240 14.20280242 0.00000000
46.73990160 14.20280242 0.00000000
49.19989340 14.20280242 0.00000000
51.65982780 14.20280242 0.00000000
54.11987700 14.20280242 0.00000000
