0.00000000 0.00000000 0.00000000
0.00000000 25.56498470 0.00000000
-12.29990160 25.56498470 0.00000000
-14.75995080 25.56498470 0.00000000
-2.45987700 25.56498470 0.00000000
-4.91992620 25.56498470 0.00000000
-7.37997540 25.56498470 0.00000000
-9.84002460 25.56498470 0.00000000
0.00000000 26.98529477 0.00000000
-12.29990160 26.98529477 0.00000000
-2.45993440 26.98529477 0.00000000
2.46004920 26.98529477 0.00000000
-4.91992620 26.98529477 0.00000000
-7.37997540 26.98529477 0.00000000
-9.83985240 26.98529477 0.00000000
-11.06987700 27.69544980 0.00000000
-1.22985240 27.69544980 0.00000000
1.23002460 27.69544980 0.00000000
-13.52992620 27.69544980 0.00000000
-3.68990160 27.69544980 0.00000000
-6.14995080 27.69544980 0.00000000
-8.61000000 27.69544980 0.00000000
-11.06987700 29.11575987 0.00000000
-1.22990980 29.11575987 0.00000000
1.23002460 29.11575987 0.00000000
-3.68990160 29.11575987 0.00000000
3.69007380 29.11575987 0.00000000
-6.14995080 29.11575987 0.00000000
-8.60982780 29.11575987 0.00000000
0.00008610 29.82576577 0.00000000
-12.29998770 29.82576577 0.00000000
-2.45996310 29.82576577 0.00000000
2.45996310 29.82576577 0.00000000
-4.92001230 29.82576577 0.00000000
-7.38006150 29.82576577 0.00000000
-9.83993850 29.82576577 0.00000000
0.00002870 31.24607584 0.00000000
-2.45996310 31.24607584 0.00000000
2.45996310 31.24607584 0.00000000
-4.92001230 31.24607584 0.00000000
4.92001230 31.24607584 0.00000000
-7.37988930 31.24607584 0.00000000
-9.83993850 31.24607584 0.00000000
-11.06996310 31.95623088 0.00000000
-1.22993850 31.95623088 0.00000000
1.23011070 31.95623088 0.00000000
-3.68998770 31.95623088 0.00000000
3.68998770 31.95623088 0.00000000
-6.15003690 31.95623088 0.00000000
-8.60991390 31.95623088 0.00000000
-1.22993850 33.37654094 0.00000000
1.23005330 33.37654094 0.00000000
-3.68998770 33.37654094 0.00000000
3.68998770 33.37654094 0.00000000
-6.14986470 33.37654094 0.00000000
6.15003690 33.37654094 0.00000000
-8.60991390 33.37654094 0.00000000
0.00008610 34.08669598 0.00000000
-2.45996310 34.08669598 0.00000000
2.46013530 34.08669598 0.00000000
-4.92001230 34.08669598 0.00000000
4.92001230 34.08669598 0.00000000
-7.37988930 34.08669598 0.00000000
-9.83993850 34.08669598 0.00000000
0.00005740 35.50695634 0.00000000
-2.45999180 35.50695634 0.00000000
2.46004920 35.50695634 0.00000000
-4.91986880 35.50695634 0.00000000
4.91998360 35.50695634 0.00000000
-7.37991800 35.50695634 0.00000000
7.38003280 35.50695634 0.00000000
-1.22993850 36.21716108 0.00000000
1.23011070 36.21716108 0.00000000
-3.68998770 36.21716108 0.00000000
3.69015990 36.21716108 0.00000000
-6.14986470 36.21716108 0.00000000
6.15003690 36.21716108 0.00000000
-8.60991390 36.21716108 0.00000000
-1.23002460 37.63732202 0.00000000
1.23002460 37.63732202 0.00000000
-3.68990160 37.63732202 0.00000000
3.69001640 37.63732202 0.00000000
-6.14995080 37.63732202 0.00000000
6.14995080 37.63732202 0.00000000
8.61000000 37.63732202 0.00000000
0.00000000 38.34747705 0.00000000
-2.46004920 38.34747705 0.00000000
2.46004920 38.34747705 0.00000000
-4.91992620 38.34747705 0.00000000
4.92009840 38.34747705 0.00000000
-7.37997540 38.34747705 0.00000000
7.37997540 38.34747705 0.00000000
0.00000000 39.76778712 0.00000000
-2.45987700 39.76778712 0.00000000
2.46004920 39.76778712 0.00000000
-4.91992620 39.76778712 0.00000000
4.92004100 39.76778712 0.00000000
7.37997540 39.76778712 0.00000000
9.84002460 39.76778712 0.00000000
