0.00000000 0.00000000 0.00000000
22.13992620 12.78249235 0.00000000
24.59997540 12.78249235 0.00000000
27.05985240 12.78249235 0.00000000
29.51990160 12.78249235 0.00000000
31.97995080 12.78249235 0.00000000
34.44000000 12.78249235 0.00000000
36.89987700 12.78249235 0.00000000
24.59997540 14.20280242 0.00000000
27.06002460 14.20280242 0.00000000
29.51990160 14.20280242 0.00000000
31.97995080 14.20280242 0.00000000
34.43994260 14.20280242 0.00000000
36.89987700 14.20280242 0.00000000
39.35992620 14.20280242 0.00000000
23.36995080 14.91295745 0.00000000
25.83000000 14.91295745 0.00000000
28.28987700 14.91295745 0.00000000
30.74992620 14.91295745 0.00000000
33.20997540 14.91295745 0.00000000
35.67002460 14.91295745 0.00000000
38.12990160 14.91295745 0.00000000
25.83000000 16.33326752 0.00000000
28.29004920 16.33326752 0.00000000
30.74992620 16.33326752 0.00000000
33.20997540 16.33326752 0.00000000
35.66996720 16.33326752 0.00000000
38.12990160 16.33326752 0.00000000
40.58995080 16.33326752 0.00000000
24.59988930 17.04327342 0.00000000
27.05993850 17.04327342 0.00000000
29.51981550 17.04327342 0.00000000
31.97986470 17.04327342 0.00000000
34.43991390 17.04327342 0.00000000
36.89996310 17.04327342 0.00000000
39.35984010 17.04327342 0.00000000
27.05993850 18.46358349 0.00000000
29.51998770 18.46358349 0.00000000
31.97986470 18.46358349 0.00000000
34.43991390 18.46358349 0.00000000
36.89990570 18.46358349 0.00000000
39.35984010 18.46358349 0.00000000
41.81988930 18.46358349 0.00000000
25.82991390 19.17373853 0.00000000
28.28996310 19.17373853 0.00000000
30.74984010 19.17373853 0.00000000
33.20988930 19.17373853 0.00000000
35.66993850 19.17373853 0.00000000
38.12998770 19.17373853 0.00000000
40.58986470 19.17373853 0.00000000
28.28996310 20.59404859 0.00000000
30.75001230 20.59404859 0.00000000
33.20988930 20.59404859 0.00000000
35.66993850 20.59404859 0.00000000
38.12993030 20.59404859 0.00000000
40.58986470 20.59404859 0.00000000
43.04991390 20.59404859 0.00000000
27.05993850 21.30420363 0.00000000
29.51998770 21.30420363 0.00000000
31.97986470 21.30420363 0.00000000
34.43991390 21.30420363 0.00000000
36.89996310 21.30420363 0.00000000
39.36001230 21.30420363 0.00000000
41.81988930 21.30420363 0.00000000
29.51995900 22.72446399 0.00000000
31.98000820 22.72446399 0.00000000
34.43988520 22.72446399 0.00000000
36.89993440 22.72446399 0.00000000
39.35992620 22.72446399 0.00000000
41.81986060 22.72446399 0.00000000
44.27990980 22.72446399 0.00000000
28.28996310 23.43466873 0.00000000
30.75001230 23.43466873 0.00000000
33.20988930 23.43466873 0.00000000
35.66993850 23.43466873 0.00000000
38.12998770 23.43466873 0.00000000
40.59003690 23.43466873 0.00000000
43.04991390 23.43466873 0.00000000
30.74992620 24.85482967 0.00000000
33.20997540 24.85482967 0.00000000
35.66985240 24.85482967 0.00000000
38.12990160 24.85482967 0.00000000
40.58989340 24.85482967 0.00000000
43.04982780 24.85482967 0.00000000
45.50987700 24.85482967 0.00000000
29.51990160 25.56498470 0.00000000
31.97995080 25.56498470 0.00000000
34.43982780 25.56498470 0.00000000
36.89987700 25.56498470 0.00000000
39.35992620 25.56498470 0.00000000
41.81997540 25.56498470 0.00000000
44.27985240 25.56498470 0.00000000
31.97995080 26.98529477 0.00000000
34.44000000 26.98529477 0.00000000
36.89987700 26.98529477 0.00000000
39.35992620 26.98529477 0.00000000
41.81991800 26.98529477 0.00000000
44.27985240 26.98529477 0.00000000
46.73990160 26.98529477 0.00000000
