0.00000000 -12.78249235 0.00000000
-2.46004920 -12.78249235 0.00000000
2.46004920 -12.78249235 0.00000000
-4.91992620 -12.78249235 0.00000000
4.92009840 -12.78249235 0.00000000
-7.37997540 -12.78249235 0.00000000
7.37997540 -12.78249235 0.00000000
0.00000000 -11.36218228 0.00000000
-2.45987700 -11.36218228 0.00000000
2.46004920 -11.36218228 0.00000000
-4.91992620 -11.36218228 0.00000000
4.92004100 -11.36218228 0.00000000
7.37997540 -11.36218228 0.00000000
9.84002460 -11.36218228 0.00000000
-1.23002460 -10.65202725 0.00000000
1.23002460 -10.65202725 0.00000000
-3.68990160 -10.65202725 0.00000000
3.69007380 -10.65202725 0.00000000
-6.14995080 -10.65202725 0.00000000
6.15012300 -10.65202725 0.00000000
8.61000000 -10.65202725 0.00000000
11.07004920 -9.23171718 0.00000000
-1.22985240 -9.23171718 0.00000000
1.23002460 -9.23171718 0.00000000
-3.68990160 -9.23171718 0.00000000
3.69007380 -9.23171718 0.00000000
6.15006560 -9.23171718 0.00000000
8.61000000 -9.23171718 0.00000000
-0.00008610 -8.52171128 0.00000000
-2.45996310 -8.52171128 0.00000000
2.45996310 -8.52171128 0.00000000
-4.92001230 -8.52171128 0.00000000
4.92001230 -8.52171128 0.00000000
7.38006150 -8.52171128 0.00000000
9.83993850 -8.52171128 0.00000000
0.00008610 -7.10140121 0.00000000
12.29998770 -7.10140121 0.00000000
-2.45996310 -7.10140121 0.00000000
2.45996310 -7.10140121 0.00000000
4.92001230 -7.10140121 0.00000000
7.38000410 -7.10140121 0.00000000
9.83993850 -7.10140121 0.00000000
11.06996310 -6.39124617 0.00000000
-1.22993850 -6.39124617 0.00000000
1.22993850 -6.39124617 0.00000000
-3.68998770 -6.39124617 0.00000000
3.68998770 -6.39124617 0.00000000
6.15003690 -6.39124617 0.00000000
8.61008610 -6.39124617 0.00000000
11.06996310 -4.97093611 0.00000000
-1.22993850 -4.97093611 0.00000000
1.23011070 -4.97093611 0.00000000
13.53001230 -4.97093611 0.00000000
3.68998770 -4.97093611 0.00000000
6.15003690 -4.97093611 0.00000000
8.61002870 -4.97093611 0.00000000
0.00008610 -4.26078107 0.00000000
12.29998770 -4.26078107 0.00000000
-2.45996310 -4.26078107 0.00000000
2.45996310 -4.26078107 0.00000000
4.92001230 -4.26078107 0.00000000
7.38006150 -4.26078107 0.00000000
9.84011070 -4.26078107 0.00000000
0.00005740 -2.84052071 0.00000000
12.29995900 -2.84052071 0.00000000
14.76000820 -2.84052071 0.00000000
2.46010660 -2.84052071 0.00000000
4.91998360 -2.84052071 0.00000000
7.38003280 -2.84052071 0.00000000
9.84002460 -2.84052071 0.00000000
11.07013530 -2.13031597 0.00000000
-1.22993850 -2.13031597 0.00000000
1.23011070 -2.13031597 0.00000000
13.53001230 -2.13031597 0.00000000
3.68998770 -2.13031597 0.00000000
6.15003690 -2.13031597 0.00000000
8.61008610 -2.13031597 0.00000000
11.06999180 -0.71015503 0.00000000
1.23002460 -0.71015503 0.00000000
13.52992620 -0.71015503 0.00000000
15.98997540 -0.71015503 0.00000000
3.69007380 -0.71015503 0.00000000
6.14995080 -0.71015503 0.00000000
8.61000000 -0.71015503 0.00000000
0.00000000 0.00000000 0.00000000
12.30007380 0.00000000 0.00000000
14.75995080 0.00000000 0.00000000
2.46004920 0.00000000 0.00000000
4.91992620 0.00000000 0.00000000
7.37997540 0.00000000 0.00000000
9.84002460 0.00000000 0.00000000
12.30001640 1.42031007 0.00000000
14.75995080 1.42031007 0.00000000
17.22000000 1.42031007 0.00000000
2.46004920 1.42031007 0.00000000
4.92009840 1.42031007 0.00000000
7.37997540 1.42031007 0.00000000
9.84002460 1.42031007 0.00000000
