0.00000000 0.00000000 0.00000000
29.51990160 25.56498470 0.00000000
31.97995080 25.56498470 0.00000000
34.43982780 25.56498470 0.00000000
36.89987700 25.56498470 0.00000000
39.35992620 25.56498470 0.00000000
41.81997540 25.56498470 0.00000000
44.27985240 25.56498470 0.00000000
31.97995080 26.98529477 0.00000000
34.44000000 26.98529477 0.00000000
36.89987700 26.98529477 0.00000000
39.35992620 26.98529477 0.00000000
41.81991800 26.98529477 0.00000000
44.27985240 26.98529477 0.00000000
46.73990160 26.98529477 0.00000000
30.74992620 27.69544980 0.00000000
33.20997540 27.69544980 0.00000000
35.66985240 27.69544980 0.00000000
38.12990160 27.69544980 0.00000000
40.58995080 27.69544980 0.00000000
43.05000000 27.69544980 0.00000000
45.50987700 27.69544980 0.00000000
33.20997540 29.11575987 0.00000000
35.67002460 29.11575987 0.00000000
38.12990160 29.11575987 0.00000000
40.58995080 29.11575987 0.00000000
43.04994260 29.11575987 0.00000000
45.50987700 29.11575987 0.00000000
47.96992620 29.11575987 0.00000000
31.97986470 29.82576577 0.00000000
34.43991390 29.82576577 0.00000000
36.89979090 29.82576577 0.00000000
39.35984010 29.82576577 0.00000000
41.81988930 29.82576577 0.00000000
44.27993850 29.82576577 0.00000000
46.73981550 29.82576577 0.00000000
34.43991390 31.24607584 0.00000000
36.89996310 31.24607584 0.00000000
39.35984010 31.24607584 0.00000000
41.81988930 31.24607584 0.00000000
44.27988110 31.24607584 0.00000000
46.73981550 31.24607584 0.00000000
49.19986470 31.24607584 0.00000000
33.20988930 31.95623088 0.00000000
35.66993850 31.95623088 0.00000000
38.12981550 31.95623088 0.00000000
40.58986470 31.95623088 0.00000000
43.04991390 31.95623088 0.00000000
45.50996310 31.95623088 0.00000000
47.96984010 31.95623088 0.00000000
35.66993850 33.37654094 0.00000000
38.12998770 33.37654094 0.00000000
40.58986470 33.37654094 0.00000000
43.04991390 33.37654094 0.00000000
45.50990570 33.37654094 0.00000000
47.96984010 33.37654094 0.00000000
50.42988930 33.37654094 0.00000000
34.43991390 34.08669598 0.00000000
36.89996310 34.08669598 0.00000000
39.35984010 34.08669598 0.00000000
41.81988930 34.08669598 0.00000000
44.27993850 34.08669598 0.00000000
46.73998770 34.08669598 0.00000000
49.19986470 34.08669598 0.00000000
36.89993440 35.50695634 0.00000000
39.35998360 35.50695634 0.00000000
41.81986060 35.50695634 0.00000000
44.27990980 35.50695634 0.00000000
46.73990160 35.50695634 0.00000000
49.19983600 35.50695634 0.00000000
51.65988520 35.50695634 0.00000000
35.66993850 36.21716108 0.00000000
38.12998770 36.21716108 0.00000000
40.58986470 36.21716108 0.00000000
43.04991390 36.21716108 0.00000000
45.50996310 36.21716108 0.00000000
47.97001230 36.21716108 0.00000000
50.42988930 36.21716108 0.00000000
38.12990160 37.63732202 0.00000000
40.58995080 37.63732202 0.00000000
43.04982780 37.63732202 0.00000000
45.50987700 37.63732202 0.00000000
47.96986880 37.63732202 0.00000000
50.42980320 37.63732202 0.00000000
52.88985240 37.63732202 0.00000000
36.89987700 38.34747705 0.00000000
39.35992620 38.34747705 0.00000000
41.81980320 38.34747705 0.00000000
44.27985240 38.34747705 0.00000000
46.73990160 38.34747705 0.00000000
49.19995080 38.34747705 0.00000000
51.65982780 38.34747705 0.00000000
39.35992620 39.76778712 0.00000000
41.81997540 39.76778712 0.00000000
44.27985240 39.76778712 0.00000000
46.73990160 39.76778712 0.00000000
49.19989340 39.76778712 0.00000000
51.65982780 39.76778712 0.00000000
54.11987700 39.76778712 0.00000000
