-14.75995080 -25.56498470 0.00000000
-17.21982780 -25.56498470 0.00000000
-19.67987700 -25.56498470 0.00000000
-22.13992620 -25.56498470 0.00000000
-24.59997540 -25.56498470 0.00000000
-27.05985240 -25.56498470 0.00000000
-29.51990160 -25.56498470 0.00000000
-12.29990160 -24.14467463 0.00000000
-14.75995080 -24.14467463 0.00000000
-17.21988520 -24.14467463 0.00000000
-19.67987700 -24.14467463 0.00000000
-22.13992620 -24.14467463 0.00000000
-24.59980320 -24.14467463 0.00000000
-27.05985240 -24.14467463 0.00000000
-13.52992620 -23.43451960 0.00000000
-15.98980320 -23.43451960 0.00000000
-18.44985240 -23.43451960 0.00000000
-20.90990160 -23.43451960 0.00000000
-23.36995080 -23.43451960 0.00000000
-25.82982780 -23.43451960 0.00000000
-28.28987700 -23.43451960 0.00000000
-11.06987700 -22.01420953 0.00000000
-13.52992620 -22.01420953 0.00000000
-15.98986060 -22.01420953 0.00000000
-18.44985240 -22.01420953 0.00000000
-20.90990160 -22.01420953 0.00000000
-23.36977860 -22.01420953 0.00000000
-25.82982780 -22.01420953 0.00000000
-12.29998770 -21.30420363 0.00000000
-14.75986470 -21.30420363 0.00000000
-17.21991390 -21.30420363 0.00000000
-19.67996310 -21.30420363 0.00000000
-22.14001230 -21.30420363 0.00000000
-24.59988930 -21.30420363 0.00000000
-27.05993850 -21.30420363 0.00000000
-12.29998770 -19.88389356 0.00000000
-14.75992210 -19.88389356 0.00000000
-17.21991390 -19.88389356 0.00000000
-19.67996310 -19.88389356 0.00000000
-22.13984010 -19.88389356 0.00000000
-24.59988930 -19.88389356 0.00000000
-9.83993850 -19.88389356 0.00000000
-11.06996310 -19.17373852 0.00000000
-13.52984010 -19.17373852 0.00000000
-15.98988930 -19.17373852 0.00000000
-18.44993850 -19.17373852 0.00000000
-20.90998770 -19.17373852 0.00000000
-23.36986470 -19.17373852 0.00000000
-25.82991390 -19.17373852 0.00000000
-11.06996310 -17.75342846 0.00000000
-13.52989750 -17.75342846 0.00000000
-15.98988930 -17.75342846 0.00000000
-18.44993850 -17.75342846 0.00000000
-20.90981550 -17.75342846 0.00000000
-23.36986470 -17.75342846 0.00000000
-8.60991390 -17.75342846 0.00000000
-12.29981550 -17.04327342 0.00000000
-14.75986470 -17.04327342 0.00000000
-17.21991390 -17.04327342 0.00000000
-19.67996310 -17.04327342 0.00000000
-22.13984010 -17.04327342 0.00000000
-24.59988930 -17.04327342 0.00000000
-9.83993850 -17.04327342 0.00000000
-12.29990160 -15.62301306 0.00000000
-14.75989340 -15.62301306 0.00000000
-17.21994260 -15.62301306 0.00000000
-19.67981960 -15.62301306 0.00000000
-22.13986880 -15.62301306 0.00000000
-7.37991800 -15.62301306 0.00000000
-9.83996720 -15.62301306 0.00000000
-11.06979090 -14.91280832 0.00000000
-13.52984010 -14.91280832 0.00000000
-15.98988930 -14.91280832 0.00000000
-18.44993850 -14.91280832 0.00000000
-20.90981550 -14.91280832 0.00000000
-23.36986470 -14.91280832 0.00000000
-8.60991390 -14.91280832 0.00000000
-11.06993440 -13.49264738 0.00000000
-13.52992620 -13.49264738 0.00000000
-15.98997540 -13.49264738 0.00000000
-18.44985240 -13.49264738 0.00000000
-20.90990160 -13.49264738 0.00000000
-6.14995080 -13.49264738 0.00000000
-8.61000000 -13.49264738 0.00000000
-12.29990160 -12.78249235 0.00000000
-14.75995080 -12.78249235 0.00000000
-17.22000000 -12.78249235 0.00000000
-19.67987700 -12.78249235 0.00000000
-22.13992620 -12.78249235 0.00000000
-7.37997540 -12.78249235 0.00000000
-9.83985240 -12.78249235 0.00000000
-12.29990160 -11.36218228 0.00000000
-14.75995080 -11.36218228 0.00000000
-17.21982780 -11.36218228 0.00000000
-19.67987700 -11.36218228 0.00000000
-4.91992620 -11.36218228 0.00000000
-7.37997540 -11.36218228 0.00000000
-9.83990980 -11.36218228 0.00000000
0.00000000 0.00000000 0.00000000
