

 C                  0.00000000    0.00000000    0.00000000
 C                  2.46004920    1.42031007    0.00000000
 C                  2.46004920    0.00000000    0.00000000
 C                  4.92009840    1.42031007    0.00000000
 C                  4.91992620    0.00000000    0.00000000
 C                  7.37997540    1.42031007    0.00000000
 C                  7.37997540    0.00000000    0.00000000
 C                  9.84002460    1.42031007    0.00000000
 C                  9.84002460    0.00000000    0.00000000
 C                 12.30001640    1.42031007    0.00000000
 C                 12.30007380    0.00000000    0.00000000
 C                 14.75995080    1.42031007    0.00000000
 C                 14.75995080    0.00000000    0.00000000
 C                 17.22000000    1.42031007    0.00000000
 C                  1.23002460    2.13046510    0.00000000
 C                  3.69007380    3.55077517    0.00000000
 C                  3.69007380    2.13046510    0.00000000
 C                  6.15012300    3.55077517    0.00000000
 C                  6.14995080    2.13046510    0.00000000
 C                  8.61000000    3.55077517    0.00000000
 C                  8.61000000    2.13046510    0.00000000
 C                 11.07004920    3.55077517    0.00000000
 C                 11.07004920    2.13046510    0.00000000
 C                 13.53004100    3.55077517    0.00000000
 C                 13.53009840    2.13046510    0.00000000
 C                 15.98997540    3.55077517    0.00000000
 C                 15.98997540    2.13046510    0.00000000
 C                 18.45002460    3.55077517    0.00000000
 C                  2.45996310    4.26078107    0.00000000
 C                  4.92001230    5.68109114    0.00000000
 C                  4.92001230    4.26078107    0.00000000
 C                  7.38006150    5.68109114    0.00000000
 C                  7.37988930    4.26078107    0.00000000
 C                  9.83993850    5.68109114    0.00000000
 C                  9.83993850    4.26078107    0.00000000
 C                 12.29998770    5.68109114    0.00000000
 C                 12.29998770    4.26078107    0.00000000
 C                 14.75997950    5.68109114    0.00000000
 C                 14.76003690    4.26078107    0.00000000
 C                 17.21991390    5.68109114    0.00000000
 C                 17.21991390    4.26078107    0.00000000
 C                 19.67996310    5.68109114    0.00000000
 C                  3.68998770    6.39124618    0.00000000
 C                  6.15003690    7.81155624    0.00000000
 C                  6.15003690    6.39124618    0.00000000
 C                  8.61008610    7.81155624    0.00000000
 C                  8.60991390    6.39124618    0.00000000
 C                 11.06996310    7.81155624    0.00000000
 C                 11.06996310    6.39124618    0.00000000
 C                 13.53001230    7.81155624    0.00000000
 C                 13.53001230    6.39124618    0.00000000
 C                 15.99000410    7.81155624    0.00000000
 C                 15.99006150    6.39124618    0.00000000
 C                 18.44993850    7.81155624    0.00000000
 C                 18.44993850    6.39124618    0.00000000
 C                 20.90998770    7.81155624    0.00000000
 C                  4.92001230    8.52171128    0.00000000
 C                  7.38003280    9.94197164    0.00000000
 C                  7.38006150    8.52171128    0.00000000
 C                  9.84008200    9.94197164    0.00000000
 C                  9.83993850    8.52171128    0.00000000
 C                 12.29995900    9.94197164    0.00000000
 C                 12.29998770    8.52171128    0.00000000
 C                 14.76000820    9.94197164    0.00000000
 C                 14.76003690    8.52171128    0.00000000
 C                 17.22000000    9.94197164    0.00000000
 C                 17.22008610    8.52171128    0.00000000
 C                 19.67993440    9.94197164    0.00000000
 C                 19.67996310    8.52171128    0.00000000
 C                 22.13998360    9.94197164    0.00000000
 C                  6.15003690   10.65217638    0.00000000
 C                  8.61000000   12.07233732    0.00000000
 C                  8.61008610   10.65217638    0.00000000
 C                 11.07004920   12.07233732    0.00000000
 C                 11.06996310   10.65217638    0.00000000
 C                 13.52992620   12.07233732    0.00000000
 C                 13.53001230   10.65217638    0.00000000
 C                 15.98997540   12.07233732    0.00000000
 C                 15.99006150   10.65217638    0.00000000
 C                 18.44996720   12.07233732    0.00000000
 C                 18.45011070   10.65217638    0.00000000
 C                 20.90990160   12.07233732    0.00000000
 C                 20.90998770   10.65217638    0.00000000
 C                 23.36995080   12.07233732    0.00000000
 C                  7.37997540   12.78249235    0.00000000
 C                  9.84002460   14.20280242    0.00000000
 C                  9.84002460   12.78249235    0.00000000
 C                 12.30007380   14.20280242    0.00000000
 C                 12.29990160   12.78249235    0.00000000
 C                 14.75995080   14.20280242    0.00000000
 C                 14.75995080   12.78249235    0.00000000
 C                 17.22000000   14.20280242    0.00000000
 C                 17.22000000   12.78249235    0.00000000
 C                 19.67999180   14.20280242    0.00000000
 C                 19.68004920   12.78249235    0.00000000
 C                 22.13992620   14.20280242    0.00000000
 C                 22.13992620   12.78249235    0.00000000
 C                 24.59997540   14.20280242    0.00000000
 C	-14.7599508 0.000000 0.000000
 C	-12.2999016 1.42031007 0.000000
 C	-12.2999016 0.000000 0.000000
 C	-9.8398524 1.42031007 0.000000
 C	-9.8400246 0.000000 0.000000
 C	-7.3799754 1.42031007 0.000000
 C	-7.3799754 0.000000 0.000000
 C	-4.9199262 1.42031007 0.000000
 C	-4.9199262 0.000000 0.000000
 C	-2.4599344 1.42031007 0.000000
 C	-2.459877 0.000000 0.000000
 C	0.000000 1.42031007 0.000000
 C	0.000000 0.000000 0.000000
 C	2.4600492 1.42031007 0.000000
 C	-13.5299262 2.1304651 0.000000
 C	-11.069877 3.55077517 0.000000
 C	-11.069877 2.1304651 0.000000
 C	-8.6098278 3.55077517 0.000000
 C	-8.61 2.1304651 0.000000
 C	-6.1499508 3.55077517 0.000000
 C	-6.1499508 2.1304651 0.000000
 C	-3.6899016 3.55077517 0.000000
 C	-3.6899016 2.1304651 0.000000
 C	-1.2299098 3.55077517 0.000000
 C	-1.2298524 2.1304651 0.000000
 C	1.2300246 3.55077517 0.000000
 C	1.2300246 2.1304651 0.000000
 C	3.6900738 3.55077517 0.000000
 C	-12.2999877 4.26078107 0.000000
 C	-9.8399385 5.68109114 0.000000
 C	-9.8399385 4.26078107 0.000000
 C	-7.3798893 5.68109114 0.000000
 C	-7.3800615 4.26078107 0.000000
 C	-4.9200123 5.68109114 0.000000
 C	-4.9200123 4.26078107 0.000000
 C	-2.4599631 5.68109114 0.000000
 C	-2.4599631 4.26078107 0.000000
 C	2.87e-05 5.68109114 0.000000
 C	8.61e-05 4.26078107 0.000000
 C	2.4599631 5.68109114 0.000000
 C	2.4599631 4.26078107 0.000000
 C	4.9200123 5.68109114 0.000000
 C	-11.0699631 6.39124618 0.000000
 C	-8.6099139 7.81155624 0.000000
 C	-8.6099139 6.39124618 0.000000
 C	-6.1498647 7.81155624 0.000000
 C	-6.1500369 6.39124618 0.000000
 C	-3.6899877 7.81155624 0.000000
 C	-3.6899877 6.39124618 0.000000
 C	-1.2299385 7.81155624 0.000000
 C	-1.2299385 6.39124618 0.000000
 C	1.2300533 7.81155624 0.000000
 C	1.2301107 6.39124618 0.000000
 C	3.6899877 7.81155624 0.000000
 C	3.6899877 6.39124618 0.000000
 C	6.1500369 7.81155624 0.000000
 C	-9.8399385 8.52171128 0.000000
 C	-7.379918 9.94197164 0.000000
 C	-7.3798893 8.52171128 0.000000
 C	-4.9198688 9.94197164 0.000000
 C	-4.9200123 8.52171128 0.000000
 C	-2.4599918 9.94197164 0.000000
 C	-2.4599631 8.52171128 0.000000
 C	5.74e-05 9.94197164 0.000000
 C	8.61e-05 8.52171128 0.000000
 C	2.4600492 9.94197164 0.000000
 C	2.4601353 8.52171128 0.000000
 C	4.9199836 9.94197164 0.000000
 C	4.9200123 8.52171128 0.000000
 C	7.3800328 9.94197164 0.000000
 C	-8.6099139 10.65217638 0.000000
 C	-6.1499508 12.07233732 0.000000
 C	-6.1498647 10.65217638 0.000000
 C	-3.6899016 12.07233732 0.000000
 C	-3.6899877 10.65217638 0.000000
 C	-1.2300246 12.07233732 0.000000
 C	-1.2299385 10.65217638 0.000000
 C	1.2300246 12.07233732 0.000000
 C	1.2301107 10.65217638 0.000000
 C	3.6900164 12.07233732 0.000000
 C	3.6901599 10.65217638 0.000000
 C	6.1499508 12.07233732 0.000000
 C	6.1500369 10.65217638 0.000000
 C	8.61 12.07233732 0.000000
 C	-7.3799754 12.78249235 0.000000
 C	-4.9199262 14.20280242 0.000000
 C	-4.9199262 12.78249235 0.000000
 C	-2.459877 14.20280242 0.000000
 C	-2.4600492 12.78249235 0.000000
 C	0.000000 14.20280242 0.000000
 C	0.000000 12.78249235 0.000000
 C	2.4600492 14.20280242 0.000000
 C	2.4600492 12.78249235 0.000000
 C	4.920041 14.20280242 0.000000
 C	4.9200984 12.78249235 0.000000
 C	7.3799754 14.20280242 0.000000
 C	7.3799754 12.78249235 0.000000
 C	9.8400246 14.20280242 0.000000
