0.00000000 -25.56498470 0.00000000
12.30007380 -25.56498470 0.00000000
14.75995080 -25.56498470 0.00000000
2.46004920 -25.56498470 0.00000000
4.91992620 -25.56498470 0.00000000
7.37997540 -25.56498470 0.00000000
9.84002460 -25.56498470 0.00000000
12.30001640 -24.14467463 0.00000000
14.75995080 -24.14467463 0.00000000
17.22000000 -24.14467463 0.00000000
2.46004920 -24.14467463 0.00000000
4.92009840 -24.14467463 0.00000000
7.37997540 -24.14467463 0.00000000
9.84002460 -24.14467463 0.00000000
11.07004920 -23.43451960 0.00000000
1.23002460 -23.43451960 0.00000000
13.53009840 -23.43451960 0.00000000
15.98997540 -23.43451960 0.00000000
3.69007380 -23.43451960 0.00000000
6.14995080 -23.43451960 0.00000000
8.61000000 -23.43451960 0.00000000
11.07004920 -22.01420953 0.00000000
13.53004100 -22.01420953 0.00000000
15.98997540 -22.01420953 0.00000000
18.45002460 -22.01420953 0.00000000
3.69007380 -22.01420953 0.00000000
6.15012300 -22.01420953 0.00000000
8.61000000 -22.01420953 0.00000000
12.29998770 -21.30420363 0.00000000
14.76003690 -21.30420363 0.00000000
17.21991390 -21.30420363 0.00000000
2.45996310 -21.30420363 0.00000000
4.92001230 -21.30420363 0.00000000
7.37988930 -21.30420363 0.00000000
9.83993850 -21.30420363 0.00000000
12.29998770 -19.88389356 0.00000000
14.75997950 -19.88389356 0.00000000
17.21991390 -19.88389356 0.00000000
19.67996310 -19.88389356 0.00000000
4.92001230 -19.88389356 0.00000000
7.38006150 -19.88389356 0.00000000
9.83993850 -19.88389356 0.00000000
11.06996310 -19.17373852 0.00000000
13.53001230 -19.17373852 0.00000000
15.99006150 -19.17373852 0.00000000
18.44993850 -19.17373852 0.00000000
3.68998770 -19.17373852 0.00000000
6.15003690 -19.17373852 0.00000000
8.60991390 -19.17373852 0.00000000
11.06996310 -17.75342846 0.00000000
13.53001230 -17.75342846 0.00000000
15.99000410 -17.75342846 0.00000000
18.44993850 -17.75342846 0.00000000
20.90998770 -17.75342846 0.00000000
6.15003690 -17.75342846 0.00000000
8.61008610 -17.75342846 0.00000000
12.29998770 -17.04327342 0.00000000
14.76003690 -17.04327342 0.00000000
17.22008610 -17.04327342 0.00000000
19.67996310 -17.04327342 0.00000000
4.92001230 -17.04327342 0.00000000
7.38006150 -17.04327342 0.00000000
9.83993850 -17.04327342 0.00000000
12.29995900 -15.62301306 0.00000000
14.76000820 -15.62301306 0.00000000
17.22000000 -15.62301306 0.00000000
19.67993440 -15.62301306 0.00000000
22.13998360 -15.62301306 0.00000000
7.38003280 -15.62301306 0.00000000
9.84008200 -15.62301306 0.00000000
11.06996310 -14.91280832 0.00000000
13.53001230 -14.91280832 0.00000000
15.99006150 -14.91280832 0.00000000
18.45011070 -14.91280832 0.00000000
20.90998770 -14.91280832 0.00000000
6.15003690 -14.91280832 0.00000000
8.61008610 -14.91280832 0.00000000
11.07004920 -13.49264738 0.00000000
13.52992620 -13.49264738 0.00000000
15.98997540 -13.49264738 0.00000000
18.44996720 -13.49264738 0.00000000
20.90990160 -13.49264738 0.00000000
23.36995080 -13.49264738 0.00000000
8.61000000 -13.49264738 0.00000000
12.29990160 -12.78249235 0.00000000
14.75995080 -12.78249235 0.00000000
17.22000000 -12.78249235 0.00000000
19.68004920 -12.78249235 0.00000000
22.13992620 -12.78249235 0.00000000
7.37997540 -12.78249235 0.00000000
9.84002460 -12.78249235 0.00000000
12.30007380 -11.36218228 0.00000000
14.75995080 -11.36218228 0.00000000
17.22000000 -11.36218228 0.00000000
19.67999180 -11.36218228 0.00000000
22.13992620 -11.36218228 0.00000000
24.59997540 -11.36218228 0.00000000
9.84002460 -11.36218228 0.00000000
0.00000000 0.00000000 0.00000000
