0.00000000 0.00000000 0.00000000
0.00000000 25.56498470 0.00000000
12.30007380 25.56498470 0.00000000
14.75995080 25.56498470 0.00000000
2.46004920 25.56498470 0.00000000
4.91992620 25.56498470 0.00000000
7.37997540 25.56498470 0.00000000
9.84002460 25.56498470 0.00000000
12.30001640 26.98529477 0.00000000
14.75995080 26.98529477 0.00000000
17.22000000 26.98529477 0.00000000
2.46004920 26.98529477 0.00000000
4.92009840 26.98529477 0.00000000
7.37997540 26.98529477 0.00000000
9.84002460 26.98529477 0.00000000
11.07004920 27.69544980 0.00000000
1.23002460 27.69544980 0.00000000
13.53009840 27.69544980 0.00000000
15.98997540 27.69544980 0.00000000
3.69007380 27.69544980 0.00000000
6.14995080 27.69544980 0.00000000
8.61000000 27.69544980 0.00000000
11.07004920 29.11575987 0.00000000
13.53004100 29.11575987 0.00000000
15.98997540 29.11575987 0.00000000
18.45002460 29.11575987 0.00000000
3.69007380 29.11575987 0.00000000
6.15012300 29.11575987 0.00000000
8.61000000 29.11575987 0.00000000
12.29998770 29.82576577 0.00000000
14.76003690 29.82576577 0.00000000
17.21991390 29.82576577 0.00000000
2.45996310 29.82576577 0.00000000
4.92001230 29.82576577 0.00000000
7.37988930 29.82576577 0.00000000
9.83993850 29.82576577 0.00000000
12.29998770 31.24607584 0.00000000
14.75997950 31.24607584 0.00000000
17.21991390 31.24607584 0.00000000
19.67996310 31.24607584 0.00000000
4.92001230 31.24607584 0.00000000
7.38006150 31.24607584 0.00000000
9.83993850 31.24607584 0.00000000
11.06996310 31.95623088 0.00000000
13.53001230 31.95623088 0.00000000
15.99006150 31.95623088 0.00000000
18.44993850 31.95623088 0.00000000
3.68998770 31.95623088 0.00000000
6.15003690 31.95623088 0.00000000
8.60991390 31.95623088 0.00000000
11.06996310 33.37654094 0.00000000
13.53001230 33.37654094 0.00000000
15.99000410 33.37654094 0.00000000
18.44993850 33.37654094 0.00000000
20.90998770 33.37654094 0.00000000
6.15003690 33.37654094 0.00000000
8.61008610 33.37654094 0.00000000
12.29998770 34.08669598 0.00000000
14.76003690 34.08669598 0.00000000
17.22008610 34.08669598 0.00000000
19.67996310 34.08669598 0.00000000
4.92001230 34.08669598 0.00000000
7.38006150 34.08669598 0.00000000
9.83993850 34.08669598 0.00000000
12.29995900 35.50695634 0.00000000
14.76000820 35.50695634 0.00000000
17.22000000 35.50695634 0.00000000
19.67993440 35.50695634 0.00000000
22.13998360 35.50695634 0.00000000
7.38003280 35.50695634 0.00000000
9.84008200 35.50695634 0.00000000
11.06996310 36.21716108 0.00000000
13.53001230 36.21716108 0.00000000
15.99006150 36.21716108 0.00000000
18.45011070 36.21716108 0.00000000
20.90998770 36.21716108 0.00000000
6.15003690 36.21716108 0.00000000
8.61008610 36.21716108 0.00000000
11.07004920 37.63732202 0.00000000
13.52992620 37.63732202 0.00000000
15.98997540 37.63732202 0.00000000
18.44996720 37.63732202 0.00000000
20.90990160 37.63732202 0.00000000
23.36995080 37.63732202 0.00000000
8.61000000 37.63732202 0.00000000
12.29990160 38.34747705 0.00000000
14.75995080 38.34747705 0.00000000
17.22000000 38.34747705 0.00000000
19.68004920 38.34747705 0.00000000
22.13992620 38.34747705 0.00000000
7.37997540 38.34747705 0.00000000
9.84002460 38.34747705 0.00000000
12.30007380 39.76778712 0.00000000
14.75995080 39.76778712 0.00000000
17.22000000 39.76778712 0.00000000
19.67999180 39.76778712 0.00000000
22.13992620 39.76778712 0.00000000
24.59997540 39.76778712 0.00000000
9.84002460 39.76778712 0.00000000
