0.00000000 0.00000000 0.00000000
-12.29990160 12.78249235 0.00000000
-14.75995080 12.78249235 0.00000000
-17.22000000 12.78249235 0.00000000
-19.67987700 12.78249235 0.00000000
-22.13992620 12.78249235 0.00000000
-7.37997540 12.78249235 0.00000000
-9.83985240 12.78249235 0.00000000
-12.29990160 14.20280242 0.00000000
-14.75995080 14.20280242 0.00000000
-17.21982780 14.20280242 0.00000000
-19.67987700 14.20280242 0.00000000
-4.91992620 14.20280242 0.00000000
-7.37997540 14.20280242 0.00000000
-9.83990980 14.20280242 0.00000000
-11.06987700 14.91295745 0.00000000
-13.52992620 14.91295745 0.00000000
-15.98997540 14.91295745 0.00000000
-18.44985240 14.91295745 0.00000000
-20.90990160 14.91295745 0.00000000
-6.14995080 14.91295745 0.00000000
-8.60982780 14.91295745 0.00000000
-11.06987700 16.33326752 0.00000000
-13.52992620 16.33326752 0.00000000
-15.98980320 16.33326752 0.00000000
-18.44985240 16.33326752 0.00000000
-3.68990160 16.33326752 0.00000000
-6.14995080 16.33326752 0.00000000
-8.60988520 16.33326752 0.00000000
-12.29998770 17.04327342 0.00000000
-14.76003690 17.04327342 0.00000000
-17.21991390 17.04327342 0.00000000
-19.67996310 17.04327342 0.00000000
-4.92001230 17.04327342 0.00000000
-7.37988930 17.04327342 0.00000000
-9.83993850 17.04327342 0.00000000
-12.29998770 18.46358349 0.00000000
-14.75986470 18.46358349 0.00000000
-17.21991390 18.46358349 0.00000000
-2.45996310 18.46358349 0.00000000
-4.92001230 18.46358349 0.00000000
-7.37994670 18.46358349 0.00000000
-9.83993850 18.46358349 0.00000000
-11.06996310 19.17373853 0.00000000
-13.53001230 19.17373853 0.00000000
-15.98988930 19.17373853 0.00000000
-18.44993850 19.17373853 0.00000000
-3.68998770 19.17373853 0.00000000
-6.14986470 19.17373853 0.00000000
-8.60991390 19.17373853 0.00000000
-11.06996310 20.59404859 0.00000000
-1.22993850 20.59404859 0.00000000
-13.52984010 20.59404859 0.00000000
-15.98988930 20.59404859 0.00000000
-3.68998770 20.59404859 0.00000000
-6.14992210 20.59404859 0.00000000
-8.60991390 20.59404859 0.00000000
-12.29998770 21.30420363 0.00000000
-14.75986470 21.30420363 0.00000000
-17.21991390 21.30420363 0.00000000
-2.45996310 21.30420363 0.00000000
-4.91984010 21.30420363 0.00000000
-7.37988930 21.30420363 0.00000000
-9.83993850 21.30420363 0.00000000
0.00005740 22.72446399 0.00000000
-12.29984420 22.72446399 0.00000000
-14.75989340 22.72446399 0.00000000
-2.45999180 22.72446399 0.00000000
-4.91992620 22.72446399 0.00000000
-7.37991800 22.72446399 0.00000000
-9.83996720 22.72446399 0.00000000
-11.06996310 23.43466873 0.00000000
-1.22993850 23.43466873 0.00000000
-13.52984010 23.43466873 0.00000000
-15.98988930 23.43466873 0.00000000
-3.68981550 23.43466873 0.00000000
-6.14986470 23.43466873 0.00000000
-8.60991390 23.43466873 0.00000000
-11.06987700 24.85482967 0.00000000
-1.23002460 24.85482967 0.00000000
1.23002460 24.85482967 0.00000000
-13.52992620 24.85482967 0.00000000
-3.68995900 24.85482967 0.00000000
-6.14995080 24.85482967 0.00000000
-8.61000000 24.85482967 0.00000000
0.00000000 25.56498470 0.00000000
-12.29990160 25.56498470 0.00000000
-14.75995080 25.56498470 0.00000000
-2.45987700 25.56498470 0.00000000
-4.91992620 25.56498470 0.00000000
-7.37997540 25.56498470 0.00000000
-9.84002460 25.56498470 0.00000000
0.00000000 26.98529477 0.00000000
-12.29990160 26.98529477 0.00000000
-2.45993440 26.98529477 0.00000000
2.46004920 26.98529477 0.00000000
-4.91992620 26.98529477 0.00000000
-7.37997540 26.98529477 0.00000000
-9.83985240 26.98529477 0.00000000
