0.00000000 0.00000000 0.00000000
44.27985240 25.56498470 0.00000000
46.73990160 25.56498470 0.00000000
49.19977860 25.56498470 0.00000000
51.65982780 25.56498470 0.00000000
54.11987700 25.56498470 0.00000000
56.57992620 25.56498470 0.00000000
59.03980320 25.56498470 0.00000000
46.73990160 26.98529477 0.00000000
49.19995080 26.98529477 0.00000000
51.65982780 26.98529477 0.00000000
54.11987700 26.98529477 0.00000000
56.57986880 26.98529477 0.00000000
59.03980320 26.98529477 0.00000000
61.49985240 26.98529477 0.00000000
45.50987700 27.69544980 0.00000000
47.96992620 27.69544980 0.00000000
50.42980320 27.69544980 0.00000000
52.88985240 27.69544980 0.00000000
55.34990160 27.69544980 0.00000000
57.80995080 27.69544980 0.00000000
60.26982780 27.69544980 0.00000000
47.96992620 29.11575987 0.00000000
50.42997540 29.11575987 0.00000000
52.88985240 29.11575987 0.00000000
55.34990160 29.11575987 0.00000000
57.80989340 29.11575987 0.00000000
60.26982780 29.11575987 0.00000000
62.72987700 29.11575987 0.00000000
46.73981550 29.82576577 0.00000000
49.19986470 29.82576577 0.00000000
51.65974170 29.82576577 0.00000000
54.11979090 29.82576577 0.00000000
56.57984010 29.82576577 0.00000000
59.03988930 29.82576577 0.00000000
61.49976630 29.82576577 0.00000000
49.19986470 31.24607584 0.00000000
51.65991390 31.24607584 0.00000000
54.11979090 31.24607584 0.00000000
56.57984010 31.24607584 0.00000000
59.03983190 31.24607584 0.00000000
61.49976630 31.24607584 0.00000000
63.95981550 31.24607584 0.00000000
47.96984010 31.95623088 0.00000000
50.42988930 31.95623088 0.00000000
52.88976630 31.95623088 0.00000000
55.34981550 31.95623088 0.00000000
57.80986470 31.95623088 0.00000000
60.26991390 31.95623088 0.00000000
62.72979090 31.95623088 0.00000000
50.42988930 33.37654094 0.00000000
52.88993850 33.37654094 0.00000000
55.34981550 33.37654094 0.00000000
57.80986470 33.37654094 0.00000000
60.26985650 33.37654094 0.00000000
62.72979090 33.37654094 0.00000000
65.18984010 33.37654094 0.00000000
49.19986470 34.08669598 0.00000000
51.65991390 34.08669598 0.00000000
54.11979090 34.08669598 0.00000000
56.57984010 34.08669598 0.00000000
59.03988930 34.08669598 0.00000000
61.49993850 34.08669598 0.00000000
63.95981550 34.08669598 0.00000000
51.65988520 35.50695634 0.00000000
54.11993440 35.50695634 0.00000000
56.57981140 35.50695634 0.00000000
59.03986060 35.50695634 0.00000000
61.49985240 35.50695634 0.00000000
63.95978680 35.50695634 0.00000000
66.41983600 35.50695634 0.00000000
50.42988930 36.21716108 0.00000000
52.88993850 36.21716108 0.00000000
55.34981550 36.21716108 0.00000000
57.80986470 36.21716108 0.00000000
60.26991390 36.21716108 0.00000000
62.72996310 36.21716108 0.00000000
65.18984010 36.21716108 0.00000000
52.88985240 37.63732202 0.00000000
55.34990160 37.63732202 0.00000000
57.80977860 37.63732202 0.00000000
60.26982780 37.63732202 0.00000000
62.72981960 37.63732202 0.00000000
65.18975400 37.63732202 0.00000000
67.64980320 37.63732202 0.00000000
51.65982780 38.34747705 0.00000000
54.11987700 38.34747705 0.00000000
56.57975400 38.34747705 0.00000000
59.03980320 38.34747705 0.00000000
61.49985240 38.34747705 0.00000000
63.95990160 38.34747705 0.00000000
66.41977860 38.34747705 0.00000000
54.11987700 39.76778712 0.00000000
56.57992620 39.76778712 0.00000000
59.03980320 39.76778712 0.00000000
61.49985240 39.76778712 0.00000000
63.95984420 39.76778712 0.00000000
66.41977860 39.76778712 0.00000000
68.87982780 39.76778712 0.00000000
