 C     7.3799754 12.78249235 0.00000000
 C     9.8400246 14.20280242 0.00000000
 C     9.8400246 12.78249235 0.00000000
 C     12.3000738 14.20280242 0.00000000
 C     12.2999016 12.78249235 0.00000000
 C     14.7599508 14.20280242 0.00000000
 C     14.7599508 12.78249235 0.00000000
 C     17.22 14.20280242 0.00000000
 C     17.22 12.78249235 0.00000000
 C     19.6799918 14.20280242 0.00000000
 C     19.6800492 12.78249235 0.00000000
 C     22.1399262 14.20280242 0.00000000
 C     22.1399262 12.78249235 0.00000000
 C     24.5999754 14.20280242 0.00000000
 C     8.61 14.91295745 0.00000000
 C     11.0700492 16.33326752 0.00000000
 C     11.0700492 14.91295745 0.00000000
 C     13.5300984 16.33326752 0.00000000
 C     13.5299262 14.91295745 0.00000000
 C     15.9899754 16.33326752 0.00000000
 C     15.9899754 14.91295745 0.00000000
 C     18.4500246 16.33326752 0.00000000
 C     18.4500246 14.91295745 0.00000000
 C     20.9100164 16.33326752 0.00000000
 C     20.9100738 14.91295745 0.00000000
 C     23.3699508 16.33326752 0.00000000
 C     23.3699508 14.91295745 0.00000000
 C     25.83 16.33326752 0.00000000
 C     9.8399385 17.04327342 0.00000000
 C     12.2999877 18.46358349 0.00000000
 C     12.2999877 17.04327342 0.00000000
 C     14.7600369 18.46358349 0.00000000
 C     14.7598647 17.04327342 0.00000000
 C     17.2199139 18.46358349 0.00000000
 C     17.2199139 17.04327342 0.00000000
 C     19.6799631 18.46358349 0.00000000
 C     19.6799631 17.04327342 0.00000000
 C     22.1399549 18.46358349 0.00000000
 C     22.1400123 17.04327342 0.00000000
 C     24.5998893 18.46358349 0.00000000
 C     24.5998893 17.04327342 0.00000000
 C     27.0599385 18.46358349 0.00000000
 C     11.0699631 19.17373853 0.00000000
 C     13.5300123 20.59404859 0.00000000
 C     13.5300123 19.17373853 0.00000000
 C     15.9900615 20.59404859 0.00000000
 C     15.9898893 19.17373853 0.00000000
 C     18.4499385 20.59404859 0.00000000
 C     18.4499385 19.17373853 0.00000000
 C     20.9099877 20.59404859 0.00000000
 C     20.9099877 19.17373853 0.00000000
 C     23.3699795 20.59404859 0.00000000
 C     23.3700369 19.17373853 0.00000000
 C     25.8299139 20.59404859 0.00000000
 C     25.8299139 19.17373853 0.00000000
 C     28.2899631 20.59404859 0.00000000
 C     12.2999877 21.30420363 0.00000000
 C     14.7600082 22.72446399 0.00000000
 C     14.7600369 21.30420363 0.00000000
 C     17.2200574 22.72446399 0.00000000
 C     17.2199139 21.30420363 0.00000000
 C     19.6799344 22.72446399 0.00000000
 C     19.6799631 21.30420363 0.00000000
 C     22.1399836 22.72446399 0.00000000
 C     22.1400123 21.30420363 0.00000000
 C     24.5999754 22.72446399 0.00000000
 C     24.6000615 21.30420363 0.00000000
 C     27.0599098 22.72446399 0.00000000
 C     27.0599385 21.30420363 0.00000000
 C     29.519959 22.72446399 0.00000000
 C     13.5300123 23.43466873 0.00000000
 C     15.9899754 24.85482967 0.00000000
 C     15.9900615 23.43466873 0.00000000
 C     18.4500246 24.85482967 0.00000000
 C     18.4499385 23.43466873 0.00000000
 C     20.9099016 24.85482967 0.00000000
 C     20.9099877 23.43466873 0.00000000
 C     23.3699508 24.85482967 0.00000000
 C     23.3700369 23.43466873 0.00000000
 C     25.8299426 24.85482967 0.00000000
 C     25.8300861 23.43466873 0.00000000
 C     28.289877 24.85482967 0.00000000
 C     28.2899631 23.43466873 0.00000000
 C     30.7499262 24.85482967 0.00000000
 C     14.7599508 25.5649847 0.00000000
 C     17.22 26.98529477 0.00000000
 C     17.22 25.5649847 0.00000000
 C     19.6800492 26.98529477 0.00000000
 C     19.679877 25.5649847 0.00000000
 C     22.1399262 26.98529477 0.00000000
 C     22.1399262 25.5649847 0.00000000
 C     24.5999754 26.98529477 0.00000000
 C     24.5999754 25.5649847 0.00000000
 C     27.0599672 26.98529477 0.00000000
 C     27.0600246 25.5649847 0.00000000
 C     29.5199016 26.98529477 0.00000000
 C     29.5199016 25.5649847 0.00000000
 C     31.9799508 26.98529477 0.00000000
