 C                  0.00000000    0.00000000    0.00000000
 C                  0.00000000  -11.36218228    0.00000000
 C                  0.00000000   12.78249235    0.00000000
 C                  0.00000000  -12.78249235    0.00000000
 C                  0.00000000   14.20280242    0.00000000
 C                  0.00000000    1.42031007    0.00000000
 C                  0.00002870    5.68109114    0.00000000
 C                  0.00005740   -2.84052071    0.00000000
 C                  0.00005740    9.94197164    0.00000000
 C                  0.00008610    4.26078107    0.00000000
 C                  0.00008610   -4.26078107    0.00000000
 C                  0.00008610   -7.10140121    0.00000000
 C                  0.00008610    8.52171128    0.00000000
 C                 -0.00008610   -8.52171128    0.00000000
 C                -11.06987700   -0.71015503    0.00000000
 C                -11.06987700  -10.65202725    0.00000000
 C                -11.06987700    2.13046510    0.00000000
 C                -11.06987700    3.55077517    0.00000000
 C                -11.06987700   -9.23171718    0.00000000
 C                 11.06996310   10.65217638    0.00000000
 C                -11.06996310   -2.13031597    0.00000000
 C                 11.06996310   -4.97093611    0.00000000
 C                -11.06996310   -4.97093611    0.00000000
 C                 11.06996310   -6.39124617    0.00000000
 C                -11.06996310   -6.39124617    0.00000000
 C                 11.06996310    6.39124618    0.00000000
 C                -11.06996310    6.39124618    0.00000000
 C                 11.06996310    7.81155624    0.00000000
 C                 11.06999180   -0.71015503    0.00000000
 C                 11.07004920   12.07233732    0.00000000
 C                 11.07004920    2.13046510    0.00000000
 C                 11.07004920    3.55077517    0.00000000
 C                 11.07004920   -9.23171718    0.00000000
 C                 11.07013530   -2.13031597    0.00000000
 C                 -1.22985240    2.13046510    0.00000000
 C                 -1.22985240   -9.23171718    0.00000000
 C                 -1.22990980    3.55077517    0.00000000
 C                 -1.22993850   10.65217638    0.00000000
 C                 -1.22993850   -2.13031597    0.00000000
 C                 -1.22993850   -4.97093611    0.00000000
 C                  1.22993850   -6.39124617    0.00000000
 C                 -1.22993850   -6.39124617    0.00000000
 C                 -1.22993850    6.39124618    0.00000000
 C                 -1.22993850    7.81155624    0.00000000
 C                -12.29984420   -2.84052071    0.00000000
 C                -12.29990160    0.00000000    0.00000000
 C                -12.29990160  -11.36218228    0.00000000
 C                 12.29990160   12.78249235    0.00000000
 C                -12.29990160  -12.78249235    0.00000000
 C                -12.29990160    1.42031007    0.00000000
 C                 12.29995900   -2.84052071    0.00000000
 C                 12.29995900    9.94197164    0.00000000
 C                 12.29998770    4.26078107    0.00000000
 C                 12.29998770   -4.26078107    0.00000000
 C                -12.29998770    4.26078107    0.00000000
 C                -12.29998770   -4.26078107    0.00000000
 C                 12.29998770    5.68109114    0.00000000
 C                 12.29998770   -7.10140121    0.00000000
 C                -12.29998770   -7.10140121    0.00000000
 C                 12.29998770    8.52171128    0.00000000
 C                -12.29998770   -8.52171128    0.00000000
 C                 12.30001640    1.42031007    0.00000000
 C                 12.30007380    0.00000000    0.00000000
 C                 12.30007380   14.20280242    0.00000000
 C                  1.23002460   -0.71015503    0.00000000
 C                 -1.23002460   -0.71015503    0.00000000
 C                  1.23002460  -10.65202725    0.00000000
 C                 -1.23002460  -10.65202725    0.00000000
 C                  1.23002460   12.07233732    0.00000000
 C                 -1.23002460   12.07233732    0.00000000
 C                  1.23002460    2.13046510    0.00000000
 C                  1.23002460    3.55077517    0.00000000
 C                  1.23002460   -9.23171718    0.00000000
 C                  1.23005330    7.81155624    0.00000000
 C                  1.23011070   10.65217638    0.00000000
 C                  1.23011070   -2.13031597    0.00000000
 C                  1.23011070   -4.97093611    0.00000000
 C                  1.23011070    6.39124618    0.00000000
 C                -13.52984010   -2.13031597    0.00000000
 C                -13.52984010   -4.97093611    0.00000000
 C                 13.52992620   -0.71015503    0.00000000
 C                -13.52992620   -0.71015503    0.00000000
 C                -13.52992620  -10.65202725    0.00000000
 C                 13.52992620   12.07233732    0.00000000
 C                -13.52992620    2.13046510    0.00000000
 C                -13.52992620   -9.23171718    0.00000000
 C                 13.53001230   10.65217638    0.00000000
 C                 13.53001230   -2.13031597    0.00000000
 C                 13.53001230   -4.97093611    0.00000000
 C                -13.53001230   -6.39124617    0.00000000
 C                 13.53001230    6.39124618    0.00000000
 C                 13.53001230    7.81155624    0.00000000
 C                 13.53004100    3.55077517    0.00000000
 C                 13.53009840    2.13046510    0.00000000
 C                -14.75986470   -4.26078107    0.00000000
 C                -14.75986470   -7.10140121    0.00000000
 C                -14.75989340   -2.84052071    0.00000000
 C                 14.75995080    0.00000000    0.00000000
 C                -14.75995080    0.00000000    0.00000000
 C                -14.75995080  -11.36218228    0.00000000
 C                 14.75995080   12.78249235    0.00000000
 C                -14.75995080  -12.78249235    0.00000000
 C                 14.75995080   14.20280242    0.00000000
 C                 14.75995080    1.42031007    0.00000000
 C                 14.75997950    5.68109114    0.00000000
 C                 14.76000820   -2.84052071    0.00000000
 C                 14.76000820    9.94197164    0.00000000
 C                 14.76003690    4.26078107    0.00000000
 C                 14.76003690    8.52171128    0.00000000
 C                -14.76003690   -8.52171128    0.00000000
 C                -15.98980320   -9.23171718    0.00000000
 C                -15.98988930   -2.13031597    0.00000000
 C                -15.98988930   -4.97093611    0.00000000
 C                -15.98988930   -6.39124617    0.00000000
 C                 15.98997540   -0.71015503    0.00000000
 C                -15.98997540  -10.65202725    0.00000000
 C                 15.98997540   12.07233732    0.00000000
 C                 15.98997540    2.13046510    0.00000000
 C                 15.98997540    3.55077517    0.00000000
 C                 15.99000410    7.81155624    0.00000000
 C                 15.99006150   10.65217638    0.00000000
 C                 15.99006150    6.39124618    0.00000000
 C                -17.21982780  -11.36218228    0.00000000
 C                 17.21991390    4.26078107    0.00000000
 C                -17.21991390   -4.26078107    0.00000000
 C                 17.21991390    5.68109114    0.00000000
 C                -17.21991390   -7.10140121    0.00000000
 C                -17.21991390   -8.52171128    0.00000000
 C                 17.22000000   12.78249235    0.00000000
 C                -17.22000000  -12.78249235    0.00000000
 C                 17.22000000   14.20280242    0.00000000
 C                 17.22000000    1.42031007    0.00000000
 C                 17.22000000    9.94197164    0.00000000
 C                 17.22008610    8.52171128    0.00000000
 C                -18.44985240  -10.65202725    0.00000000
 C                -18.44985240   -9.23171718    0.00000000
 C                -18.44993850   -6.39124617    0.00000000
 C                 18.44993850    6.39124618    0.00000000
 C                 18.44993850    7.81155624    0.00000000
 C                 18.44996720   12.07233732    0.00000000
 C                 18.45002460    3.55077517    0.00000000
 C                 18.45011070   10.65217638    0.00000000
 C                -19.67987700  -11.36218228    0.00000000
 C                -19.67987700  -12.78249235    0.00000000
 C                 19.67993440    9.94197164    0.00000000
 C                 19.67996310    5.68109114    0.00000000
 C                 19.67996310    8.52171128    0.00000000
 C                -19.67996310   -8.52171128    0.00000000
 C                 19.67999180   14.20280242    0.00000000
 C                 19.68004920   12.78249235    0.00000000
 C                -20.90990160  -10.65202725    0.00000000
 C                 20.90990160   12.07233732    0.00000000
 C                 20.90998770   10.65217638    0.00000000
 C                 20.90998770    7.81155624    0.00000000
 C                 22.13992620   12.78249235    0.00000000
 C                -22.13992620  -12.78249235    0.00000000
 C                 22.13992620   14.20280242    0.00000000
 C                 22.13998360    9.94197164    0.00000000
 C                 23.36995080   12.07233732    0.00000000
 C                 -2.45987700    0.00000000    0.00000000
 C                 -2.45987700  -11.36218228    0.00000000
 C                 -2.45987700   14.20280242    0.00000000
 C                 -2.45993440    1.42031007    0.00000000
 C                  2.45996310    4.26078107    0.00000000
 C                  2.45996310   -4.26078107    0.00000000
 C                 -2.45996310    4.26078107    0.00000000
 C                 -2.45996310   -4.26078107    0.00000000
 C                  2.45996310    5.68109114    0.00000000
 C                 -2.45996310    5.68109114    0.00000000
 C                  2.45996310   -7.10140121    0.00000000
 C                 -2.45996310   -7.10140121    0.00000000
 C                  2.45996310   -8.52171128    0.00000000
 C                 -2.45996310    8.52171128    0.00000000
 C                 -2.45996310   -8.52171128    0.00000000
 C                 -2.45999180   -2.84052071    0.00000000
 C                 -2.45999180    9.94197164    0.00000000
 C                 24.59997540   14.20280242    0.00000000
 C                  2.46004920    0.00000000    0.00000000
 C                  2.46004920  -11.36218228    0.00000000
 C                  2.46004920   12.78249235    0.00000000
 C                  2.46004920  -12.78249235    0.00000000
 C                 -2.46004920   12.78249235    0.00000000
 C                 -2.46004920  -12.78249235    0.00000000
 C                  2.46004920   14.20280242    0.00000000
 C                  2.46004920    1.42031007    0.00000000
 C                  2.46004920    9.94197164    0.00000000
 C                  2.46010660   -2.84052071    0.00000000
 C                  2.46013530    8.52171128    0.00000000
 C                 -3.68981550   -2.13031597    0.00000000
 C                 -3.68990160  -10.65202725    0.00000000
 C                 -3.68990160   12.07233732    0.00000000
 C                 -3.68990160    2.13046510    0.00000000
 C                 -3.68990160    3.55077517    0.00000000
 C                 -3.68990160   -9.23171718    0.00000000
 C                 -3.68995900   -0.71015503    0.00000000
 C                 -3.68998770   10.65217638    0.00000000
 C                  3.68998770   -2.13031597    0.00000000
 C                  3.68998770   -4.97093611    0.00000000
 C                 -3.68998770   -4.97093611    0.00000000
 C                  3.68998770   -6.39124617    0.00000000
 C                 -3.68998770   -6.39124617    0.00000000
 C                  3.68998770    6.39124618    0.00000000
 C                 -3.68998770    6.39124618    0.00000000
 C                  3.68998770    7.81155624    0.00000000
 C                 -3.68998770    7.81155624    0.00000000
 C                  3.69001640   12.07233732    0.00000000
 C                  3.69007380   -0.71015503    0.00000000
 C                  3.69007380  -10.65202725    0.00000000
 C                  3.69007380    2.13046510    0.00000000
 C                  3.69007380    3.55077517    0.00000000
 C                  3.69007380   -9.23171718    0.00000000
 C                  3.69015990   10.65217638    0.00000000
 C                 -4.91984010   -4.26078107    0.00000000
 C                 -4.91986880    9.94197164    0.00000000
 C                  4.91992620    0.00000000    0.00000000
 C                 -4.91992620    0.00000000    0.00000000
 C                 -4.91992620  -11.36218228    0.00000000
 C                 -4.91992620   12.78249235    0.00000000
 C                 -4.91992620  -12.78249235    0.00000000
 C                 -4.91992620   14.20280242    0.00000000
 C                 -4.91992620    1.42031007    0.00000000
 C                 -4.91992620   -2.84052071    0.00000000
 C                  4.91998360   -2.84052071    0.00000000
 C                  4.91998360    9.94197164    0.00000000
 C                  4.92001230    4.26078107    0.00000000
 C                  4.92001230   -4.26078107    0.00000000
 C                 -4.92001230    4.26078107    0.00000000
 C                  4.92001230    5.68109114    0.00000000
 C                 -4.92001230    5.68109114    0.00000000
 C                  4.92001230   -7.10140121    0.00000000
 C                 -4.92001230   -7.10140121    0.00000000
 C                  4.92001230    8.52171128    0.00000000
 C                  4.92001230   -8.52171128    0.00000000
 C                 -4.92001230    8.52171128    0.00000000
 C                 -4.92001230   -8.52171128    0.00000000
 C                  4.92004100  -11.36218228    0.00000000
 C                  4.92004100   14.20280242    0.00000000
 C                  4.92009840   12.78249235    0.00000000
 C                  4.92009840  -12.78249235    0.00000000
 C                  4.92009840    1.42031007    0.00000000
 C                 -6.14986470   10.65217638    0.00000000
 C                 -6.14986470   -2.13031597    0.00000000
 C                 -6.14986470   -6.39124617    0.00000000
 C                 -6.14986470    7.81155624    0.00000000
 C                 -6.14992210   -4.97093611    0.00000000
 C                  6.14995080   -0.71015503    0.00000000
 C                 -6.14995080   -0.71015503    0.00000000
 C                 -6.14995080  -10.65202725    0.00000000
 C                  6.14995080   12.07233732    0.00000000
 C                 -6.14995080   12.07233732    0.00000000
 C                  6.14995080    2.13046510    0.00000000
 C                 -6.14995080    2.13046510    0.00000000
 C                 -6.14995080    3.55077517    0.00000000
 C                 -6.14995080   -9.23171718    0.00000000
 C                  6.15003690   10.65217638    0.00000000
 C                  6.15003690   -2.13031597    0.00000000
 C                  6.15003690   -4.97093611    0.00000000
 C                  6.15003690   -6.39124617    0.00000000
 C                  6.15003690    6.39124618    0.00000000
 C                 -6.15003690    6.39124618    0.00000000
 C                  6.15003690    7.81155624    0.00000000
 C                  6.15006560   -9.23171718    0.00000000
 C                  6.15012300  -10.65202725    0.00000000
 C                  6.15012300    3.55077517    0.00000000
 C                  7.37988930    4.26078107    0.00000000
 C                 -7.37988930   -4.26078107    0.00000000
 C                 -7.37988930    5.68109114    0.00000000
 C                 -7.37988930    8.52171128    0.00000000
 C                 -7.37988930   -8.52171128    0.00000000
 C                 -7.37991800   -2.84052071    0.00000000
 C                 -7.37991800    9.94197164    0.00000000
 C                 -7.37994670   -7.10140121    0.00000000
 C                  7.37997540    0.00000000    0.00000000
 C                 -7.37997540    0.00000000    0.00000000
 C                  7.37997540  -11.36218228    0.00000000
 C                 -7.37997540  -11.36218228    0.00000000
 C                  7.37997540   12.78249235    0.00000000
 C                  7.37997540  -12.78249235    0.00000000
 C                 -7.37997540   12.78249235    0.00000000
 C                 -7.37997540  -12.78249235    0.00000000
 C                  7.37997540   14.20280242    0.00000000
 C                  7.37997540    1.42031007    0.00000000
 C                 -7.37997540    1.42031007    0.00000000
 C                  7.38000410   -7.10140121    0.00000000
 C                  7.38003280   -2.84052071    0.00000000
 C                  7.38003280    9.94197164    0.00000000
 C                  7.38006150   -4.26078107    0.00000000
 C                 -7.38006150    4.26078107    0.00000000
 C                  7.38006150    5.68109114    0.00000000
 C                  7.38006150    8.52171128    0.00000000
 C                  7.38006150   -8.52171128    0.00000000
 C                 -8.60982780  -10.65202725    0.00000000
 C                 -8.60982780    3.55077517    0.00000000
 C                 -8.60988520   -9.23171718    0.00000000
 C                 -8.60991390   10.65217638    0.00000000
 C                 -8.60991390   -2.13031597    0.00000000
 C                 -8.60991390   -4.97093611    0.00000000
 C                 -8.60991390   -6.39124617    0.00000000
 C                  8.60991390    6.39124618    0.00000000
 C                 -8.60991390    6.39124618    0.00000000
 C                 -8.60991390    7.81155624    0.00000000
 C                  8.61000000   -0.71015503    0.00000000
 C                 -8.61000000   -0.71015503    0.00000000
 C                  8.61000000  -10.65202725    0.00000000
 C                  8.61000000   12.07233732    0.00000000
 C                  8.61000000    2.13046510    0.00000000
 C                 -8.61000000    2.13046510    0.00000000
 C                  8.61000000    3.55077517    0.00000000
 C                  8.61000000   -9.23171718    0.00000000
 C                  8.61002870   -4.97093611    0.00000000
 C                  8.61008610   10.65217638    0.00000000
 C                  8.61008610   -2.13031597    0.00000000
 C                  8.61008610   -6.39124617    0.00000000
 C                  8.61008610    7.81155624    0.00000000
 C                 -9.83985240  -12.78249235    0.00000000
 C                 -9.83985240    1.42031007    0.00000000
 C                 -9.83990980  -11.36218228    0.00000000
 C                  9.83993850    4.26078107    0.00000000
 C                 -9.83993850    4.26078107    0.00000000
 C                 -9.83993850   -4.26078107    0.00000000
 C                  9.83993850    5.68109114    0.00000000
 C                 -9.83993850    5.68109114    0.00000000
 C                  9.83993850   -7.10140121    0.00000000
 C                 -9.83993850   -7.10140121    0.00000000
 C                  9.83993850    8.52171128    0.00000000
 C                  9.83993850   -8.52171128    0.00000000
 C                 -9.83993850    8.52171128    0.00000000
 C                 -9.83993850   -8.52171128    0.00000000
 C                 -9.83996720   -2.84052071    0.00000000
 C                  9.84002460    0.00000000    0.00000000
 C                 -9.84002460    0.00000000    0.00000000
 C                  9.84002460  -11.36218228    0.00000000
 C                  9.84002460   12.78249235    0.00000000
 C                  9.84002460   14.20280242    0.00000000
 C                  9.84002460    1.42031007    0.00000000
 C                  9.84002460   -2.84052071    0.00000000
 C                  9.84008200    9.94197164    0.00000000
 C                  9.84011070   -4.26078107    0.00000000
