-43.82693786 -26.33388101 3.40000000
-41.36726334 -26.29094723 3.40000000
-38.90776099 -26.24801646 3.40000000
-36.44808647 -26.20508268 3.40000000
-33.98841194 -26.16214890 3.40000000
-31.52873742 -26.11921512 3.40000000
-29.06923507 -26.07628435 3.40000000
-26.60956055 -26.03335057 3.40000000
-24.15005820 -25.99041980 3.40000000
-21.69038368 -25.94748602 3.40000000
-19.23070916 -25.90455224 3.40000000
-16.77103463 -25.86161846 3.40000000
-14.31153228 -25.81868769 3.40000000
-11.85185776 -25.77575391 3.40000000
-9.39235541 -25.73282314 3.40000000
-6.93268089 -25.68988936 3.40000000
-4.47300637 -25.64695558 3.40000000
-2.01333185 -25.60402180 3.40000000
0.44617050 -25.56109103 3.40000000
2.90584503 -25.51815725 3.40000000
5.36534737 -25.47522648 3.40000000
7.82502190 -25.43229270 3.40000000
10.28469642 -25.38935892 3.40000000
12.74437094 -25.34642514 3.40000000
15.20387329 -25.30349437 3.40000000
17.66354781 -25.26056059 3.40000000
20.12305016 -25.21762982 3.40000000
22.58272469 -25.17469604 3.40000000
25.04239921 -25.13176226 3.40000000
27.50207373 -25.08882848 3.40000000
29.96157608 -25.04589771 3.40000000
-41.39205117 -24.87085348 3.40000000
-38.93237664 -24.82791970 3.40000000
-36.47287430 -24.78498893 3.40000000
-34.01319977 -24.74205515 3.40000000
-31.55358264 -24.69912237 3.40000000
-29.09402290 -24.65619060 3.40000000
-26.63434838 -24.61325682 3.40000000
-24.17467386 -24.57032304 3.40000000
-21.71517151 -24.52739227 3.40000000
-19.25549698 -24.48445849 3.40000000
-16.79587985 -24.44152571 3.40000000
-14.33632011 -24.39859394 3.40000000
-11.87664559 -24.35566016 3.40000000
-9.41697107 -24.31272638 3.40000000
-6.95746872 -24.26979561 3.40000000
-4.49779420 -24.22686183 3.40000000
-2.03817707 -24.18392905 3.40000000
-42.63428234 -24.18227350 3.40000000
0.42138267 -24.14099728 3.40000000
-40.17460782 -24.13933972 3.40000000
2.88105720 -24.09806350 3.40000000
-37.71510547 -24.09640895 3.40000000
5.34073172 -24.05512972 3.40000000
-35.25543095 -24.05347517 3.40000000
7.80023407 -24.01219895 3.40000000
-32.79575643 -24.01054139 3.40000000
10.25990859 -23.96926517 3.40000000
-30.33608190 -23.96760761 3.40000000
12.71952572 -23.92633239 3.40000000
-27.87657955 -23.92467684 3.40000000
15.17908546 -23.88340062 3.40000000
-25.41690503 -23.88174306 3.40000000
17.63875999 -23.84046684 3.40000000
-22.95740268 -23.83881229 3.40000000
20.09843451 -23.79753306 3.40000000
-20.49772816 -23.79587851 3.40000000
22.55793686 -23.75460229 3.40000000
-18.03805364 -23.75294473 3.40000000
25.01761138 -23.71166851 3.40000000
-15.57837911 -23.71001095 3.40000000
27.47722851 -23.66873573 3.40000000
-13.11887677 -23.66708018 3.40000000
29.93678825 -23.62580396 3.40000000
-10.65920224 -23.62414640 3.40000000
32.39646277 -23.58287018 3.40000000
-8.19969989 -23.58121563 3.40000000
-5.74002537 -23.53828185 3.40000000
-3.28035085 -23.49534807 3.40000000
-0.82067633 -23.45241429 3.40000000
1.63882602 -23.40948352 3.40000000
4.09850054 -23.36654974 3.40000000
6.55800289 -23.32361897 3.40000000
9.01767742 -23.28068519 3.40000000
11.47735194 -23.23775141 3.40000000
13.93702646 -23.19481763 3.40000000
16.39652881 -23.15188686 3.40000000
18.85620333 -23.10895308 3.40000000
21.31570568 -23.06602231 3.40000000
23.77538020 -23.02308853 3.40000000
26.23505473 -22.98015475 3.40000000
28.69472925 -22.93722097 3.40000000
31.15423160 -22.89429020 3.40000000
-40.19939565 -22.71924597 3.40000000
-37.73972113 -22.67631219 3.40000000
-35.28021878 -22.63338142 3.40000000
-32.82054425 -22.59044764 3.40000000
-30.36092712 -22.54751487 3.40000000
-27.90136738 -22.50458309 3.40000000
-25.44169286 -22.46164931 3.40000000
-22.98201834 -22.41871553 3.40000000
-20.52251599 -22.37578476 3.40000000
-18.06284147 -22.33285098 3.40000000
-15.60322433 -22.28991821 3.40000000
-13.14366459 -22.24698643 3.40000000
-10.68399007 -22.20405265 3.40000000
-8.22431555 -22.16111887 3.40000000
-5.76481320 -22.11818810 3.40000000
-3.30513868 -22.07525432 3.40000000
-0.84552155 -22.03232154 3.40000000
-41.44171031 -22.03081660 3.40000000
1.61403819 -21.98938977 3.40000000
-38.98203579 -21.98788282 3.40000000
4.07371272 -21.94645599 3.40000000
-36.52253344 -21.94495205 3.40000000
6.53338724 -21.90352221 3.40000000
-34.06285891 -21.90201827 3.40000000
8.99288959 -21.86059144 3.40000000
-31.60318439 -21.85908449 3.40000000
11.45256411 -21.81765766 3.40000000
-29.14350987 -21.81615071 3.40000000
13.91218124 -21.77472488 3.40000000
-26.68400752 -21.77321994 3.40000000
16.37174098 -21.73179311 3.40000000
-24.22433300 -21.73028616 3.40000000
18.83141550 -21.68885933 3.40000000
-21.76483065 -21.68735539 3.40000000
21.29109003 -21.64592555 3.40000000
-19.30515613 -21.64442161 3.40000000
23.75059238 -21.60299478 3.40000000
-16.84548160 -21.60148783 3.40000000
26.21026690 -21.56006100 3.40000000
-14.38580708 -21.55855405 3.40000000
28.66988403 -21.51712822 3.40000000
-11.92630473 -21.51562328 3.40000000
31.12944377 -21.47419645 3.40000000
-9.46663021 -21.47268950 3.40000000
33.58911829 -21.43126267 3.40000000
-7.00712786 -21.42975873 3.40000000
-4.54745334 -21.38682495 3.40000000
-2.08777882 -21.34389117 3.40000000
0.37189571 -21.30095739 3.40000000
2.83139806 -21.25802662 3.40000000
5.29107258 -21.21509284 3.40000000
7.75057493 -21.17216207 3.40000000
10.21024945 -21.12922829 3.40000000
12.66992397 -21.08629451 3.40000000
15.12959850 -21.04336073 3.40000000
17.58910084 -21.00042996 3.40000000
20.04877537 -20.95749618 3.40000000
22.50827772 -20.91456541 3.40000000
24.96795224 -20.87163163 3.40000000
27.42762676 -20.82869785 3.40000000
29.88730128 -20.78576407 3.40000000
32.34680363 -20.74283330 3.40000000
-39.00682361 -20.56778907 3.40000000
-36.54714909 -20.52485529 3.40000000
-34.08764674 -20.48192452 3.40000000
-31.62797222 -20.43899074 3.40000000
-29.16835509 -20.39605797 3.40000000
-26.70879535 -20.35312619 3.40000000
-24.24912083 -20.31019241 3.40000000
-21.78944630 -20.26725863 3.40000000
-19.32994395 -20.22432786 3.40000000
-16.87026943 -20.18139408 3.40000000
-14.41065230 -20.13846131 3.40000000
-11.95109256 -20.09552953 3.40000000
-9.49141804 -20.05259575 3.40000000
-7.03174352 -20.00966197 3.40000000
-4.57224117 -19.96673120 3.40000000
-2.11256664 -19.92379742 3.40000000
0.34705049 -19.88086465 3.40000000
-40.24905479 -19.87920908 3.40000000
2.80661023 -19.83793287 3.40000000
-37.78938027 -19.83627530 3.40000000
5.26628475 -19.79499909 3.40000000
-35.32987792 -19.79334453 3.40000000
7.72595927 -19.75206531 3.40000000
-32.87020340 -19.75041075 3.40000000
10.18546162 -19.70913454 3.40000000
-30.41052887 -19.70747697 3.40000000
12.64513614 -19.66620076 3.40000000
-27.95085435 -19.66454320 3.40000000
15.10475328 -19.62326799 3.40000000
-25.49135200 -19.62161242 3.40000000
17.56431302 -19.58033621 3.40000000
-23.03167748 -19.57867864 3.40000000
20.02398754 -19.53740243 3.40000000
-20.57217513 -19.53574787 3.40000000
22.48366206 -19.49446865 3.40000000
-18.11250061 -19.49281409 3.40000000
24.94316441 -19.45153788 3.40000000
-15.65282608 -19.44988031 3.40000000
27.40283893 -19.40860410 3.40000000
-13.19315156 -19.40694654 3.40000000
29.86245606 -19.36567133 3.40000000
-10.73364921 -19.36401576 3.40000000
32.32201580 -19.32273955 3.40000000
-8.27397469 -19.32108198 3.40000000
34.78169033 -19.27980577 3.40000000
-5.81447234 -19.27815121 3.40000000
-3.35479782 -19.23521743 3.40000000
-0.89512330 -19.19228365 3.40000000
1.56455123 -19.14934987 3.40000000
4.02405357 -19.10641910 3.40000000
6.48372810 -19.06348532 3.40000000
8.94323045 -19.02055455 3.40000000
11.40290497 -18.97762077 3.40000000
13.86257949 -18.93468699 3.40000000
16.32225401 -18.89175321 3.40000000
18.78175636 -18.84882244 3.40000000
21.24143089 -18.80588866 3.40000000
23.70093323 -18.76295789 3.40000000
26.16060776 -18.72002411 3.40000000
28.62028228 -18.67709033 3.40000000
31.07995680 -18.63415655 3.40000000
33.53945915 -18.59122578 3.40000000
-37.81416810 -18.41618156 3.40000000
-35.35449357 -18.37324779 3.40000000
-32.89499122 -18.33031701 3.40000000
-30.43531670 -18.28738323 3.40000000
-27.97569957 -18.24445046 3.40000000
-25.51613983 -18.20151868 3.40000000
-23.05646531 -18.15858490 3.40000000
-20.59679078 -18.11565113 3.40000000
-18.13728844 -18.07272035 3.40000000
-15.67761391 -18.02978657 3.40000000
-13.21799678 -17.98685380 3.40000000
-10.75843704 -17.94392202 3.40000000
-8.29876252 -17.90098824 3.40000000
-5.83908800 -17.85805447 3.40000000
-3.37958565 -17.81512369 3.40000000
-0.91991113 -17.77218991 3.40000000
1.53970601 -17.72925714 3.40000000
-39.05639927 -17.72760157 3.40000000
3.99926575 -17.68632536 3.40000000
-36.59672475 -17.68466780 3.40000000
6.45894027 -17.64339158 3.40000000
-34.13722240 -17.64173702 3.40000000
8.91861479 -17.60045780 3.40000000
-31.67754788 -17.59880324 3.40000000
11.37811714 -17.55752703 3.40000000
-29.21787335 -17.55586946 3.40000000
13.83779166 -17.51459325 3.40000000
-26.75819883 -17.51293569 3.40000000
16.29740879 -17.47166048 3.40000000
-24.29869648 -17.47000491 3.40000000
18.75696853 -17.42872870 3.40000000
-21.83902196 -17.42707113 3.40000000
21.21664306 -17.38579492 3.40000000
-19.37951961 -17.38414036 3.40000000
23.67631758 -17.34286114 3.40000000
-16.91984509 -17.34120658 3.40000000
26.13581993 -17.29993037 3.40000000
-14.46017057 -17.29827280 3.40000000
28.59549445 -17.25699659 3.40000000
-12.00049604 -17.25533903 3.40000000
31.05511158 -17.21406382 3.40000000
-9.54099369 -17.21240825 3.40000000
33.51467132 -17.17113204 3.40000000
-7.08131917 -17.16947447 3.40000000
35.97434584 -17.12819826 3.40000000
-4.62181682 -17.12654370 3.40000000
-2.16214230 -17.08360992 3.40000000
0.29753222 -17.04067614 3.40000000
2.75720674 -16.99774237 3.40000000
5.21670909 -16.95481159 3.40000000
7.67638362 -16.91187781 3.40000000
10.13588596 -16.86894704 3.40000000
12.59556049 -16.82601326 3.40000000
15.05523501 -16.78307948 3.40000000
17.51490953 -16.74014571 3.40000000
19.97441188 -16.69721493 3.40000000
22.43408640 -16.65428115 3.40000000
24.89358875 -16.61135038 3.40000000
27.35326328 -16.56841660 3.40000000
29.81293780 -16.52548282 3.40000000
32.27261232 -16.48254905 3.40000000
34.73211467 -16.43961827 3.40000000
-36.62154041 -16.26462425 3.40000000
-34.16186588 -16.22169047 3.40000000
-31.70236353 -16.17875970 3.40000000
-29.24268901 -16.13582592 3.40000000
-26.78307188 -16.09289314 3.40000000
-24.32351214 -16.04996137 3.40000000
-21.86383762 -16.00702759 3.40000000
-19.40416309 -15.96409381 3.40000000
-16.94466075 -15.92116304 3.40000000
-14.48498622 -15.87822926 3.40000000
-12.02536909 -15.83529648 3.40000000
-9.56580935 -15.79236471 3.40000000
-7.10613483 -15.74943093 3.40000000
-4.64646031 -15.70649715 3.40000000
-2.18695796 -15.66356638 3.40000000
0.27271656 -15.62063260 3.40000000
2.73233370 -15.57769982 3.40000000
-37.86374375 -15.57599406 3.40000000
5.19189344 -15.53476805 3.40000000
-35.40406923 -15.53306029 3.40000000
7.65156796 -15.49183427 3.40000000
-32.94456688 -15.49012951 3.40000000
10.11124248 -15.44890049 3.40000000
-30.48489236 -15.44719573 3.40000000
12.57074483 -15.40596972 3.40000000
-28.02521784 -15.40426196 3.40000000
15.03041935 -15.36303594 3.40000000
-25.56554331 -15.36132818 3.40000000
17.49003648 -15.32010316 3.40000000
-23.10604096 -15.31839740 3.40000000
19.94959622 -15.27717139 3.40000000
-20.64636644 -15.27546363 3.40000000
22.40927075 -15.23423761 3.40000000
-18.18686409 -15.23253285 3.40000000
24.86894527 -15.19130383 3.40000000
-15.72718957 -15.18959907 3.40000000
27.32844762 -15.14837306 3.40000000
-13.26751505 -15.14666530 3.40000000
29.78812214 -15.10543928 3.40000000
-10.80784053 -15.10373152 3.40000000
32.24773927 -15.06250650 3.40000000
-8.34833818 -15.06080074 3.40000000
34.70729901 -15.01957473 3.40000000
-5.88866365 -15.01786697 3.40000000
37.16697353 -14.97664095 3.40000000
-3.42916131 -14.97493619 3.40000000
-0.96948678 -14.93200241 3.40000000
1.49018774 -14.88906864 3.40000000
3.94986226 -14.84613486 3.40000000
6.40936461 -14.80320408 3.40000000
8.86903913 -14.76027030 3.40000000
11.32854148 -14.71733953 3.40000000
13.78821601 -14.67440575 3.40000000
16.24789053 -14.63147197 3.40000000
18.70756505 -14.58853820 3.40000000
21.16706740 -14.54560742 3.40000000
23.62674192 -14.50267364 3.40000000
26.08624427 -14.45974287 3.40000000
28.54591879 -14.41680909 3.40000000
31.00559332 -14.37387531 3.40000000
33.46526784 -14.33094154 3.40000000
35.92477019 -14.28801076 3.40000000
-35.42894054 -14.11311715 3.40000000
-32.96926602 -14.07018337 3.40000000
-30.50976367 -14.02725259 3.40000000
-28.05008915 -13.98431882 3.40000000
-25.59047202 -13.94138604 3.40000000
-23.13091228 -13.89845426 3.40000000
-20.67123775 -13.85552049 3.40000000
-18.21156323 -13.81258671 3.40000000
-15.75206088 -13.76965593 3.40000000
-13.29238636 -13.72672216 3.40000000
-10.83276923 -13.68378938 3.40000000
-8.37320949 -13.64085760 3.40000000
-5.91353497 -13.59792383 3.40000000
-3.45386044 -13.55499005 3.40000000
-0.99435810 -13.51205927 3.40000000
1.46531643 -13.46912550 3.40000000
3.92493356 -13.42619272 3.40000000
-36.67117172 -13.42453717 3.40000000
6.38449330 -13.38326094 3.40000000
-34.21149720 -13.38160339 3.40000000
8.84416782 -13.34032717 3.40000000
-31.75199485 -13.33867261 3.40000000
11.30384234 -13.29739339 3.40000000
-29.29232032 -13.29573884 3.40000000
13.76334469 -13.25446261 3.40000000
-26.83264580 -13.25280506 3.40000000
16.22301922 -13.21152883 3.40000000
-24.37297128 -13.20987128 3.40000000
18.68263635 -13.16859606 3.40000000
-21.91346893 -13.16694051 3.40000000
21.14219609 -13.12566428 3.40000000
-19.45379441 -13.12400673 3.40000000
23.60187061 -13.08273050 3.40000000
-16.99429206 -13.08107595 3.40000000
26.06154513 -13.03979673 3.40000000
-14.53461754 -13.03814217 3.40000000
28.52104748 -12.99686595 3.40000000
-12.07494301 -12.99520840 3.40000000
30.98072200 -12.95393217 3.40000000
-9.61526849 -12.95227462 3.40000000
33.44033913 -12.91099940 3.40000000
-7.15576614 -12.90934384 3.40000000
35.89989887 -12.86806762 3.40000000
-4.69609162 -12.86641007 3.40000000
38.35957340 -12.82513384 3.40000000
-2.23658927 -12.82347929 3.40000000
0.22308525 -12.78054551 3.40000000
2.68275977 -12.73761174 3.40000000
5.14243430 -12.69467796 3.40000000
7.60193665 -12.65174718 3.40000000
10.06161117 -12.60881341 3.40000000
12.52111352 -12.56588263 3.40000000
14.98078804 -12.52294885 3.40000000
17.44046256 -12.48001508 3.40000000
19.90013708 -12.43708130 3.40000000
22.35963943 -12.39415052 3.40000000
24.81931396 -12.35121675 3.40000000
27.27881631 -12.30828597 3.40000000
29.73849083 -12.26535219 3.40000000
32.19816535 -12.22241842 3.40000000
34.65783987 -12.17948464 3.40000000
37.11734222 -12.13655386 3.40000000
-34.23628502 -11.96150964 3.40000000
-31.77661050 -11.91857586 3.40000000
-29.31710815 -11.87564509 3.40000000
-26.85743363 -11.83271131 3.40000000
-24.39781650 -11.78977853 3.40000000
-21.93825676 -11.74684676 3.40000000
-19.47858224 -11.70391298 3.40000000
-17.01890771 -11.66097920 3.40000000
-14.55940536 -11.61804842 3.40000000
-12.09973084 -11.57511465 3.40000000
-9.64011371 -11.53218187 3.40000000
-7.18055397 -11.48925009 3.40000000
-4.72087945 -11.44631632 3.40000000
-2.26120493 -11.40338254 3.40000000
0.19829742 -11.36045176 3.40000000
2.65797195 -11.31751799 3.40000000
5.11758908 -11.27458521 3.40000000
-35.47851620 -11.27292966 3.40000000
7.57714882 -11.23165343 3.40000000
-33.01884168 -11.22999588 3.40000000
10.03682334 -11.18871966 3.40000000
-30.55933933 -11.18706510 3.40000000
12.49649786 -11.14578588 3.40000000
-28.09966481 -11.14413133 3.40000000
14.95600021 -11.10285510 3.40000000
-25.63999028 -11.10119755 3.40000000
17.41567473 -11.05992133 3.40000000
-23.18031576 -11.05826377 3.40000000
19.87529187 -11.01698855 3.40000000
-20.72081341 -11.01533300 3.40000000
22.33485161 -10.97405677 3.40000000
-18.26113889 -10.97239922 3.40000000
24.79452613 -10.93112300 3.40000000
-15.80163654 -10.92946844 3.40000000
27.25420065 -10.88818922 3.40000000
-13.34196202 -10.88653467 3.40000000
29.71370300 -10.84525844 3.40000000
-10.88228750 -10.84360089 3.40000000
32.17337752 -10.80232467 3.40000000
-8.42261297 -10.80066711 3.40000000
34.63299465 -10.75939189 3.40000000
-5.96311062 -10.75773634 3.40000000
37.09255439 -10.71646011 3.40000000
-3.50343610 -10.71480256 3.40000000
39.55222892 -10.67352634 3.40000000
-1.04393375 -10.67187178 3.40000000
1.41574077 -10.62893801 3.40000000
3.87541529 -10.58600423 3.40000000
6.33508982 -10.54307045 3.40000000
8.79459216 -10.50013968 3.40000000
11.25426669 -10.45720590 3.40000000
13.71376904 -10.41427512 3.40000000
16.17344356 -10.37134135 3.40000000
18.63311808 -10.32840757 3.40000000
21.09279260 -10.28547379 3.40000000
23.55229495 -10.24254301 3.40000000
26.01196947 -10.19960924 3.40000000
28.47147182 -10.15667846 3.40000000
30.93114635 -10.11374468 3.40000000
33.39082087 -10.07081091 3.40000000
35.85049539 -10.02787713 3.40000000
38.30999774 -9.98494635 3.40000000
-33.04362951 -9.80990213 3.40000000
-30.58395498 -9.76696835 3.40000000
-28.12445263 -9.72403758 3.40000000
-25.66477811 -9.68110380 3.40000000
-23.20516098 -9.63817102 3.40000000
-20.74560124 -9.59523925 3.40000000
-18.28592672 -9.55230547 3.40000000
-15.82625220 -9.50937169 3.40000000
-13.36674985 -9.46644092 3.40000000
-10.90707532 -9.42350714 3.40000000
-8.44745819 -9.38057436 3.40000000
-5.98789845 -9.33764259 3.40000000
-3.52822393 -9.29470881 3.40000000
-1.06854941 -9.25177503 3.40000000
1.39095294 -9.20884426 3.40000000
3.85062746 -9.16591048 3.40000000
6.31024460 -9.12297770 3.40000000
-34.28594417 -9.12147276 3.40000000
8.76980434 -9.08004593 3.40000000
-31.82626964 -9.07853898 3.40000000
11.22947886 -9.03711215 3.40000000
-29.36676729 -9.03560821 3.40000000
13.68915338 -8.99417837 3.40000000
-26.90709277 -8.99267443 3.40000000
16.14865573 -8.95124760 3.40000000
-24.44741825 -8.94974065 3.40000000
18.60833025 -8.90831382 3.40000000
-21.98774373 -8.90680687 3.40000000
21.06794738 -8.86538104 3.40000000
-19.52824138 -8.86387610 3.40000000
23.52750712 -8.82244926 3.40000000
-17.06856685 -8.82094232 3.40000000
25.98718165 -8.77951549 3.40000000
-14.60906451 -8.77801155 3.40000000
28.44685617 -8.73658171 3.40000000
-12.14938998 -8.73507777 3.40000000
30.90635852 -8.69365093 3.40000000
-9.68971546 -8.69214399 3.40000000
33.36603304 -8.65071716 3.40000000
-7.23004094 -8.64921021 3.40000000
35.82565017 -8.60778438 3.40000000
-4.77053859 -8.60627944 3.40000000
38.28520991 -8.56485260 3.40000000
-2.31086407 -8.56334566 3.40000000
40.74488443 -8.52191883 3.40000000
0.14863828 -8.52041488 3.40000000
2.60831280 -8.47748111 3.40000000
5.06798733 -8.43454733 3.40000000
7.52766185 -8.39161355 3.40000000
9.98716420 -8.34868278 3.40000000
12.44683872 -8.30574900 3.40000000
14.90634107 -8.26281822 3.40000000
17.36601559 -8.21988445 3.40000000
19.82569012 -8.17695067 3.40000000
22.28536464 -8.13401689 3.40000000
24.74486699 -8.09108612 3.40000000
27.20454151 -8.04815234 3.40000000
29.66404386 -8.00522156 3.40000000
32.12371838 -7.96228779 3.40000000
34.58339290 -7.91935401 3.40000000
37.04306743 -7.87642023 3.40000000
39.50256977 -7.83348946 3.40000000
-31.85105747 -7.65844523 3.40000000
-29.39138295 -7.61551145 3.40000000
-26.93188060 -7.57258068 3.40000000
-24.47220608 -7.52964690 3.40000000
-22.01258895 -7.48671412 3.40000000
-19.55302921 -7.44378235 3.40000000
-17.09335468 -7.40084857 3.40000000
-14.63368016 -7.35791479 3.40000000
-12.17417781 -7.31498402 3.40000000
-9.71450329 -7.27205024 3.40000000
-7.25488616 -7.22911746 3.40000000
-4.79532642 -7.18618569 3.40000000
-2.33565190 -7.14325191 3.40000000
0.12402263 -7.10031813 3.40000000
2.58352498 -7.05738736 3.40000000
5.04319950 -7.01445358 3.40000000
7.50281663 -6.97152080 3.40000000
-33.09328865 -6.96986524 3.40000000
9.96237637 -6.92858903 3.40000000
-30.63361412 -6.92693146 3.40000000
12.42205089 -6.88565525 3.40000000
-28.17411178 -6.88400069 3.40000000
14.88172542 -6.84272147 3.40000000
-25.71443725 -6.84106691 3.40000000
17.34122776 -6.79979070 3.40000000
-23.25476273 -6.79813313 3.40000000
19.80090229 -6.75685692 3.40000000
-20.79508821 -6.75519935 3.40000000
22.26051942 -6.71392414 3.40000000
-18.33558586 -6.71226858 3.40000000
24.72007916 -6.67099237 3.40000000
-15.87591134 -6.66933480 3.40000000
27.17975368 -6.62805859 3.40000000
-13.41640899 -6.62640403 3.40000000
29.63942820 -6.58512481 3.40000000
-10.95673447 -6.58347025 3.40000000
32.09893055 -6.54219404 3.40000000
-8.49705994 -6.54053647 3.40000000
34.55860507 -6.49926026 3.40000000
-6.03738542 -6.49760269 3.40000000
37.01822221 -6.45632748 3.40000000
-3.57788307 -6.45467192 3.40000000
39.47778195 -6.41339571 3.40000000
-1.11820855 -6.41173814 3.40000000
41.93745647 -6.37046193 3.40000000
1.34129380 -6.36880737 3.40000000
3.80096832 -6.32587359 3.40000000
6.26064285 -6.28293981 3.40000000
8.72031737 -6.24000603 3.40000000
11.17981972 -6.19707526 3.40000000
13.63949424 -6.15414148 3.40000000
16.09899659 -6.11121071 3.40000000
18.55867111 -6.06827693 3.40000000
21.01834563 -6.02534315 3.40000000
23.47802016 -5.98240937 3.40000000
25.93752250 -5.93947860 3.40000000
28.39719703 -5.89654482 3.40000000
30.85669938 -5.85361404 3.40000000
33.31637390 -5.81068027 3.40000000
35.77604842 -5.76774649 3.40000000
38.23572294 -5.72481271 3.40000000
40.69522529 -5.68188194 3.40000000
-30.65840195 -5.50683772 3.40000000
-28.19872743 -5.46390394 3.40000000
-25.73922508 -5.42097317 3.40000000
-23.27955056 -5.37803939 3.40000000
-20.81993343 -5.33510661 3.40000000
-18.36037369 -5.29217484 3.40000000
-15.90069917 -5.24924106 3.40000000
-13.44102464 -5.20630728 3.40000000
-10.98152229 -5.16337651 3.40000000
-8.52184777 -5.12044273 3.40000000
-6.06223064 -5.07750995 3.40000000
-3.60267090 -5.03457818 3.40000000
-1.14299638 -4.99164440 3.40000000
1.31667815 -4.94871062 3.40000000
3.77618049 -4.90577985 3.40000000
6.23585502 -4.86284607 3.40000000
8.69547215 -4.81991329 3.40000000
-31.90063313 -4.81825773 3.40000000
11.15503189 -4.77698152 3.40000000
-29.44095861 -4.77532395 3.40000000
13.61470641 -4.73404774 3.40000000
-26.98145626 -4.73239318 3.40000000
16.07438093 -4.69111396 3.40000000
-24.52178173 -4.68945940 3.40000000
18.53388328 -4.64818319 3.40000000
-22.06210721 -4.64652562 3.40000000
20.99355780 -4.60524941 3.40000000
-19.60243269 -4.60359184 3.40000000
23.45317494 -4.56231663 3.40000000
-17.14293034 -4.56066107 3.40000000
25.91273468 -4.51938486 3.40000000
-14.68325582 -4.51772729 3.40000000
28.37240920 -4.47645108 3.40000000
-12.22375347 -4.47479652 3.40000000
30.83208372 -4.43351730 3.40000000
-9.76407895 -4.43186274 3.40000000
33.29158607 -4.39058653 3.40000000
-7.30440442 -4.38892896 3.40000000
35.75126059 -4.34765275 3.40000000
-4.84472990 -4.34599518 3.40000000
38.21087772 -4.30471997 3.40000000
-2.38522755 -4.30306441 3.40000000
40.67043746 -4.26178820 3.40000000
0.07444697 -4.26013063 3.40000000
43.13011199 -4.21885442 3.40000000
2.53394932 -4.21719986 3.40000000
4.99362384 -4.17426608 3.40000000
7.45329836 -4.13133230 3.40000000
9.91297289 -4.08839852 3.40000000
12.37247524 -4.04546775 3.40000000
14.83214976 -4.00253397 3.40000000
17.29165211 -3.95960320 3.40000000
19.75132663 -3.91666942 3.40000000
22.21100115 -3.87373564 3.40000000
24.67067567 -3.83080186 3.40000000
27.13017802 -3.78787109 3.40000000
29.58985255 -3.74493731 3.40000000
32.04935489 -3.70200654 3.40000000
34.50902942 -3.65907276 3.40000000
36.96870394 -3.61613898 3.40000000
39.42837846 -3.57320520 3.40000000
41.88788081 -3.53027443 3.40000000
-29.46577426 -3.35528040 3.40000000
-27.00609974 -3.31234663 3.40000000
-24.54659739 -3.26941585 3.40000000
-22.08692287 -3.22648207 3.40000000
-19.62730574 -3.18354930 3.40000000
-17.16774600 -3.14061752 3.40000000
-14.70807147 -3.09768374 3.40000000
-12.24839695 -3.05474997 3.40000000
-9.78889460 -3.01181919 3.40000000
-7.32922008 -2.96888541 3.40000000
-4.86960295 -2.92595264 3.40000000
-2.41004321 -2.88302086 3.40000000
0.04963131 -2.84008708 3.40000000
2.50930584 -2.79715330 3.40000000
4.96880818 -2.75422253 3.40000000
7.42848271 -2.71128875 3.40000000
9.88809984 -2.66835598 3.40000000
-30.70797761 -2.66665022 3.40000000
12.34765958 -2.62542420 3.40000000
-28.24830309 -2.62371644 3.40000000
14.80733410 -2.58249042 3.40000000
-25.78880074 -2.58078567 3.40000000
17.26700862 -2.53955664 3.40000000
-23.32912622 -2.53785189 3.40000000
19.72651097 -2.49662587 3.40000000
-20.86945169 -2.49491811 3.40000000
22.18618550 -2.45369209 3.40000000
-18.40977717 -2.45198433 3.40000000
24.64580263 -2.41075932 3.40000000
-15.95027482 -2.40905356 3.40000000
27.10536237 -2.36782754 3.40000000
-13.49060030 -2.36611978 3.40000000
29.56503689 -2.32489376 3.40000000
-11.03109795 -2.32318901 3.40000000
32.02471141 -2.28195998 3.40000000
-8.57142343 -2.28025523 3.40000000
34.48421376 -2.23902921 3.40000000
-6.11174891 -2.23732145 3.40000000
36.94388828 -2.19609543 3.40000000
-3.65207438 -2.19438767 3.40000000
39.40350541 -2.15316266 3.40000000
-1.19257203 -2.15145690 3.40000000
41.86306515 -2.11023088 3.40000000
1.26710249 -2.10852312 3.40000000
44.32273968 -2.06729710 3.40000000
3.72660484 -2.06559235 3.40000000
6.18627936 -2.02265857 3.40000000
8.64595388 -1.97972479 3.40000000
11.10562840 -1.93679101 3.40000000
13.56513075 -1.89386024 3.40000000
16.02480528 -1.85092646 3.40000000
18.48430763 -1.80799569 3.40000000
20.94398215 -1.76506191 3.40000000
23.40365667 -1.72212813 3.40000000
25.86333119 -1.67919435 3.40000000
28.32283354 -1.63626358 3.40000000
30.78250806 -1.59332980 3.40000000
33.24201041 -1.55039903 3.40000000
35.70168494 -1.50746525 3.40000000
38.16135946 -1.46453147 3.40000000
40.62103398 -1.42159769 3.40000000
43.08053633 -1.37866692 3.40000000
-28.27317440 -1.20377330 3.40000000
-25.81349988 -1.16083952 3.40000000
-23.35399753 -1.11790875 3.40000000
-20.89432301 -1.07497497 3.40000000
-18.43470588 -1.03204219 3.40000000
-15.97514614 -0.98911042 3.40000000
-13.51547161 -0.94617664 3.40000000
-11.05579709 -0.90324286 3.40000000
-8.59629474 -0.86031209 3.40000000
-6.13662022 -0.81737831 3.40000000
-3.67700309 -0.77444553 3.40000000
-1.21744335 -0.73151376 3.40000000
1.24223118 -0.68857998 3.40000000
3.70190570 -0.64564620 3.40000000
6.16140805 -0.60271543 3.40000000
8.62108257 -0.55978165 3.40000000
11.08069970 -0.51684887 3.40000000
-29.51540558 -0.51519332 3.40000000
13.54025944 -0.47391710 3.40000000
-27.05573105 -0.47225954 3.40000000
15.99993396 -0.43098332 3.40000000
-24.59622870 -0.42932877 3.40000000
18.45960849 -0.38804954 3.40000000
-22.13655418 -0.38639499 3.40000000
20.91911083 -0.34511877 3.40000000
-19.67687966 -0.34346121 3.40000000
23.37878536 -0.30218499 3.40000000
-17.21720514 -0.30052743 3.40000000
25.83840249 -0.25925221 3.40000000
-14.75770279 -0.25759666 3.40000000
28.29796223 -0.21632044 3.40000000
-12.29802827 -0.21466288 3.40000000
30.75763675 -0.17338666 3.40000000
-9.83852592 -0.17173211 3.40000000
33.21731127 -0.13045288 3.40000000
-7.37885139 -0.12879833 3.40000000
35.67681362 -0.08752211 3.40000000
-4.91917687 -0.08586455 3.40000000
38.13648815 -0.04458833 3.40000000
-2.45950235 -0.04293077 3.40000000
40.59610528 -0.00165555 3.40000000
0.00000000 0.00000000 3.40000000
43.05566502 0.04127622 3.40000000
2.45967452 0.04293378 3.40000000
45.51533954 0.08421000 3.40000000
4.91917687 0.08586455 3.40000000
7.37885139 0.12879833 3.40000000
9.83852592 0.17173211 3.40000000
12.29820044 0.21466589 3.40000000
14.75770279 0.25759666 3.40000000
17.21737731 0.30053044 3.40000000
19.67687966 0.34346121 3.40000000
22.13655418 0.38639499 3.40000000
24.59622870 0.42932877 3.40000000
27.05590323 0.47226255 3.40000000
29.51540558 0.51519332 3.40000000
31.97508010 0.55812710 3.40000000
34.43458245 0.60105787 3.40000000
36.89425697 0.64399165 3.40000000
39.35393149 0.68692543 3.40000000
41.81360602 0.72985921 3.40000000
44.27310836 0.77278998 3.40000000
-27.08051888 0.94783421 3.40000000
-24.62084436 0.99076799 3.40000000
-22.16134201 1.03369876 3.40000000
-19.70166749 1.07663254 3.40000000
-17.24205036 1.11956531 3.40000000
-14.78249062 1.16249709 3.40000000
-12.32281609 1.20543087 3.40000000
-9.86314157 1.24836465 3.40000000
-7.40363922 1.29129542 3.40000000
-4.94396470 1.33422920 3.40000000
-2.48434757 1.37716197 3.40000000
-0.02478783 1.42009375 3.40000000
2.43488669 1.46302753 3.40000000
4.89456122 1.50596131 3.40000000
7.35406357 1.54889208 3.40000000
9.81373809 1.59182586 3.40000000
12.27335522 1.63475864 3.40000000
-28.32275006 1.63641419 3.40000000
14.73291496 1.67769041 3.40000000
-25.86307553 1.67934797 3.40000000
17.19258948 1.72062419 3.40000000
-23.40357319 1.72227874 3.40000000
19.65226400 1.76355797 3.40000000
-20.94389866 1.76521252 3.40000000
22.11176635 1.80648874 3.40000000
-18.48422414 1.80814630 3.40000000
24.57144088 1.84942252 3.40000000
-16.02454962 1.85108008 3.40000000
27.03105801 1.89235530 3.40000000
-13.56504727 1.89401085 3.40000000
29.49061775 1.93528707 3.40000000
-11.10537275 1.93694463 3.40000000
31.95029227 1.97822085 3.40000000
-8.64587040 1.97987540 3.40000000
34.40996679 2.02115463 3.40000000
-6.18619588 2.02280918 3.40000000
36.86946914 2.06408540 3.40000000
-3.72652135 2.06574296 3.40000000
39.32914366 2.10701918 3.40000000
-1.26684683 2.10867674 3.40000000
41.78876080 2.14995196 3.40000000
1.19265552 2.15160751 3.40000000
44.24832054 2.19288373 3.40000000
3.65233004 2.19454129 3.40000000
46.70799506 2.23581751 3.40000000
6.11183239 2.23747206 3.40000000
8.57150691 2.28040584 3.40000000
11.03118144 2.32333962 3.40000000
13.49085596 2.36627340 3.40000000
15.95035831 2.40920417 3.40000000
18.41003283 2.45213795 3.40000000
20.86953518 2.49506872 3.40000000
23.32920970 2.53800250 3.40000000
25.78888422 2.58093628 3.40000000
28.24855875 2.62387006 3.40000000
30.70806109 2.66680083 3.40000000
33.16773562 2.70973461 3.40000000
35.62723797 2.75266538 3.40000000
38.08691249 2.79559916 3.40000000
40.54658701 2.83853294 3.40000000
43.00626153 2.88146672 3.40000000
45.46576388 2.92439749 3.40000000
-25.88786336 3.09944172 3.40000000
-23.42818884 3.14237550 3.40000000
-20.96868649 3.18530627 3.40000000
-18.50901197 3.22824005 3.40000000
-16.04939484 3.27117282 3.40000000
-13.58983510 3.31410460 3.40000000
-11.13016058 3.35703838 3.40000000
-8.67048605 3.39997216 3.40000000
-6.21098370 3.44290293 3.40000000
-3.75130918 3.48583671 3.40000000
-1.29169205 3.52876948 3.40000000
1.16786769 3.57170126 3.40000000
3.62754221 3.61463504 3.40000000
6.08721674 3.65756882 3.40000000
8.54671908 3.70049959 3.40000000
11.00639361 3.74343337 3.40000000
13.46601074 3.78636614 3.40000000
-27.13017802 3.78787109 3.40000000
15.92557048 3.82929792 3.40000000
-24.67050350 3.83080487 3.40000000
18.38524500 3.87223170 3.40000000
-22.21100115 3.87373564 3.40000000
20.84491952 3.91516548 3.40000000
-19.75132663 3.91666942 3.40000000
23.30442187 3.95809625 3.40000000
-17.29165211 3.95960320 3.40000000
25.76409639 4.00103003 3.40000000
-14.83197758 4.00253697 3.40000000
28.22371353 4.04396280 3.40000000
-12.37247524 4.04546775 3.40000000
30.68327327 4.08689458 3.40000000
-9.91280071 4.08840153 3.40000000
33.14294779 4.12982836 3.40000000
-7.45329836 4.13133230 3.40000000
35.60262231 4.17276214 3.40000000
-4.99362384 4.17426608 3.40000000
38.06212466 4.21569291 3.40000000
-2.53394932 4.21719986 3.40000000
40.52179918 4.25862669 3.40000000
-0.07427480 4.26013364 3.40000000
42.98141631 4.30155947 3.40000000
2.38522755 4.30306441 3.40000000
45.44097605 4.34449124 3.40000000
4.84490208 4.34599819 3.40000000
47.90065058 4.38742502 3.40000000
7.30440442 4.38892896 3.40000000
9.76407895 4.43186274 3.40000000
12.22375347 4.47479652 3.40000000
14.68342799 4.51773030 3.40000000
17.14293034 4.56066107 3.40000000
19.60260486 4.60359485 3.40000000
22.06210721 4.64652562 3.40000000
24.52178173 4.68945940 3.40000000
26.98145626 4.73239318 3.40000000
29.44113078 4.77532696 3.40000000
31.90063313 4.81825773 3.40000000
34.36030765 4.86119151 3.40000000
36.81981000 4.90412228 3.40000000
39.27948452 4.94705606 3.40000000
41.73915905 4.98998984 3.40000000
44.19883357 5.03292362 3.40000000
46.65833592 5.07585439 3.40000000
-24.69529133 5.25089862 3.40000000
-22.23561681 5.29383239 3.40000000
-19.77611446 5.33676317 3.40000000
-17.31643994 5.37969695 3.40000000
-14.85682280 5.42262972 3.40000000
-12.39726306 5.46556150 3.40000000
-9.93758854 5.50849528 3.40000000
-7.47791402 5.55142905 3.40000000
-5.01841167 5.59435983 3.40000000
-2.55873715 5.63729361 3.40000000
-0.09912002 5.68022638 3.40000000
2.36043972 5.72315816 3.40000000
4.82011425 5.76609194 3.40000000
7.27978877 5.80902572 3.40000000
9.73929112 5.85195649 3.40000000
12.19896564 5.89489027 3.40000000
14.65858277 5.93782304 3.40000000
-25.93752250 5.93947861 3.40000000
17.11814251 5.98075482 3.40000000
-23.47784798 5.98241239 3.40000000
19.57781703 6.02368860 3.40000000
-21.01834563 6.02534316 3.40000000
22.03749156 6.06662238 3.40000000
-18.55867111 6.06827694 3.40000000
24.49699391 6.10955315 3.40000000
-16.09899659 6.11121072 3.40000000
26.95666843 6.15248693 3.40000000
-13.63932207 6.15414449 3.40000000
29.41628556 6.19541970 3.40000000
-11.17981972 6.19707527 3.40000000
31.87584530 6.23835148 3.40000000
-8.72014519 6.24000905 3.40000000
34.33551982 6.28128526 3.40000000
-6.26064285 6.28293982 3.40000000
36.79519435 6.32421904 3.40000000
-3.80096832 6.32587360 3.40000000
39.25469669 6.36714981 3.40000000
-1.34129380 6.36880738 3.40000000
41.71437122 6.41008359 3.40000000
1.11838072 6.41174115 3.40000000
44.17398835 6.45301636 3.40000000
3.57788307 6.45467193 3.40000000
46.63354809 6.49594814 3.40000000
6.03755759 6.49760571 3.40000000
49.09322261 6.53888192 3.40000000
8.49705994 6.54053648 3.40000000
10.95673447 6.58347026 3.40000000
13.41640899 6.62640404 3.40000000
15.87608351 6.66933781 3.40000000
18.33558586 6.71226859 3.40000000
20.79526038 6.75520237 3.40000000
23.25476273 6.79813314 3.40000000
25.71443725 6.84106692 3.40000000
28.17411178 6.88400070 3.40000000
30.63378630 6.92693447 3.40000000
33.09328865 6.96986525 3.40000000
35.55296317 7.01279903 3.40000000
38.01246552 7.05572980 3.40000000
40.47214004 7.09866358 3.40000000
42.93181456 7.14159736 3.40000000
45.39148909 7.18453114 3.40000000
47.85099144 7.22746191 3.40000000
-23.50263581 7.40250613 3.40000000
-21.04296129 7.44543990 3.40000000
-18.58345894 7.48837068 3.40000000
-16.12378442 7.53130446 3.40000000
-13.66416729 7.57423723 3.40000000
-11.20460755 7.61716901 3.40000000
-8.74493302 7.66010279 3.40000000
-6.28525850 7.70303656 3.40000000
-3.82575615 7.74596734 3.40000000
-1.36608163 7.78890112 3.40000000
1.09353550 7.83183389 3.40000000
3.55309524 7.87476567 3.40000000
6.01276977 7.91769945 3.40000000
8.47244429 7.96063322 3.40000000
10.93194664 8.00356400 3.40000000
13.39162116 8.04649778 3.40000000
15.85123829 8.08943055 3.40000000
-24.74486699 8.09108612 3.40000000
18.31079803 8.13236233 3.40000000
-22.28519246 8.13401989 3.40000000
20.77047255 8.17529611 3.40000000
-19.82569012 8.17695067 3.40000000
23.23014708 8.21822988 3.40000000
-17.36601559 8.21988445 3.40000000
25.68964942 8.26116066 3.40000000
-14.90634107 8.26281822 3.40000000
28.14932395 8.30409444 3.40000000
-12.44666655 8.30575200 3.40000000
30.60894108 8.34702721 3.40000000
-9.98716420 8.34868278 3.40000000
33.06850082 8.38995899 3.40000000
-7.52748968 8.39161655 3.40000000
35.52817534 8.43289277 3.40000000
-5.06798733 8.43454733 3.40000000
37.98784986 8.47582654 3.40000000
-2.60831280 8.47748111 3.40000000
40.44735221 8.51875732 3.40000000
-0.14863828 8.52041488 3.40000000
42.90702674 8.56169110 3.40000000
2.31103624 8.56334866 3.40000000
45.36664387 8.60462387 3.40000000
4.77053859 8.60627944 3.40000000
47.82620361 8.64755565 3.40000000
7.23021311 8.64921321 3.40000000
50.28587813 8.69048943 3.40000000
9.68971546 8.69214399 3.40000000
12.14938998 8.73507777 3.40000000
14.60906451 8.77801155 3.40000000
17.06873903 8.82094532 3.40000000
19.52824138 8.86387610 3.40000000
21.98791590 8.90680988 3.40000000
24.44741825 8.94974065 3.40000000
26.90709277 8.99267443 3.40000000
29.36676729 9.03560821 3.40000000
31.82644182 9.07854198 3.40000000
34.28594417 9.12147276 3.40000000
36.74561869 9.16440654 3.40000000
39.20512104 9.20733731 3.40000000
41.66479556 9.25027109 3.40000000
44.12447008 9.29320487 3.40000000
46.58414460 9.33613864 3.40000000
49.04364695 9.37906942 3.40000000
-22.31000812 9.55406344 3.40000000
-19.85033360 9.59699722 3.40000000
-17.39083125 9.63992799 3.40000000
-14.93115673 9.68286177 3.40000000
-12.47153960 9.72579455 3.40000000
-10.01197986 9.76872632 3.40000000
-7.55230533 9.81166010 3.40000000
-5.09263081 9.85459388 3.40000000
-2.63312846 9.89752465 3.40000000
-0.17345394 9.94045843 3.40000000
2.28616319 9.98339121 3.40000000
4.74572293 10.02632298 3.40000000
7.20539746 10.06925676 3.40000000
9.66507198 10.11219054 3.40000000
12.12457433 10.15512131 3.40000000
14.58424885 10.19805509 3.40000000
17.04386598 10.24098787 3.40000000
-23.55221147 10.24269362 3.40000000
19.50342572 10.28391964 3.40000000
-21.09253695 10.28562740 3.40000000
21.96310024 10.32685342 3.40000000
-18.63303460 10.32855818 3.40000000
24.42277477 10.36978720 3.40000000
-16.17336007 10.37149195 3.40000000
26.88227711 10.41271797 3.40000000
-13.71368555 10.41442573 3.40000000
29.34195164 10.45565175 3.40000000
-11.25401103 10.45735951 3.40000000
31.80156877 10.49858453 3.40000000
-8.79450868 10.50029029 3.40000000
34.26112851 10.54151630 3.40000000
-6.33483416 10.54322406 3.40000000
36.72080303 10.58445008 3.40000000
-3.87533181 10.58615484 3.40000000
39.18047755 10.62738386 3.40000000
-1.41565729 10.62908862 3.40000000
41.63997990 10.67031463 3.40000000
1.04401724 10.67202239 3.40000000
44.09965443 10.71324841 3.40000000
3.50369176 10.71495617 3.40000000
46.55927156 10.75618119 3.40000000
5.96319411 10.75788695 3.40000000
49.01883130 10.79911296 3.40000000
8.42286863 10.80082072 3.40000000
51.47850582 10.84204674 3.40000000
10.88237098 10.84375150 3.40000000
13.34204550 10.88668528 3.40000000
15.80172002 10.92961905 3.40000000
18.26139455 10.97255283 3.40000000
20.72089690 11.01548361 3.40000000
23.18057142 11.05841738 3.40000000
25.64007377 11.10134816 3.40000000
28.09974829 11.14428194 3.40000000
30.55942281 11.18721571 3.40000000
33.01909734 11.23014949 3.40000000
35.47859968 11.27308027 3.40000000
37.93827421 11.31601404 3.40000000
40.39777656 11.35894482 3.40000000
42.85745108 11.40187860 3.40000000
45.31712560 11.44481237 3.40000000
47.77680012 11.48774615 3.40000000
50.23630247 11.53067693 3.40000000
-21.11740826 11.70557054 3.40000000
-18.65773374 11.74850432 3.40000000
-16.19823139 11.79143509 3.40000000
-13.73855686 11.83436887 3.40000000
-11.27893973 11.87730165 3.40000000
-8.81937999 11.92023343 3.40000000
-6.35970547 11.96316720 3.40000000
-3.90003095 12.00610098 3.40000000
-1.44052860 12.04903176 3.40000000
1.01914592 12.09196553 3.40000000
3.47876306 12.13489831 3.40000000
5.93832280 12.17783009 3.40000000
8.39799732 12.22076386 3.40000000
10.85767184 12.26369764 3.40000000
13.31717419 12.30662842 3.40000000
15.77684871 12.34956219 3.40000000
18.23646584 12.39249497 3.40000000
-22.35963943 12.39415052 3.40000000
20.69602558 12.43542675 3.40000000
-19.89996491 12.43708430 3.40000000
23.15570011 12.47836052 3.40000000
-17.44046256 12.48001508 3.40000000
25.61537463 12.52129430 3.40000000
-14.98078804 12.52294885 3.40000000
28.07487698 12.56422508 3.40000000
-12.52111352 12.56588263 3.40000000
30.53455150 12.60715885 3.40000000
-10.06143899 12.60881641 3.40000000
32.99416863 12.65009163 3.40000000
-7.60193665 12.65174718 3.40000000
35.45372837 12.69302341 3.40000000
-5.14226212 12.69468096 3.40000000
37.91340289 12.73595718 3.40000000
-2.68275977 12.73761174 3.40000000
40.37307742 12.77889096 3.40000000
-0.22308525 12.78054551 3.40000000
42.83257977 12.82182174 3.40000000
2.23658927 12.82347929 3.40000000
45.29225429 12.86475551 3.40000000
4.69626379 12.86641307 3.40000000
47.75187142 12.90768829 3.40000000
7.15576614 12.90934384 3.40000000
50.21143116 12.95062007 3.40000000
9.61544066 12.95227762 3.40000000
52.67110568 12.99355385 3.40000000
12.07494301 12.99520840 3.40000000
14.53461754 13.03814217 3.40000000
16.99429206 13.08107595 3.40000000
19.45396658 13.12400973 3.40000000
21.91346893 13.16694051 3.40000000
24.37314345 13.20987428 3.40000000
26.83264580 13.25280506 3.40000000
29.29232032 13.29573884 3.40000000
31.75199485 13.33867261 3.40000000
34.21166937 13.38160639 3.40000000
36.67117172 13.42453717 3.40000000
39.13084624 13.46747094 3.40000000
41.59034859 13.51040172 3.40000000
44.05002311 13.55333550 3.40000000
46.50969763 13.59626927 3.40000000
48.96937216 13.63920305 3.40000000
51.42887451 13.68213383 3.40000000
-19.92475274 13.85717805 3.40000000
-17.46507822 13.90011183 3.40000000
-15.00557587 13.94304260 3.40000000
-12.54590135 13.98597638 3.40000000
-10.08628421 14.02890916 3.40000000
-7.62672447 14.07184093 3.40000000
-5.16704995 14.11477471 3.40000000
-2.70737543 14.15770849 3.40000000
-0.24787308 14.20063926 3.40000000
2.21180144 14.24357304 3.40000000
4.67141857 14.28650582 3.40000000
7.13097831 14.32943759 3.40000000
9.59065284 14.37237137 3.40000000
12.05032736 14.41530515 3.40000000
14.50982971 14.45823592 3.40000000
16.96950423 14.50116970 3.40000000
19.42912136 14.54410248 3.40000000
-21.16698392 14.54575803 3.40000000
21.88868110 14.58703425 3.40000000
-18.70730939 14.58869181 3.40000000
24.34835562 14.62996803 3.40000000
-16.24780704 14.63162258 3.40000000
26.80803015 14.67290181 3.40000000
-13.78813252 14.67455636 3.40000000
29.26753250 14.71583259 3.40000000
-11.32845800 14.71749014 3.40000000
31.72720702 14.75876636 3.40000000
-8.86878348 14.76042392 3.40000000
34.18682415 14.80169914 3.40000000
-6.40928113 14.80335469 3.40000000
36.64638389 14.84463092 3.40000000
-3.94960660 14.84628847 3.40000000
39.10605841 14.88756469 3.40000000
-1.49010426 14.88921925 3.40000000
41.56573293 14.93049847 3.40000000
0.96957027 14.93215302 3.40000000
44.02523528 14.97342925 3.40000000
3.42924479 14.97508680 3.40000000
46.48490981 15.01636302 3.40000000
5.88891931 15.01802058 3.40000000
48.94452694 15.05929580 3.40000000
8.34842166 15.06095135 3.40000000
51.40408668 15.10222758 3.40000000
10.80809618 15.10388513 3.40000000
53.86376120 15.14516135 3.40000000
13.26759853 15.14681591 3.40000000
15.72727305 15.18974968 3.40000000
18.18694758 15.23268346 3.40000000
20.64662210 15.27561724 3.40000000
23.10612445 15.31854801 3.40000000
25.56579897 15.36148179 3.40000000
28.02530132 15.40441257 3.40000000
30.48497584 15.44734634 3.40000000
32.94465037 15.49028012 3.40000000
35.40432489 15.53321390 3.40000000
37.86382724 15.57614467 3.40000000
40.32350176 15.61907845 3.40000000
42.78300411 15.66200923 3.40000000
45.24267863 15.70494300 3.40000000
47.70235315 15.74787678 3.40000000
50.16202768 15.79081056 3.40000000
52.62153002 15.83374133 3.40000000
-18.73209722 16.00878556 3.40000000
-16.27242270 16.05171934 3.40000000
-13.81292035 16.09465011 3.40000000
-11.35324583 16.13758389 3.40000000
-8.89362870 16.18051667 3.40000000
-6.43406896 16.22344844 3.40000000
-3.97439443 16.26638222 3.40000000
-1.51471991 16.30931600 3.40000000
0.94478244 16.35224677 3.40000000
3.40445696 16.39518055 3.40000000
5.86407409 16.43811333 3.40000000
8.32363383 16.48104510 3.40000000
10.78330835 16.52397888 3.40000000
13.24298288 16.56691266 3.40000000
15.70248523 16.60984343 3.40000000
18.16215975 16.65277721 3.40000000
20.62177688 16.69570999 3.40000000
-19.97441188 16.69721493 3.40000000
23.08133662 16.73864176 3.40000000
-17.51473736 16.74014871 3.40000000
25.54101114 16.78157554 3.40000000
-15.05523501 16.78307948 3.40000000
28.00068567 16.82450932 3.40000000
-12.59556049 16.82601326 3.40000000
30.46018801 16.86744009 3.40000000
-10.13588596 16.86894704 3.40000000
32.91986254 16.91037387 3.40000000
-7.67621144 16.91188082 3.40000000
35.37947967 16.95330665 3.40000000
-5.21670909 16.95481159 3.40000000
37.83903941 16.99623842 3.40000000
-2.75703457 16.99774537 3.40000000
40.29871393 17.03917220 3.40000000
-0.29753222 17.04067614 3.40000000
42.75838845 17.08210598 3.40000000
2.16214230 17.08360992 3.40000000
45.21789080 17.12503675 3.40000000
4.62181682 17.12654370 3.40000000
47.67756532 17.16797053 3.40000000
7.08149135 17.16947748 3.40000000
50.13718246 17.21090331 3.40000000
9.54099369 17.21240825 3.40000000
52.59674220 17.25383508 3.40000000
12.00066822 17.25534203 3.40000000
55.05641672 17.29676886 3.40000000
14.46017057 17.29827280 3.40000000
16.91984509 17.34120658 3.40000000
19.37951961 17.38414036 3.40000000
21.83919413 17.42707414 3.40000000
24.29869648 17.47000491 3.40000000
26.75837101 17.51293869 3.40000000
29.21787335 17.55586946 3.40000000
31.67754788 17.59880324 3.40000000
34.13722240 17.64173702 3.40000000
36.59689692 17.68467080 3.40000000
39.05639927 17.72760157 3.40000000
41.51607379 17.77053535 3.40000000
43.97557614 17.81346613 3.40000000
46.43525066 17.85639990 3.40000000
48.89492519 17.89933368 3.40000000
51.35459971 17.94226746 3.40000000
53.81410206 17.98519823 3.40000000
-17.53952519 18.16024246 3.40000000
-15.07985066 18.20317624 3.40000000
-12.62034832 18.24610701 3.40000000
-10.16067379 18.28904079 3.40000000
-7.70105666 18.33197357 3.40000000
-5.24149692 18.37490534 3.40000000
-2.78182240 18.41783912 3.40000000
-0.32214788 18.46077290 3.40000000
2.13735447 18.50370367 3.40000000
4.59702899 18.54663745 3.40000000
7.05664613 18.58957023 3.40000000
9.51620587 18.63250200 3.40000000
11.97588039 18.67543578 3.40000000
14.43555491 18.71836956 3.40000000
16.89505726 18.76130033 3.40000000
19.35473178 18.80423411 3.40000000
21.81434891 18.84716689 3.40000000
-18.78175636 18.84882245 3.40000000
24.27390865 18.89009866 3.40000000
-16.32208184 18.89175623 3.40000000
26.73358318 18.93303244 3.40000000
-13.86257949 18.93468700 3.40000000
29.19325770 18.97596622 3.40000000
-11.40290497 18.97762078 3.40000000
31.65276005 19.01889699 3.40000000
-8.94323045 19.02055456 3.40000000
34.11243457 19.06183077 3.40000000
-6.48355592 19.06348834 3.40000000
36.57205170 19.10476355 3.40000000
-4.02405357 19.10641911 3.40000000
39.03161144 19.14769532 3.40000000
-1.56437905 19.14935289 3.40000000
41.49128596 19.19062910 3.40000000
0.89512330 19.19228366 3.40000000
43.95096049 19.23356288 3.40000000
3.35479782 19.23521744 3.40000000
46.41046284 19.27649365 3.40000000
5.81447234 19.27815122 3.40000000
48.87013736 19.31942743 3.40000000
8.27414686 19.32108500 3.40000000
51.32975449 19.36236021 3.40000000
10.73364921 19.36401577 3.40000000
53.78931423 19.40529198 3.40000000
13.19332374 19.40694955 3.40000000
56.24898875 19.44822576 3.40000000
15.65282608 19.44988032 3.40000000
18.11250061 19.49281410 3.40000000
20.57217513 19.53574788 3.40000000
23.03184965 19.57868166 3.40000000
25.49135200 19.62161243 3.40000000
27.95102652 19.66454621 3.40000000
30.41052887 19.70747698 3.40000000
32.87020340 19.75041076 3.40000000
35.32987792 19.79334454 3.40000000
37.78955244 19.83627832 3.40000000
40.24905479 19.87920909 3.40000000
42.70872931 19.92214287 3.40000000
45.16823166 19.96507364 3.40000000
47.62790618 20.00800742 3.40000000
50.08758071 20.05094120 3.40000000
52.54725523 20.09387498 3.40000000
55.00675758 20.13680575 3.40000000
-16.34686967 20.31184997 3.40000000
-13.88719515 20.35478375 3.40000000
-11.42769280 20.39771452 3.40000000
-8.96801827 20.44064830 3.40000000
-6.50840114 20.48358108 3.40000000
-4.04884140 20.52651285 3.40000000
-1.58916688 20.56944663 3.40000000
0.87050764 20.61238041 3.40000000
3.33000999 20.65531118 3.40000000
5.78968451 20.69824496 3.40000000
8.24930164 20.74117774 3.40000000
10.70886138 20.78410951 3.40000000
13.16853591 20.82704329 3.40000000
15.62821043 20.86997707 3.40000000
18.08771278 20.91290784 3.40000000
20.54738730 20.95584162 3.40000000
23.00700443 20.99877440 3.40000000
-17.58910084 21.00042996 3.40000000
25.46656417 21.04170617 3.40000000
-15.12942632 21.04336374 3.40000000
27.92623870 21.08463995 3.40000000
-12.66992397 21.08629451 3.40000000
30.38591322 21.12757373 3.40000000
-10.21024945 21.12922829 3.40000000
32.84541557 21.17050450 3.40000000
-7.75057493 21.17216207 3.40000000
35.30509009 21.21343828 3.40000000
-5.29090041 21.21509585 3.40000000
37.76470722 21.25637106 3.40000000
-2.83139806 21.25802662 3.40000000
40.22426696 21.29930283 3.40000000
-0.37172353 21.30096040 3.40000000
42.68394148 21.34223661 3.40000000
2.08777882 21.34389117 3.40000000
45.14361601 21.38517039 3.40000000
4.54745334 21.38682495 3.40000000
47.60311835 21.42810116 3.40000000
7.00712786 21.42975873 3.40000000
50.06279288 21.47103494 3.40000000
9.46680238 21.47269251 3.40000000
52.52241001 21.51396772 3.40000000
11.92630473 21.51562328 3.40000000
54.98196975 21.55689949 3.40000000
14.38597925 21.55855706 3.40000000
57.44164427 21.59983327 3.40000000
16.84548160 21.60148783 3.40000000
19.30515613 21.64442161 3.40000000
21.76483065 21.68735539 3.40000000
24.22450517 21.73028917 3.40000000
26.68400752 21.77321994 3.40000000
29.14368204 21.81615372 3.40000000
31.60318439 21.85908449 3.40000000
34.06285891 21.90201827 3.40000000
36.52253344 21.94495205 3.40000000
38.98220796 21.98788583 3.40000000
41.44171031 22.03081660 3.40000000
43.90138483 22.07375038 3.40000000
46.36088718 22.11668115 3.40000000
48.82056170 22.15961493 3.40000000
51.28023622 22.20254871 3.40000000
53.73991075 22.24548249 3.40000000
56.19941310 22.28841326 3.40000000
-15.15424198 22.46340729 3.40000000
-12.69456746 22.50634106 3.40000000
-10.23506511 22.54927184 3.40000000
-7.77539058 22.59220562 3.40000000
-5.31577345 22.63513839 3.40000000
-2.85621371 22.67807017 3.40000000
-0.39653919 22.72100395 3.40000000
2.06313533 22.76393772 3.40000000
4.52263768 22.80686850 3.40000000
6.98231220 22.84980228 3.40000000
9.44192933 22.89273505 3.40000000
11.90148908 22.93566683 3.40000000
14.36116360 22.97860061 3.40000000
16.82083812 23.02153438 3.40000000
19.28034047 23.06446516 3.40000000
21.74001499 23.10739894 3.40000000
24.19963212 23.15033171 3.40000000
-16.39644533 23.15203747 3.40000000
26.65919186 23.19326349 3.40000000
-13.93677080 23.19497125 3.40000000
29.11886639 23.23619727 3.40000000
-11.47726845 23.23790202 3.40000000
31.57854091 23.27913105 3.40000000
-9.01759393 23.28083580 3.40000000
34.03804326 23.32206182 3.40000000
-6.55791941 23.32376958 3.40000000
36.49771778 23.36499560 3.40000000
-4.09824489 23.36670336 3.40000000
38.95733491 23.40792837 3.40000000
-1.63874254 23.40963413 3.40000000
41.41689465 23.45086015 3.40000000
0.82093198 23.45256791 3.40000000
43.87656917 23.49379393 3.40000000
3.28043433 23.49549868 3.40000000
46.33624370 23.53672771 3.40000000
5.74010886 23.53843246 3.40000000
48.79574605 23.57965848 3.40000000
8.19978338 23.58136624 3.40000000
51.25542057 23.62259226 3.40000000
10.65945790 23.62430002 3.40000000
53.71503770 23.66552503 3.40000000
13.11896025 23.66723079 3.40000000
56.17459744 23.70845681 3.40000000
15.57863477 23.71016457 3.40000000
58.63427196 23.75139059 3.40000000
18.03813712 23.75309534 3.40000000
20.49781164 23.79602912 3.40000000
22.95748617 23.83896290 3.40000000
25.41716069 23.88189668 3.40000000
27.87666304 23.92482745 3.40000000
30.33633756 23.96776123 3.40000000
32.79583991 24.01069200 3.40000000
35.25551443 24.05362578 3.40000000
37.71518895 24.09655956 3.40000000
40.17486348 24.13949334 3.40000000
42.63436583 24.18242411 3.40000000
45.09404035 24.22535789 3.40000000
47.55354270 24.26828866 3.40000000
50.01321722 24.31122244 3.40000000
52.47289174 24.35415622 3.40000000
54.93256627 24.39709000 3.40000000
57.39206861 24.44002077 3.40000000
-13.96164212 24.61491439 3.40000000
-11.50196759 24.65784817 3.40000000
-9.04246524 24.70077894 3.40000000
-6.58279072 24.74371272 3.40000000
-4.12317359 24.78664549 3.40000000
-1.66361385 24.82957727 3.40000000
0.79606067 24.87251105 3.40000000
3.25573519 24.91544483 3.40000000
5.71523754 24.95837560 3.40000000
8.17491207 25.00130938 3.40000000
10.63452920 25.04424216 3.40000000
13.09408894 25.08717393 3.40000000
15.55376346 25.13010771 3.40000000
18.01343798 25.17304149 3.40000000
20.47294033 25.21597226 3.40000000
22.93261485 25.25890604 3.40000000
25.39223199 25.30183882 3.40000000
-15.20387329 25.30349437 3.40000000
27.85179173 25.34477059 3.40000000
-12.74419877 25.34642815 3.40000000
30.31146625 25.38770437 3.40000000
-10.28469642 25.38935892 3.40000000
32.77114077 25.43063815 3.40000000
-7.82502190 25.43229270 3.40000000
35.23064312 25.47356892 3.40000000
-5.36534737 25.47522648 3.40000000
37.69031764 25.51650270 3.40000000
-2.90567285 25.51816026 3.40000000
40.14993477 25.55943548 3.40000000
-0.44617050 25.56109103 3.40000000
42.60949451 25.60236725 3.40000000
2.01350402 25.60402481 3.40000000
45.06916904 25.64530103 3.40000000
4.47300637 25.64695558 3.40000000
47.52884356 25.68823481 3.40000000
6.93268089 25.68988936 3.40000000
49.98834591 25.73116558 3.40000000
9.39235541 25.73282314 3.40000000
52.44802043 25.77409936 3.40000000
11.85202994 25.77575692 3.40000000
54.90763756 25.81703214 3.40000000
14.31153228 25.81868769 3.40000000
57.36719730 25.85996391 3.40000000
16.77120681 25.86162147 3.40000000
59.82687182 25.90289769 3.40000000
19.23070916 25.90455224 3.40000000
21.69038368 25.94748602 3.40000000
24.15005820 25.99041980 3.40000000
26.60973272 26.03335358 3.40000000
29.06923507 26.07628435 3.40000000
31.52890960 26.11921813 3.40000000
33.98841194 26.16214890 3.40000000
36.44808647 26.20508268 3.40000000
38.90776099 26.24801646 3.40000000
41.36743551 26.29095024 3.40000000
43.82693786 26.33388101 3.40000000
46.28661238 26.37681479 3.40000000
48.74611473 26.41974556 3.40000000
51.20578925 26.46267934 3.40000000
53.66546378 26.50561312 3.40000000
56.12513830 26.54854690 3.40000000
58.58464065 26.59147767 3.40000000
-12.76898660 26.76652190 3.40000000
-10.30931207 26.80945568 3.40000000
-7.84980973 26.85238645 3.40000000
-5.39013520 26.89532023 3.40000000
-2.93051807 26.93825300 3.40000000
-0.47095833 26.98118478 3.40000000
1.98871619 27.02411856 3.40000000
4.44839071 27.06705234 3.40000000
6.90789306 27.10998311 3.40000000
9.36756758 27.15291689 3.40000000
11.82718472 27.19584966 3.40000000
14.28674446 27.23878144 3.40000000
16.74641898 27.28171522 3.40000000
19.20609350 27.32464900 3.40000000
21.66559585 27.36757977 3.40000000
24.12527037 27.41051355 3.40000000
26.58488750 27.45344632 3.40000000
-14.01121777 27.45510188 3.40000000
29.04444724 27.49637810 3.40000000
-11.55154325 27.49803566 3.40000000
31.50412177 27.53931188 3.40000000
-9.09204090 27.54096643 3.40000000
33.96379629 27.58224566 3.40000000
-6.63236638 27.58390021 3.40000000
36.42329864 27.62517643 3.40000000
-4.17269186 27.62683399 3.40000000
38.88297316 27.66811021 3.40000000
-1.71301733 27.66976776 3.40000000
41.34259029 27.71104299 3.40000000
0.74648501 27.71269854 3.40000000
43.80215003 27.75397476 3.40000000
3.20615954 27.75563232 3.40000000
46.26182455 27.79690854 3.40000000
5.66566189 27.79856309 3.40000000
48.72149908 27.83984232 3.40000000
8.12533641 27.84149687 3.40000000
51.18100143 27.88277309 3.40000000
10.58501093 27.88443065 3.40000000
53.64067595 27.92570687 3.40000000
13.04468545 27.92736443 3.40000000
56.10029308 27.96863965 3.40000000
15.50418780 27.97029520 3.40000000
58.55985282 28.01157142 3.40000000
17.96386233 28.01322898 3.40000000
61.01952734 28.05450520 3.40000000
20.42336467 28.05615975 3.40000000
22.88303920 28.09909353 3.40000000
25.34271372 28.14202731 3.40000000
27.80238824 28.18496109 3.40000000
30.26189059 28.22789186 3.40000000
32.72156511 28.27082564 3.40000000
35.18106746 28.31375641 3.40000000
37.64074198 28.35669019 3.40000000
40.10041651 28.39962397 3.40000000
42.56009103 28.44255775 3.40000000
45.01959338 28.48548852 3.40000000
47.47926790 28.52842230 3.40000000
49.93877025 28.57135307 3.40000000
52.39844477 28.61428685 3.40000000
54.85811930 28.65722063 3.40000000
57.31779382 28.70015441 3.40000000
59.77729617 28.74308518 3.40000000
-11.57633108 28.91812941 3.40000000
-9.11665656 28.96106318 3.40000000
-6.65715421 29.00399396 3.40000000
-4.19747969 29.04692774 3.40000000
-1.73786255 29.08986051 3.40000000
0.72169719 29.13279229 3.40000000
3.18137171 29.17572607 3.40000000
5.64104623 29.21865984 3.40000000
8.10054858 29.26159062 3.40000000
10.56022310 29.30452440 3.40000000
13.01984023 29.34745717 3.40000000
15.47939997 29.39038895 3.40000000
17.93907450 29.43332273 3.40000000
20.39874902 29.47625651 3.40000000
22.85825137 29.51918728 3.40000000
25.31792589 29.56212106 3.40000000
27.77754302 29.60505383 3.40000000
-12.81864574 29.60655878 3.40000000
30.23710276 29.64798561 3.40000000
-10.35897122 29.64949256 3.40000000
32.69677728 29.69091939 3.40000000
-7.89946887 29.69242333 3.40000000
35.15645181 29.73385317 3.40000000
-5.43979434 29.73535711 3.40000000
37.61595416 29.77678394 3.40000000
-2.98011982 29.77829089 3.40000000
40.07562868 29.81971772 3.40000000
-0.52044530 29.82122466 3.40000000
42.53524581 29.86265049 3.40000000
1.93905705 29.86415544 3.40000000
44.99480555 29.90558227 3.40000000
4.39873157 29.90708922 3.40000000
47.45448007 29.94851605 3.40000000
6.85823392 29.95001999 3.40000000
49.91415460 29.99144983 3.40000000
9.31790844 29.99295377 3.40000000
52.37365694 30.03438060 3.40000000
11.77758297 30.03588755 3.40000000
54.83333147 30.07731438 3.40000000
14.23725749 30.07882132 3.40000000
57.29294860 30.12024715 3.40000000
16.69675984 30.12175210 3.40000000
59.75250834 30.16317893 3.40000000
19.15643436 30.16468588 3.40000000
62.21218286 30.20611271 3.40000000
21.61593671 30.20761665 3.40000000
24.07561123 30.25055043 3.40000000
26.53528575 30.29348421 3.40000000
28.99496028 30.33641798 3.40000000
31.45446263 30.37934876 3.40000000
33.91413715 30.42228254 3.40000000
36.37363950 30.46521331 3.40000000
38.83331402 30.50814709 3.40000000
41.29298854 30.55108087 3.40000000
43.75266306 30.59401465 3.40000000
46.21216541 30.63694542 3.40000000
48.67183994 30.67987920 3.40000000
51.13134228 30.72280997 3.40000000
53.59101681 30.76574375 3.40000000
56.05069133 30.80867753 3.40000000
58.51036585 30.85161131 3.40000000
60.96986820 30.89454208 3.40000000
-10.38375904 31.06958631 3.40000000
-7.92408452 31.11252008 3.40000000
-5.46458217 31.15545086 3.40000000
-3.00490765 31.19838464 3.40000000
-0.54529052 31.24131741 3.40000000
1.91426922 31.28424919 3.40000000
4.37394374 31.32718297 3.40000000
6.83361827 31.37011674 3.40000000
9.29312061 31.41304752 3.40000000
11.75279514 31.45598130 3.40000000
14.21241227 31.49891407 3.40000000
16.67197201 31.54184585 3.40000000
19.13164653 31.58477963 3.40000000
21.59132105 31.62771340 3.40000000
24.05082340 31.67064418 3.40000000
26.51049793 31.71357796 3.40000000
28.97011506 31.75651073 3.40000000
-11.62599022 31.75816630 3.40000000
31.42967480 31.79944251 3.40000000
-9.16631570 31.80110007 3.40000000
33.88934932 31.84237629 3.40000000
-6.70681335 31.84403085 3.40000000
36.34902384 31.88531006 3.40000000
-4.24713883 31.88696463 3.40000000
38.80852619 31.92824084 3.40000000
-1.78746430 31.92989840 3.40000000
41.26820071 31.97117462 3.40000000
0.67221022 31.97283218 3.40000000
43.72781784 32.01410739 3.40000000
3.13171257 32.01576296 3.40000000
46.18737758 32.05703917 3.40000000
5.59138709 32.05869673 3.40000000
48.64705211 32.09997295 3.40000000
8.05088944 32.10162751 3.40000000
51.10672663 32.14290673 3.40000000
10.51056396 32.14456129 3.40000000
53.56622898 32.18583750 3.40000000
12.97023848 32.18749507 3.40000000
56.02590350 32.22877128 3.40000000
15.42991301 32.23042884 3.40000000
58.48552063 32.27170405 3.40000000
17.88941536 32.27335962 3.40000000
60.94508037 32.31463583 3.40000000
20.34908988 32.31629340 3.40000000
63.40475490 32.35756961 3.40000000
22.80859223 32.35922417 3.40000000
25.26826675 32.40215795 3.40000000
27.72794127 32.44509173 3.40000000
30.18761579 32.48802550 3.40000000
32.64711814 32.53095628 3.40000000
35.10679267 32.57389006 3.40000000
37.56629501 32.61682083 3.40000000
40.02596954 32.65975461 3.40000000
42.48564406 32.70268839 3.40000000
44.94531858 32.74562216 3.40000000
47.40482093 32.78855294 3.40000000
49.86449545 32.83148672 3.40000000
52.32399780 32.87441749 3.40000000
54.78367233 32.91735127 3.40000000
57.24334685 32.96028505 3.40000000
59.70302137 33.00321882 3.40000000
62.16252372 33.04614960 3.40000000
-9.19110353 33.22119381 3.40000000
-6.73142900 33.26412759 3.40000000
-4.27192665 33.30705837 3.40000000
-1.81225213 33.34999214 3.40000000
0.64736500 33.39292492 3.40000000
3.10692474 33.43585670 3.40000000
5.56659926 33.47879047 3.40000000
8.02627378 33.52172425 3.40000000
10.48577613 33.56465503 3.40000000
12.94545066 33.60758880 3.40000000
15.40506779 33.65052158 3.40000000
17.86462753 33.69345336 3.40000000
20.32430205 33.73638714 3.40000000
22.78397657 33.77932091 3.40000000
25.24347892 33.82225169 3.40000000
27.70315344 33.86518547 3.40000000
30.16277057 33.90811824 3.40000000
-10.43333470 33.90977381 3.40000000
32.62233032 33.95105002 3.40000000
-7.97366018 33.95270758 3.40000000
35.08200484 33.99398380 3.40000000
-5.51415783 33.99563836 3.40000000
37.54167936 34.03691757 3.40000000
-3.05448331 34.03857214 3.40000000
40.00118171 34.07984835 3.40000000
-0.59480879 34.08150591 3.40000000
42.46085623 34.12278213 3.40000000
1.86486574 34.12443969 3.40000000
44.92047336 34.16571490 3.40000000
4.32436809 34.16737047 3.40000000
47.38003310 34.20864668 3.40000000
6.78404261 34.21030424 3.40000000
49.83970763 34.25158046 3.40000000
9.24354496 34.25323502 3.40000000
52.29938215 34.29451423 3.40000000
11.70321948 34.29616880 3.40000000
54.75888450 34.33744501 3.40000000
14.16289400 34.33910257 3.40000000
57.21855902 34.38037879 3.40000000
16.62256853 34.38203635 3.40000000
59.67817615 34.42331156 3.40000000
19.08207087 34.42496713 3.40000000
62.13773589 34.46624334 3.40000000
21.54174540 34.46790090 3.40000000
64.59741041 34.50917712 3.40000000
24.00124775 34.51083168 3.40000000
26.46092227 34.55376546 3.40000000
28.92059679 34.59669923 3.40000000
31.38027131 34.63963301 3.40000000
33.83977366 34.68256379 3.40000000
36.29944818 34.72549756 3.40000000
38.75895053 34.76842834 3.40000000
41.21862506 34.81136212 3.40000000
43.67829958 34.85429589 3.40000000
46.13797410 34.89722967 3.40000000
48.59747645 34.94016045 3.40000000
51.05715097 34.98309422 3.40000000
53.51665332 35.02602500 3.40000000
55.97632784 35.06895878 3.40000000
58.43600237 35.11189256 3.40000000
60.89567689 35.15482633 3.40000000
63.35517924 35.19775711 3.40000000
-7.99847584 35.37275113 3.40000000
-5.53880131 35.41568491 3.40000000
-3.07929896 35.45861568 3.40000000
-0.61962444 35.50154946 3.40000000
1.83999269 35.54448224 3.40000000
4.29955243 35.58741401 3.40000000
6.75922695 35.63034779 3.40000000
9.21890147 35.67328157 3.40000000
11.67840382 35.71621234 3.40000000
14.13807835 35.75914612 3.40000000
16.59769548 35.80207890 3.40000000
19.05725522 35.84501067 3.40000000
21.51692974 35.88794445 3.40000000
23.97660426 35.93087823 3.40000000
26.43610661 35.97380900 3.40000000
28.89578113 36.01674278 3.40000000
31.35539827 36.05967556 3.40000000
-9.24067918 36.06138131 3.40000000
33.81495801 36.10260733 3.40000000
-6.78100466 36.10431509 3.40000000
36.27463253 36.14554111 3.40000000
-4.32150231 36.14724587 3.40000000
38.73430705 36.18847489 3.40000000
-1.86182779 36.19017964 3.40000000
41.19380940 36.23140566 3.40000000
0.59784673 36.23311342 3.40000000
43.65348392 36.27433944 3.40000000
3.05752126 36.27604720 3.40000000
46.11310105 36.31727222 3.40000000
5.51702360 36.31897797 3.40000000
48.57266079 36.36020399 3.40000000
7.97669813 36.36191175 3.40000000
51.03233532 36.40313777 3.40000000
10.43620048 36.40484253 3.40000000
53.49200984 36.44607155 3.40000000
12.89587500 36.44777630 3.40000000
55.95151219 36.48900232 3.40000000
15.35554952 36.49071008 3.40000000
58.41118671 36.53193610 3.40000000
17.81522404 36.53364386 3.40000000
60.87080384 36.57486888 3.40000000
20.27472639 36.57657463 3.40000000
63.33036358 36.61780065 3.40000000
22.73440092 36.61950841 3.40000000
65.79003810 36.66073443 3.40000000
25.19390326 36.66243919 3.40000000
27.65357779 36.70537297 3.40000000
30.11325231 36.74830674 3.40000000
32.57292683 36.79124052 3.40000000
35.03242918 36.83417130 3.40000000
37.49210370 36.87710507 3.40000000
39.95160605 36.92003585 3.40000000
42.41128057 36.96296963 3.40000000
44.87095510 37.00590340 3.40000000
47.33062962 37.04883718 3.40000000
49.79013197 37.09176796 3.40000000
52.24980649 37.13470173 3.40000000
54.70930884 37.17763251 3.40000000
57.16898336 37.22056629 3.40000000
59.62865789 37.26350006 3.40000000
62.08833241 37.30643384 3.40000000
64.54783476 37.34936462 3.40000000
-6.80587597 37.52425823 3.40000000
-4.34620145 37.56719201 3.40000000
-1.88669910 37.61012278 3.40000000
0.57297542 37.65305656 3.40000000
3.03259255 37.69598934 3.40000000
5.49215229 37.73892111 3.40000000
7.95182681 37.78185489 3.40000000
10.41150134 37.82478867 3.40000000
12.87100369 37.86771944 3.40000000
15.33067821 37.91065322 3.40000000
17.79029534 37.95358600 3.40000000
20.24985508 37.99651777 3.40000000
22.70952960 38.03945155 3.40000000
25.16920412 38.08238533 3.40000000
27.62870647 38.12531611 3.40000000
30.08838100 38.16824988 3.40000000
32.54799813 38.21118266 3.40000000
-8.04810715 38.21283821 3.40000000
35.00755787 38.25411444 3.40000000
-5.58843263 38.25577199 3.40000000
37.46723239 38.29704821 3.40000000
-3.12893028 38.29870277 3.40000000
39.92690691 38.33998199 3.40000000
-0.66925576 38.34163654 3.40000000
42.38640926 38.38291277 3.40000000
1.79041877 38.38457032 3.40000000
44.84608378 38.42584654 3.40000000
4.25009329 38.42750410 3.40000000
47.30570092 38.46877932 3.40000000
6.70959564 38.47043487 3.40000000
49.76526066 38.51171110 3.40000000
9.16927016 38.51336865 3.40000000
52.22493518 38.55464487 3.40000000
11.62877251 38.55629943 3.40000000
54.68460970 38.59757865 3.40000000
14.08844703 38.59923320 3.40000000
57.14411205 38.64050943 3.40000000
16.54812156 38.64216698 3.40000000
59.60378657 38.68344320 3.40000000
19.00779608 38.68510076 3.40000000
62.06340370 38.72637598 3.40000000
21.46729843 38.72803153 3.40000000
64.52296344 38.76930776 3.40000000
23.92697295 38.77096531 3.40000000
66.98263797 38.81224153 3.40000000
26.38647530 38.81389609 3.40000000
28.84614982 38.85682986 3.40000000
31.30582434 38.89976364 3.40000000
33.76549887 38.94269742 3.40000000
36.22500121 38.98562819 3.40000000
38.68467574 39.02856197 3.40000000
41.14417809 39.07149275 3.40000000
43.60385261 39.11442652 3.40000000
46.06352713 39.15736030 3.40000000
48.52320165 39.20029408 3.40000000
50.98270400 39.24322485 3.40000000
53.44237853 39.28615863 3.40000000
55.90188087 39.32908941 3.40000000
58.36155540 39.37202318 3.40000000
60.82122992 39.41495696 3.40000000
63.28090444 39.45789074 3.40000000
65.74040679 39.50082152 3.40000000
-5.61322046 39.67586574 3.40000000
-3.15354593 39.71879952 3.40000000
-0.69404358 39.76173029 3.40000000
1.76563094 39.80466407 3.40000000
4.22524807 39.84759685 3.40000000
6.68480781 39.89052862 3.40000000
9.14448233 39.93346240 3.40000000
11.60415686 39.97639618 3.40000000
14.06365920 40.01932695 3.40000000
16.52333373 40.06226073 3.40000000
18.98295086 40.10519351 3.40000000
21.44251060 40.14812528 3.40000000
23.90218512 40.19105906 3.40000000
26.36185964 40.23399284 3.40000000
28.82136199 40.27692361 3.40000000
31.28103651 40.31985739 3.40000000
33.74065365 40.36279017 3.40000000
36.20021339 40.40572194 3.40000000
38.65988791 40.44865572 3.40000000
41.11956243 40.49158950 3.40000000
43.57906478 40.53452027 3.40000000
46.03873930 40.57745405 3.40000000
48.49835643 40.62038683 3.40000000
50.95791617 40.66331860 3.40000000
53.41759070 40.70625238 3.40000000
55.87726522 40.74918616 3.40000000
58.33676757 40.79211693 3.40000000
60.79644209 40.83505071 3.40000000
63.25605922 40.87798349 3.40000000
65.71561896 40.92091527 3.40000000
68.17529348 40.96384904 3.40000000
