 C	23.89703040 -3.44923923 3.40000000
 C	22.13990160 -15.62298466 3.40000000
 C	25.65417560 8.72461982 3.40000000
 C	21.78846600 -18.05780192 3.40000000
 C	26.00559480 11.15932345 3.40000000
 C	21.43704680 -20.49250556 3.40000000
 C	26.35703040 13.59414071 3.40000000
 C	21.08561940 -22.92726600 3.40000000
 C	26.70846600 16.02895797 3.40000000
 C	20.73418380 -25.36208326 3.40000000
 C	27.05987700 18.46360480 3.40000000
 C	23.54561120 -5.88394287 3.40000000
 C	20.38277280 -27.79673009 3.40000000
 C	27.41131260 20.89842206 3.40000000
 C	24.24846600 -1.01442197 3.40000000
 C	20.03133720 -30.23154735 3.40000000
 C	27.76274000 23.33318251 3.40000000
 C	19.67990160 -32.66636461 3.40000000
 C	28.11415920 25.76788614 3.40000000
 C	19.32848240 -35.10106824 3.40000000
 C	18.97705500 -37.53582869 3.40000000
 C	18.62561940 -39.97064595 3.40000000
 C	18.27420840 -42.40529278 3.40000000
 C	23.19418380 -8.31870332 3.40000000
 C	24.59990160 1.42039529 3.40000000
 C	22.84274820 -10.75352058 3.40000000
 C	24.95131260 3.85504211 3.40000000
 C	22.49133720 -13.18816740 3.40000000
 C	25.30274820 6.28985937 3.40000000
 C	21.61274820 -14.30412531 3.40000000
 C	24.77559480 7.60871872 3.40000000
 C	23.01846600 -4.56502671 3.40000000
 C	23.36987700 -2.13037988 3.40000000
 C	21.26131260 -16.73894257 3.40000000
 C	25.12703040 10.04353598 3.40000000
 C	20.90990160 -19.17358940 3.40000000
 C	25.47844140 12.47818280 3.40000000
 C	20.55846600 -21.60840666 3.40000000
 C	25.82987700 14.91300006 3.40000000
 C	20.20703040 -24.04322392 3.40000000
 C	26.18128800 17.34764689 3.40000000
 C	19.85559480 -26.47804117 3.40000000
 C	26.53272360 19.78246415 3.40000000
 C	19.50418380 -28.91268800 3.40000000
 C	26.88415920 22.21728141 3.40000000
 C	19.15274820 -31.34750526 3.40000000
 C	27.23559480 24.65209866 3.40000000
 C	18.80133720 -33.78215208 3.40000000
 C	27.58700580 27.08674549 3.40000000
 C	18.44990160 -36.21696934 3.40000000
 C	18.09846600 -38.65178660 3.40000000
 C	22.66703040 -6.99984397 3.40000000
 C	23.72131260 0.30443737 3.40000000
 C	17.74703040 -41.08660386 3.40000000
 C	17.39561940 -43.52125069 3.40000000
 C	22.31559480 -9.43466123 3.40000000
 C	24.07272360 2.73908420 3.40000000
 C	21.96415920 -11.86947849 3.40000000
 C	24.42415920 5.17390146 3.40000000
 C	20.20700580 -14.10122387 3.40000000
 C	23.36985240 7.81162016 3.40000000
 C	21.61271540 -4.36218208 3.40000000
 C	21.96413460 -1.92747845 3.40000000
 C	19.85557020 -16.53604113 3.40000000
 C	23.72127980 10.24638060 3.40000000
 C	19.50415100 -18.97074477 3.40000000
 C	24.07269900 12.68108424 3.40000000
 C	19.15272360 -21.40550522 3.40000000
 C	24.42413460 15.11590150 3.40000000
 C	18.80128800 -23.84032248 3.40000000
 C	24.77557020 17.55071876 3.40000000
 C	18.44987700 -26.27496930 3.40000000
 C	25.12698120 19.98536558 3.40000000
 C	18.09844140 -28.70978656 3.40000000
 C	25.47841680 22.42018284 3.40000000
 C	17.74700580 -31.14460382 3.40000000
 C	25.82984420 24.85494329 3.40000000
 C	17.39558660 -33.57930746 3.40000000
 C	26.18126340 27.28964693 3.40000000
 C	17.04415920 -36.01406791 3.40000000
 C	16.69272360 -38.44888516 3.40000000
 C	21.26128800 -6.79694253 3.40000000
 C	22.31557020 0.50733881 3.40000000
 C	16.34131260 -40.88353199 3.40000000
 C	15.98987700 -43.31834925 3.40000000
 C	20.90985240 -9.23175979 3.40000000
 C	22.66700580 2.94215607 3.40000000
 C	20.55844140 -11.66640662 3.40000000
 C	23.01841680 5.37680290 3.40000000
 C	21.08570550 -3.04337244 3.40000000
 C	19.32855210 -15.21728831 3.40000000
 C	22.84283430 9.13037298 3.40000000
 C	18.97714110 -17.65193513 3.40000000
 C	23.19426990 11.56519024 3.40000000
 C	18.62570550 -20.08675239 3.40000000
 C	23.54568090 13.99983707 3.40000000
 C	18.27426990 -22.52156965 3.40000000
 C	23.89711650 16.43465433 3.40000000
 C	24.24852750 18.86930115 3.40000000
 C	17.92283430 -24.95638691 3.40000000
 C	20.73426990 -5.47818970 3.40000000
 C	21.43711650 -0.60872562 3.40000000
 C	17.57142330 -27.39103373 3.40000000
 C	24.59996310 21.30411841 3.40000000
 C	17.21998770 -29.82585099 3.40000000
 C	24.95139870 23.73893567 3.40000000
 C	16.86857670 -32.26049782 3.40000000
 C	25.30283430 26.17375293 3.40000000
 C	16.51714110 -34.69531508 3.40000000
 C	25.65424530 28.60839976 3.40000000
 C	16.16570550 -37.13013234 3.40000000
 C	15.81426990 -39.56494960 3.40000000
 C	15.46285890 -41.99959642 3.40000000
 C	20.38283430 -7.91300696 3.40000000
 C	21.78855210 1.82609164 3.40000000
 C	22.13996310 4.26073847 3.40000000
 C	20.03139870 -10.34782422 3.40000000
 C	19.67998770 -12.78247105 3.40000000
 C	22.49139870 6.69555572 3.40000000
 C	19.67995490 -2.84052782 3.40000000
 C	17.92280970 -15.01438687 3.40000000
 C	21.43709190 9.33327442 3.40000000
 C	17.57139050 -17.44909050 3.40000000
 C	21.78851930 11.76803487 3.40000000
 C	17.21996310 -19.88385095 3.40000000
 C	22.13993850 14.20273851 3.40000000
 C	16.86852750 -22.31866821 3.40000000
 C	22.49137410 16.63755577 3.40000000
 C	16.51711650 -24.75331504 3.40000000
 C	22.84280970 19.07237303 3.40000000
 C	19.32852750 -5.27528827 3.40000000
 C	20.03137410 -0.40582418 3.40000000
 C	16.16568090 -27.18813230 3.40000000
 C	23.19422070 21.50701985 3.40000000
 C	15.81424530 -29.62294956 3.40000000
 C	23.54565630 23.94183711 3.40000000
 C	15.46282610 -32.05765319 3.40000000
 C	23.89708370 26.37659756 3.40000000
 C	15.11139870 -34.49241364 3.40000000
 C	24.24850290 28.81130119 3.40000000
 C	14.75996310 -36.92723090 3.40000000
 C	14.40855210 -39.36187772 3.40000000
 C	14.05711650 -41.79669498 3.40000000
 C	18.97709190 -7.71010552 3.40000000
 C	20.38280970 2.02899308 3.40000000
 C	18.62568090 -10.14475235 3.40000000
 C	20.73424530 4.46381034 3.40000000
 C	18.27424530 -12.57956961 3.40000000
 C	21.08565630 6.89845716 3.40000000
 C	17.39565629 -13.69552752 3.40000000
 C	20.55850289 8.21731651 3.40000000
 C	18.80137409 -3.95642892 3.40000000
 C	19.15280969 -1.52161166 3.40000000
 C	17.04424529 -16.13017434 3.40000000
 C	20.90993849 10.65213377 3.40000000
 C	16.69280969 -18.56499160 3.40000000
 C	21.26137409 13.08695103 3.40000000
 C	16.34137409 -20.99980886 3.40000000
 C	21.61278509 15.52159786 3.40000000
 C	15.98993849 -23.43462612 3.40000000
 C	21.96422069 17.95641512 3.40000000
 C	15.63852749 -25.86927295 3.40000000
 C	22.31563169 20.39106194 3.40000000
 C	15.28709189 -28.30409021 3.40000000
 C	22.66706729 22.82587920 3.40000000
 C	14.93568089 -30.73873703 3.40000000
 C	23.01850289 25.26069646 3.40000000
 C	14.58424529 -33.17355429 3.40000000
 C	23.36993849 27.69551372 3.40000000
 C	14.23280969 -35.60837155 3.40000000
 C	23.72134949 30.13016054 3.40000000
 C	13.88137409 -38.04318881 3.40000000
 C	18.44993849 -6.39124617 3.40000000
 C	19.50422069 0.91303517 3.40000000
 C	13.52996309 -40.47783563 3.40000000
 C	18.09850289 -8.82606343 3.40000000
 C	19.85565629 3.34785243 3.40000000
 C	17.74709189 -11.26071026 3.40000000
 C	20.20706729 5.78249925 3.40000000
 C	15.98991390 -13.49262608 3.40000000
 C	19.15276050 8.42021795 3.40000000
 C	17.39563170 -3.75352748 3.40000000
 C	17.74705910 -1.31876703 3.40000000
 C	15.63849470 -15.92732972 3.40000000
 C	19.50419610 10.85503521 3.40000000
 C	15.28706730 -18.36209017 3.40000000
 C	19.85562350 13.28979566 3.40000000
 C	14.93563170 -20.79690742 3.40000000
 C	20.20704270 15.72449929 3.40000000
 C	14.58422070 -23.23155425 3.40000000
 C	20.55847830 18.15931655 3.40000000
 C	14.23278510 -25.66637151 3.40000000
 C	20.90991390 20.59413381 3.40000000
 C	13.88134950 -28.10118877 3.40000000
 C	21.26132490 23.02878064 3.40000000
 C	13.52993030 -30.53589241 3.40000000
 C	21.61276050 25.46359790 3.40000000
 C	13.17850290 -32.97065285 3.40000000
 C	21.96418790 27.89835834 3.40000000
 C	12.82706730 -35.40547011 3.40000000
 C	22.31560710 30.33306198 3.40000000
 C	12.47565630 -37.84011694 3.40000000
 C	17.04419610 -6.18834474 3.40000000
 C	18.09847830 1.11593661 3.40000000
 C	12.12422070 -40.27493420 3.40000000
 C	16.69278510 -8.62299156 3.40000000
 C	18.44991390 3.55075387 3.40000000
 C	16.34134950 -11.05780882 3.40000000
 C	18.80134950 5.98557112 3.40000000
 C	16.86847829 -2.43466813 3.40000000
 C	15.11134949 -14.60841356 3.40000000
 C	18.62560709 9.73907730 3.40000000
 C	14.75991389 -17.04323082 3.40000000
 C	18.97704269 12.17389456 3.40000000
 C	14.40847829 -19.47804808 3.40000000
 C	19.32847829 14.60871182 3.40000000
 C	14.05704269 -21.91286533 3.40000000
 C	19.67988929 17.04335864 3.40000000
 C	13.70563169 -24.34751216 3.40000000
 C	20.03132489 19.47817590 3.40000000
 C	16.51704269 -4.86948539 3.40000000
 C	13.35419609 -26.78232942 3.40000000
 C	20.38273589 21.91282273 3.40000000
 C	17.21991389 0.00014913 3.40000000
 C	13.00278509 -29.21697624 3.40000000
 C	20.73417149 24.34763999 3.40000000
 C	12.65134949 -31.65179350 3.40000000
 C	21.08560709 26.78245725 3.40000000
 C	12.29991389 -34.08661076 3.40000000
 C	21.43704269 29.21727450 3.40000000
 C	11.94847829 -36.52142802 3.40000000
 C	21.78845369 31.65192133 3.40000000
 C	11.59706729 -38.95607485 3.40000000
 C	16.16560709 -7.30430265 3.40000000
 C	17.57132489 2.43479596 3.40000000
 C	15.81419609 -9.73894947 3.40000000
 C	17.92276049 4.86961321 3.40000000
 C	15.46276049 -12.17376673 3.40000000
 C	18.27417149 7.30426004 3.40000000
 C	15.46278099 -2.23180220 3.40000000
 C	13.70564399 -14.40560444 3.40000000
 C	17.21990979 9.94194323 3.40000000
 C	13.35421659 -16.84036488 3.40000000
 C	17.57134539 12.37676049 3.40000000
 C	13.00278099 -19.27518214 3.40000000
 C	17.92277279 14.81152094 3.40000000
 C	12.65136999 -21.70982897 3.40000000
 C	18.27419199 17.24622457 3.40000000
 C	12.29993439 -24.14464623 3.40000000
 C	18.62562759 19.68104183 3.40000000
 C	11.94849879 -26.57946349 3.40000000
 C	15.11134539 -4.66661946 3.40000000
 C	18.97706319 22.11585909 3.40000000
 C	15.81420839 0.20295825 3.40000000
 C	11.59707959 -29.01416712 3.40000000
 C	19.32847419 24.55050592 3.40000000
 C	11.24565219 -31.44892757 3.40000000
 C	19.67990979 26.98532318 3.40000000
 C	10.89421659 -33.88374483 3.40000000
 C	20.03133719 29.42008363 3.40000000
 C	10.54280559 -36.31839166 3.40000000
 C	20.38275639 31.85478726 3.40000000
 C	10.19136999 -38.75320892 3.40000000
 C	14.75993439 -7.10126628 3.40000000
 C	16.16562759 2.63766189 3.40000000
 C	14.40849879 -9.53608354 3.40000000
 C	16.51706319 5.07247915 3.40000000
 C	14.05706319 -11.97090080 3.40000000
 C	16.86849879 7.50729641 3.40000000
 C	13.17845370 -13.08665277 3.40000000
 C	16.34127570 8.82602083 3.40000000
 C	14.58414690 -3.34772460 3.40000000
 C	14.93558250 -0.91290734 3.40000000
 C	12.82701810 -15.52147003 3.40000000
 C	16.69271130 11.26083809 3.40000000
 C	12.47558250 -17.95628729 3.40000000
 C	17.04414690 13.69565535 3.40000000
 C	12.12414690 -20.39110455 3.40000000
 C	17.39558250 16.13047260 3.40000000
 C	11.77273590 -22.82575137 3.40000000
 C	17.74699350 18.56511943 3.40000000
 C	11.42130030 -25.26056863 3.40000000
 C	18.09842910 20.99993669 3.40000000
 C	11.06988930 -27.69521546 3.40000000
 C	18.44984010 23.43458351 3.40000000
 C	10.71845370 -30.13003272 3.40000000
 C	18.80127570 25.86940077 3.40000000
 C	10.36701810 -32.56484998 3.40000000
 C	19.15271130 28.30421803 3.40000000
 C	10.01558250 -34.99966724 3.40000000
 C	19.50414690 30.73903529 3.40000000
 C	9.66417150 -37.43431406 3.40000000
 C	19.85555790 33.17368212 3.40000000
 C	14.23271130 -5.78254186 3.40000000
 C	15.28701810 1.52190992 3.40000000
 C	13.88130030 -8.21718869 3.40000000
 C	15.63842910 3.95655674 3.40000000
 C	13.52986470 -10.65200594 3.40000000
 C	15.98986470 6.39137400 3.40000000
 C	11.77283839 -12.88391466 3.40000000
 C	14.93569319 9.02898618 3.40000000
 C	13.17853979 -3.14492968 3.40000000
 C	13.52997539 -0.71011242 3.40000000
 C	11.42141099 -15.31867511 3.40000000
 C	15.28710419 11.46363300 3.40000000
 C	11.06997539 -17.75349237 3.40000000
 C	15.63853979 13.89845026 3.40000000
 C	10.71856439 -20.18813920 3.40000000
 C	15.98996719 16.33321071 3.40000000
 C	10.36712879 -22.62295646 3.40000000
 C	16.34138639 18.76791435 3.40000000
 C	10.01569319 -25.05777371 3.40000000
 C	16.69282199 21.20273161 3.40000000
 C	9.66427399 -27.49247735 3.40000000
 C	17.04425759 23.63754887 3.40000000
 C	9.31284659 -29.92723780 3.40000000
 C	17.39566859 26.07219569 3.40000000
 C	8.96141099 -32.36205506 3.40000000
 C	17.74710419 28.50701295 3.40000000
 C	8.60999999 -34.79670188 3.40000000
 C	18.09853159 30.94177340 3.40000000
 C	8.25856439 -37.23151914 3.40000000
 C	18.44995079 33.37647703 3.40000000
 C	12.82712879 -5.57957651 3.40000000
 C	13.88140279 1.72464802 3.40000000
 C	12.47569319 -8.01439377 3.40000000
 C	14.23282199 4.15935166 3.40000000
 C	12.12425759 -10.44921103 3.40000000
 C	14.58425759 6.59416892 3.40000000
 C	12.65138640 -1.82607034 3.40000000
 C	10.89425760 -13.99981576 3.40000000
 C	14.40851520 10.34767509 3.40000000
 C	10.54282200 -16.43463302 3.40000000
 C	14.75995080 12.78249235 3.40000000
 C	10.19138640 -18.86945028 3.40000000
 C	15.11138640 15.21730961 3.40000000
 C	9.83997540 -21.30409711 3.40000000
 C	15.46282200 17.65212687 3.40000000
 C	9.48853980 -23.73891437 3.40000000
 C	15.81423300 20.08677370 3.40000000
 C	9.13712880 -26.17356119 3.40000000
 C	16.16566860 22.52159095 3.40000000
 C	12.29995080 -4.26088759 3.40000000
 C	13.00282200 0.60874692 3.40000000
 C	8.78569320 -28.60837845 3.40000000
 C	16.51707960 24.95623778 3.40000000
 C	8.43425760 -31.04319571 3.40000000
 C	16.86851520 27.39105504 3.40000000
 C	8.08282200 -33.47801297 3.40000000
 C	17.21995080 29.82587230 3.40000000
 C	7.73141100 -35.91265979 3.40000000
 C	17.57138640 32.26068956 3.40000000
 C	17.92279740 34.69533638 3.40000000
 C	11.94853980 -6.69553442 3.40000000
 C	13.35425760 3.04356418 3.40000000
 C	11.59710420 -9.13035168 3.40000000
 C	13.70566860 5.47821101 3.40000000
 C	11.24569320 -11.56499850 3.40000000
 C	14.05710420 7.91302827 3.40000000
 C	11.24564400 -1.62316890 3.40000000
 C	9.48851520 -13.79691433 3.40000000
 C	13.00279740 10.55074696 3.40000000
 C	9.13707960 -16.23173158 3.40000000
 C	13.35420840 12.98539379 3.40000000
 C	8.78566860 -18.66637841 3.40000000
 C	13.70564400 15.42021105 3.40000000
 C	8.43423300 -21.10119567 3.40000000
 C	14.05707140 17.85497150 3.40000000
 C	8.08279740 -23.53601293 3.40000000
 C	14.40849060 20.28967513 3.40000000
 C	10.89423300 -4.05781572 3.40000000
 C	7.73137820 -25.97071656 3.40000000
 C	14.75992620 22.72449239 3.40000000
 C	11.59707960 0.81164836 3.40000000
 C	7.37995080 -28.40547701 3.40000000
 C	15.11136180 25.15930965 3.40000000
 C	7.02851520 -30.84029427 3.40000000
 C	15.46277280 27.59395648 3.40000000
 C	6.67710420 -33.27494110 3.40000000
 C	15.81420840 30.02877374 3.40000000
 C	6.32566860 -35.70975836 3.40000000
 C	16.16563580 32.46353418 3.40000000
 C	16.51705500 34.89823782 3.40000000
 C	10.54279740 -6.49263298 3.40000000
 C	11.94850700 3.24640881 3.40000000
 C	10.19136180 -8.92745024 3.40000000
 C	12.29992620 5.68111245 3.40000000
 C	9.83994260 -11.36215388 3.40000000
 C	12.65136180 8.11592971 3.40000000
 C	8.96136180 -12.47805498 3.40000000
 C	12.12420840 9.43478905 3.40000000
 C	10.36705500 -2.73912681 3.40000000
 C	10.71849060 -0.30430955 3.40000000
 C	8.60992620 -14.91287224 3.40000000
 C	12.47561940 11.86943588 3.40000000
 C	8.25849060 -17.34768950 3.40000000
 C	12.82705500 14.30425314 3.40000000
 C	7.90707960 -19.78233632 3.40000000
 C	13.17849060 16.73907040 3.40000000
 C	7.55564400 -22.21715358 3.40000000
 C	13.52992620 19.17388766 3.40000000
 C	7.20423300 -24.65180041 3.40000000
 C	13.88133720 21.60853448 3.40000000
 C	6.85279740 -27.08661766 3.40000000
 C	14.23277280 24.04335174 3.40000000
 C	6.50136180 -29.52143492 3.40000000
 C	14.58418380 26.47799857 3.40000000
 C	6.14992620 -31.95625218 3.40000000
 C	14.93561940 28.91281583 3.40000000
 C	5.79851520 -34.39089901 3.40000000
 C	15.28705500 31.34763308 3.40000000
 C	15.63849060 33.78245034 3.40000000
 C	10.01564400 -5.17377363 3.40000000
 C	11.06992620 2.13050771 3.40000000
 C	15.98990160 36.21709717 3.40000000
 C	9.66420840 -7.60859089 3.40000000
 C	11.42136180 4.56532497 3.40000000
 C	9.31279740 -10.04323772 3.40000000
 C	11.77277280 6.99997179 3.40000000
 C	7.55561940 -12.27515354 3.40000000
 C	10.71846600 9.63769049 3.40000000
 C	8.96133720 -2.53605494 3.40000000
 C	9.31274820 -0.10140811 3.40000000
 C	7.20418380 -14.70997080 3.40000000
 C	11.06990160 12.07250775 3.40000000
 C	6.85277280 -17.14461762 3.40000000
 C	11.42131260 14.50715458 3.40000000
 C	6.50133720 -19.57943488 3.40000000
 C	11.77274820 16.94197184 3.40000000
 C	6.14990160 -22.01425214 3.40000000
 C	12.12417560 19.37673228 3.40000000
 C	5.79848240 -24.44895578 3.40000000
 C	12.47559480 21.81143592 3.40000000
 C	5.44705500 -26.88371623 3.40000000
 C	12.82703040 24.24625318 3.40000000
 C	5.09561940 -29.31853349 3.40000000
 C	13.17846600 26.68107044 3.40000000
 C	4.74420840 -31.75318031 3.40000000
 C	13.52987700 29.11571726 3.40000000
 C	4.39277280 -34.18799757 3.40000000
 C	13.88131260 31.55053452 3.40000000
 C	14.23274000 33.98529497 3.40000000
 C	8.60990160 -4.97087219 3.40000000
 C	9.66418380 2.33340915 3.40000000
 C	14.58415920 36.41999861 3.40000000
 C	8.25846600 -7.40568945 3.40000000
 C	10.01561120 4.76816960 3.40000000
 C	7.90704680 -9.84039309 3.40000000
 C	10.36703040 7.20287323 3.40000000
 C	8.43429450 -1.21747254 3.40000000
 C	6.67716570 -13.39121797 3.40000000
 C	10.19144790 10.95644332 3.40000000
 C	10.54285890 13.39109014 3.40000000
 C	6.32573010 -15.82603523 3.40000000
 C	5.97431910 -18.26068206 3.40000000
 C	10.89429450 15.82590740 3.40000000
 C	5.62288350 -20.69549931 3.40000000
 C	11.24573010 18.26072466 3.40000000
 C	5.27147250 -23.13014614 3.40000000
 C	11.59716570 20.69554192 3.40000000
 C	8.08288350 -3.65211937 3.40000000
 C	8.78573010 1.21734472 3.40000000
 C	4.92003690 -25.56496340 3.40000000
 C	11.94857670 23.13018875 3.40000000
 C	4.56860130 -27.99978066 3.40000000
 C	12.30001230 25.56500601 3.40000000
 C	12.65142330 27.99965283 3.40000000
 C	4.21716570 -30.43459792 3.40000000
 C	3.86575470 -32.86924474 3.40000000
 C	13.00285890 30.43447009 3.40000000
 C	13.35429450 32.86928735 3.40000000
 C	13.70573010 35.30410461 3.40000000
 C	14.05714110 37.73875143 3.40000000
 C	7.73144790 -6.08693663 3.40000000
 C	9.13716570 3.65216198 3.40000000
 C	7.38003690 -8.52158345 3.40000000
 C	9.48860130 6.08697923 3.40000000
 C	7.02860130 -10.95640071 3.40000000
 C	9.84001230 8.52162606 3.40000000
 C	7.02857670 -1.01440067 3.40000000
 C	5.27142330 -13.18831653 3.40000000
 C	8.78570550 11.15934476 3.40000000
 C	4.92001230 -15.62296336 3.40000000
 C	9.13714110 13.59416202 3.40000000
 C	4.56857670 -18.05778062 3.40000000
 C	9.48855210 16.02880884 3.40000000
 C	4.21714110 -20.49259788 3.40000000
 C	9.83998770 18.46362610 3.40000000
 C	3.86572190 -22.92730151 3.40000000
 C	10.19141510 20.89838655 3.40000000
 C	6.67714110 -3.44921793 3.40000000
 C	7.37998770 1.42024616 3.40000000
 C	3.51429450 -25.36206196 3.40000000
 C	10.54283430 23.33309019 3.40000000
 C	3.16285890 -27.79687922 3.40000000
 C	10.89426990 25.76790745 3.40000000
 C	2.81144790 -30.23152604 3.40000000
 C	11.24570550 28.20272470 3.40000000
 C	2.46001230 -32.66634330 3.40000000
 C	11.59711650 30.63737153 3.40000000
 C	11.94855210 33.07218879 3.40000000
 C	12.29997950 35.50694924 3.40000000
 C	12.65139870 37.94165287 3.40000000
 C	6.32570550 -5.88403519 3.40000000
 C	7.73142330 3.85506341 3.40000000
 C	5.97428630 -8.31873883 3.40000000
 C	8.08285070 6.28982386 3.40000000
 C	5.62285890 -10.75349927 3.40000000
 C	8.43426990 8.72452750 3.40000000
 C	4.74426989 -11.86945718 3.40000000
 C	7.90711649 10.04338685 3.40000000
 C	6.14998769 -2.13035858 3.40000000
 C	6.50139869 0.30428825 3.40000000
 C	4.39283429 -14.30427444 3.40000000
 C	8.25855209 12.47820411 3.40000000
 C	4.04142329 -16.73892127 3.40000000
 C	8.60996309 14.91285093 3.40000000
 C	3.68998769 -19.17373853 3.40000000
 C	8.96139869 17.34766819 3.40000000
 C	3.33857669 -21.60838535 3.40000000
 C	9.31283429 19.78248545 3.40000000
 C	2.98714109 -24.04320261 3.40000000
 C	9.66426989 22.21730271 3.40000000
 C	2.63570549 -26.47801987 3.40000000
 C	10.01568089 24.65194954 3.40000000
 C	2.28426989 -28.91283713 3.40000000
 C	10.36711649 27.08676679 3.40000000
 C	1.93285889 -31.34748395 3.40000000
 C	10.71852749 29.52141362 3.40000000
 C	11.06996309 31.95623088 3.40000000
 C	11.42139869 34.39104814 3.40000000
 C	5.79855209 -4.56517584 3.40000000
 C	6.85283429 2.73910550 3.40000000
 C	11.77283429 36.82586540 3.40000000
 C	12.12424529 39.26051222 3.40000000
 C	5.44714109 -6.99982266 3.40000000
 C	7.20426989 5.17392276 3.40000000
 C	5.09570549 -9.43463992 3.40000000
 C	7.55570549 7.60874002 3.40000000
 C	3.33852750 -11.66655575 3.40000000
 C	6.50137410 10.24628829 3.40000000
 C	4.74424530 -1.92745714 3.40000000
 C	5.09568090 0.50736012 3.40000000
 C	2.98711650 -14.10120257 3.40000000
 C	6.85280970 12.68110554 3.40000000
 C	2.63568090 -16.53601983 3.40000000
 C	7.20424530 15.11592280 3.40000000
 C	2.28424530 -18.97083709 3.40000000
 C	7.55565630 17.55056963 3.40000000
 C	1.93282610 -21.40554073 3.40000000
 C	7.90709190 19.98538689 3.40000000
 C	1.58139870 -23.84030117 3.40000000
 C	8.25851930 22.42014734 3.40000000
 C	1.22996310 -26.27511843 3.40000000
 C	8.60993850 24.85485097 3.40000000
 C	0.87855210 -28.70976526 3.40000000
 C	8.96137410 27.28966823 3.40000000
 C	0.52711650 -31.14458252 3.40000000
 C	9.31280970 29.72448549 3.40000000
 C	9.66422070 32.15913232 3.40000000
 C	10.01565630 34.59394958 3.40000000
 C	4.39280970 -4.36227440 3.40000000
 C	5.44709190 2.94200694 3.40000000
 C	10.36708370 37.02871002 3.40000000
 C	10.71850290 39.46341366 3.40000000
 C	4.04139050 -6.79697804 3.40000000
 C	5.79852750 5.37682420 3.40000000
 C	3.68996310 -9.23173849 3.40000000
 C	6.14995490 7.81158465 3.40000000
 C	4.21709190 -0.60859779 3.40000000
 C	2.45993850 -12.78251366 3.40000000
 C	5.97422070 11.56514764 3.40000000
 C	2.10852750 -15.21716048 3.40000000
 C	6.32565630 13.99996489 3.40000000
 C	1.75709190 -17.65197774 3.40000000
 C	6.67706730 16.43461172 3.40000000
 C	1.40568090 -20.08662456 3.40000000
 C	7.02850290 18.86942898 3.40000000
 C	1.05424530 -22.52144182 3.40000000
 C	7.37993850 21.30424624 3.40000000
 C	3.86565630 -3.04341505 3.40000000
 C	4.56850290 1.82604903 3.40000000
 C	0.70280970 -24.95625908 3.40000000
 C	7.73137410 23.73906350 3.40000000
 C	0.35137410 -27.39107634 3.40000000
 C	8.08278510 26.17371032 3.40000000
 C	-0.00003690 -29.82572317 3.40000000
 C	8.43422070 28.60852758 3.40000000
 C	8.78563170 31.04317441 3.40000000
 C	9.13706730 33.47799167 3.40000000
 C	9.48850290 35.91280893 3.40000000
 C	9.83993850 38.34762618 3.40000000
 C	10.19134950 40.78227301 3.40000000
 C	3.51424530 -5.47806188 3.40000000
 C	4.91993850 4.26086629 3.40000000
 C	3.16280970 -7.91287914 3.40000000
 C	5.27137410 6.69568355 3.40000000
 C	2.81137410 -10.34769640 3.40000000
 C	5.62280970 9.13050081 3.40000000
 C	2.81139459 -0.40573186 3.40000000
 C	1.05426579 -12.57947729 3.40000000
 C	4.56852339 11.76801357 3.40000000
 C	0.70283019 -15.01429455 3.40000000
 C	4.91995899 14.20283083 3.40000000
 C	0.35139459 -17.44911181 3.40000000
 C	5.27139459 16.63764808 3.40000000
 C	-0.00002461 -19.88381544 3.40000000
 C	5.62280559 19.07229491 3.40000000
 C	-0.35145201 -22.31857589 3.40000000
 C	5.97424119 21.50711217 3.40000000
 C	-0.70288761 -24.75339315 3.40000000
 C	2.45995899 -2.84054912 3.40000000
 C	6.32566859 23.94187262 3.40000000
 C	3.16283019 2.02908540 3.40000000
 C	-1.05429861 -27.18803998 3.40000000
 C	6.67708779 26.37657625 3.40000000
 C	-1.40573421 -29.62285724 3.40000000
 C	7.02852339 28.81139351 3.40000000
 C	7.37995899 31.24621077 3.40000000
 C	7.73136999 33.68085760 3.40000000
 C	8.08280559 36.11567486 3.40000000
 C	8.43423299 38.55043530 3.40000000
 C	8.78565219 40.98513894 3.40000000
 C	2.10853979 -5.27525276 3.40000000
 C	3.51424119 4.46373222 3.40000000
 C	1.75711239 -7.71001321 3.40000000
 C	3.86567679 6.89854948 3.40000000
 C	1.40567679 -10.14483046 3.40000000
 C	4.21710419 9.33330993 3.40000000
 C	0.52704270 -11.26075287 3.40000000
 C	3.68991390 10.65226160 3.40000000
 C	1.93276050 -1.52165427 3.40000000
 C	2.28419610 0.91316299 3.40000000
 C	0.17563170 -13.69539969 3.40000000
 C	4.04132490 13.08690842 3.40000000
 C	-0.17580390 -16.13021695 3.40000000
 C	4.39276050 15.52172568 3.40000000
 C	-0.52721490 -18.56486378 3.40000000
 C	4.74417150 17.95637251 3.40000000
 C	-0.87865050 -20.99968104 3.40000000
 C	5.09560710 20.39118977 3.40000000
 C	-1.23008610 -23.43449830 3.40000000
 C	5.44704270 22.82600702 3.40000000
 C	-1.58152170 -25.86931556 3.40000000
 C	5.79847830 25.26082428 3.40000000
 C	-1.93293270 -28.30396238 3.40000000
 C	6.14988930 27.69547111 3.40000000
 C	6.50132490 30.13028837 3.40000000
 C	6.85273590 32.56493519 3.40000000
 C	7.20417150 34.99975245 3.40000000
 C	1.58134950 -3.95630109 3.40000000
 C	2.63560710 3.34780982 3.40000000
 C	7.55560710 37.43456971 3.40000000
 C	7.90704270 39.86938697 3.40000000
 C	8.25845370 42.30403380 3.40000000
 C	1.22991390 -6.39111835 3.40000000
 C	2.98704270 5.78262708 3.40000000
 C	0.87847830 -8.82593561 3.40000000
 C	3.33847830 8.21744434 3.40000000
 C	-0.87853980 -11.05778752 3.40000000
 C	2.28429860 10.85499970 3.40000000
 C	0.52715340 -1.31885935 3.40000000
 C	0.87858900 1.11595791 3.40000000
 C	-1.22997540 -13.49260478 3.40000000
 C	2.63571780 13.28970334 3.40000000
 C	-1.58141100 -15.92742204 3.40000000
 C	2.98715340 15.72452060 3.40000000
 C	-1.93283020 -18.36212567 3.40000000
 C	3.33858900 18.15933786 3.40000000
 C	-2.28425760 -20.79688612 3.40000000
 C	3.69000000 20.59398468 3.40000000
 C	-2.63569320 -23.23170338 3.40000000
 C	4.04143560 23.02880194 3.40000000
 C	-2.98710420 -25.66635020 3.40000000
 C	4.39286300 25.46356239 3.40000000
 C	-3.33853980 -28.10116746 3.40000000
 C	4.74428220 27.89826603 3.40000000
 C	5.09571780 30.33308329 3.40000000
 C	5.44715340 32.76790054 3.40000000
 C	5.79856440 35.20254737 3.40000000
 C	0.17573420 -3.75356298 3.40000000
 C	1.23002460 3.55077517 3.40000000
 C	6.15000000 37.63736463 3.40000000
 C	6.50142740 40.07212508 3.40000000
 C	6.85284660 42.50682871 3.40000000
 C	-0.17569320 -6.18832343 3.40000000
 C	1.58143560 5.98542200 3.40000000
 C	-0.52712880 -8.62314069 3.40000000
 C	1.93287120 8.42023925 3.40000000
 C	0.00000000 0.00000000 3.40000000
 C	-1.75712880 -12.17374543 3.40000000
 C	1.75715340 12.17391586 3.40000000
 C	-2.10856440 -14.60856269 3.40000000
 C	2.10856440 14.60856269 3.40000000
 C	-2.45997540 -17.04320951 3.40000000
 C	2.46000000 17.04337995 3.40000000
 C	-2.81141100 -19.47802677 3.40000000
 C	2.81141100 19.47802677 3.40000000
 C	-3.16284660 -21.91284403 3.40000000
 C	3.16284660 21.91284403 3.40000000
 C	-0.35141100 -2.43464683 3.40000000
 C	-3.51428220 -24.34766129 3.40000000
 C	3.51428220 24.34766129 3.40000000
 C	0.35143560 2.43481726 3.40000000
 C	-3.86569320 -26.78230812 3.40000000
 C	3.86571780 26.78247855 3.40000000
 C	4.21712880 29.21712537 3.40000000
 C	4.56856440 31.65194263 3.40000000
 C	4.91997540 34.08658946 3.40000000
 C	5.27141100 36.52140672 3.40000000
 C	5.62284660 38.95622398 3.40000000
 C	5.97428220 41.39104124 3.40000000
 C	6.32569320 43.82568806 3.40000000
 C	-0.70284660 -4.86946408 3.40000000
 C	0.70284660 4.86946408 3.40000000
 C	-1.05428220 -7.30428134 3.40000000
 C	1.05428220 7.30428134 3.40000000
 C	-1.40571780 -9.73909860 3.40000000
 C	1.40571780 9.73909860 3.40000000
 C	-1.40574240 0.20290144 3.40000000
 C	-3.16287120 -11.97084399 3.40000000
 C	0.35140280 12.37676049 3.40000000
 C	-3.51430680 -14.40566125 3.40000000
 C	0.70282200 14.81146413 3.40000000
 C	-3.86572600 -16.84036489 3.40000000
 C	1.05425760 17.24628139 3.40000000
 C	-4.21715340 -19.27512533 3.40000000
 C	1.40569320 19.68109864 3.40000000
 C	-4.56858900 -21.70994259 3.40000000
 C	1.75710420 22.11574547 3.40000000
 C	-1.75716160 -2.23180220 3.40000000
 C	-4.92000000 -24.14458942 3.40000000
 C	2.10853980 24.55056273 3.40000000
 C	-1.05430680 2.63771870 3.40000000
 C	-5.27143560 -26.57940668 3.40000000
 C	2.45996720 26.98532318 3.40000000
 C	2.81138640 29.42002681 3.40000000
 C	3.16282200 31.85484407 3.40000000
 C	3.51425760 34.28966133 3.40000000
 C	3.86566860 36.72430816 3.40000000
 C	4.21710420 39.15912542 3.40000000
 C	4.56853160 41.59388586 3.40000000
 C	4.91995080 44.02858950 3.40000000
 C	-2.10858900 -4.66656265 3.40000000
 C	-0.70287120 5.07253596 3.40000000
 C	-2.46002460 -7.10137991 3.40000000
 C	-0.35146020 7.50718278 3.40000000
 C	-2.81143560 -9.53602673 3.40000000
 C	-0.00002460 9.94200004 3.40000000
 C	-3.69002460 -10.65198464 3.40000000
 C	-0.52717800 11.26085939 3.40000000
 C	-2.28430680 -0.91288604 3.40000000
 C	-1.93289580 1.52176079 3.40000000
 C	-4.04146020 -13.08680190 3.40000000
 C	-0.17574240 13.69567665 3.40000000
 C	-4.39287120 -15.52144873 3.40000000
 C	0.17566860 16.13032347 3.40000000
 C	-4.74430680 -17.95626599 3.40000000
 C	0.52710420 18.56514073 3.40000000
 C	-5.09574240 -20.39108324 3.40000000
 C	0.87851520 20.99978756 3.40000000
 C	-5.44717800 -22.82590050 3.40000000
 C	1.22995080 23.43460482 3.40000000
 C	-5.79858900 -25.26054733 3.40000000
 C	1.58138640 25.86942208 3.40000000
 C	1.93282200 28.30423934 3.40000000
 C	2.28423300 30.73888616 3.40000000
 C	2.63566860 33.17370342 3.40000000
 C	2.98707960 35.60835025 3.40000000
 C	-2.63574240 -3.34770330 3.40000000
 C	-1.58146020 3.95657805 3.40000000
 C	3.33851520 38.04316751 3.40000000
 C	3.68995080 40.47798476 3.40000000
 C	4.04138640 42.91280202 3.40000000
 C	4.39279740 45.34744885 3.40000000
 C	-2.98717800 -5.78252056 3.40000000
 C	-1.23004920 6.39122487 3.40000000
 C	-3.33861360 -8.21733782 3.40000000
 C	-0.87861360 8.82604213 3.40000000
 C	-5.09576700 -10.44908320 3.40000000
 C	-1.93292040 11.46376083 3.40000000
 C	-3.69005740 -0.71004141 3.40000000
 C	-3.33863820 1.72466223 3.40000000
 C	-5.44720260 -12.88390046 3.40000000
 C	-1.58149300 13.89852128 3.40000000
 C	-5.79862180 -15.31860410 3.40000000
 C	-1.23007380 16.33322491 3.40000000
 C	-6.15004920 -17.75336455 3.40000000
 C	-0.87863820 18.76804217 3.40000000
 C	-6.50148480 -20.18818181 3.40000000
 C	-0.52720260 21.20285943 3.40000000
 C	-6.85289580 -22.62282863 3.40000000
 C	-0.17579160 23.63750626 3.40000000
 C	-7.20433140 -25.05764589 3.40000000
 C	0.17564400 26.07232352 3.40000000
 C	0.52707140 28.50708396 3.40000000
 C	0.87849060 30.94178760 3.40000000
 C	1.22992620 33.37660486 3.40000000
 C	1.58136180 35.81142212 3.40000000
 C	-4.04148480 -3.14480186 3.40000000
 C	-2.98720260 4.15947948 3.40000000
 C	1.93277280 38.24606894 3.40000000
 C	2.28420840 40.68088620 3.40000000
 C	2.63563580 43.11564665 3.40000000
 C	2.98705500 45.55035029 3.40000000
 C	-4.39292040 -5.57961912 3.40000000
 C	-2.63576700 6.59429674 3.40000000
 C	-4.74433140 -8.01426594 3.40000000
 C	-2.28435600 9.02894357 3.40000000
 C	-4.21706730 0.60876823 3.40000000
 C	-5.97422070 -11.56514764 3.40000000
 C	-2.45993850 12.78251366 3.40000000
 C	-6.32563170 -13.99979446 3.40000000
 C	-2.10850290 15.21733091 3.40000000
 C	-6.67706730 -16.43461172 3.40000000
 C	-1.75709190 17.65197774 3.40000000
 C	-7.02850290 -18.86942898 3.40000000
 C	-1.40565630 20.08679500 3.40000000
 C	-1.05424530 22.52144182 3.40000000
 C	-7.37993850 -21.30424624 3.40000000
 C	-4.56850290 -1.82604903 3.40000000
 C	-3.86565630 3.04341505 3.40000000
 C	-7.73134950 -23.73889306 3.40000000
 C	-0.70280970 24.95625908 3.40000000
 C	-0.35137410 27.39107634 3.40000000
 C	0.00006150 29.82589360 3.40000000
 C	0.35147250 32.26054043 3.40000000
 C	0.70290810 34.69535769 3.40000000
 C	1.05431910 37.13000451 3.40000000
 C	1.40575470 39.56482177 3.40000000
 C	1.75719030 41.99963903 3.40000000
 C	2.10862590 44.43445629 3.40000000
 C	2.46003690 46.86910311 3.40000000
 C	-4.91993850 -4.26086629 3.40000000
 C	-3.51422070 5.47823231 3.40000000
 C	-3.16280970 7.91287914 3.40000000
 C	-5.27137410 -6.69568355 3.40000000
 C	-5.62278510 -9.13033038 3.40000000
 C	-2.81137410 10.34769640 3.40000000
 C	-5.62281790 0.81161285 3.40000000
 C	-7.37996310 -11.36224620 3.40000000
 C	-3.86568090 12.98541509 3.40000000
 C	-7.73138230 -13.79694983 3.40000000
 C	-3.51425350 15.42017554 3.40000000
 C	-8.08280970 -16.23171028 3.40000000
 C	-3.16283430 17.85487918 3.40000000
 C	-8.43424530 -18.66652754 3.40000000
 C	-2.81139870 20.28969644 3.40000000
 C	-8.78565630 -21.10117437 3.40000000
 C	-2.45996310 22.72451370 3.40000000
 C	-5.97424530 -1.62314759 3.40000000
 C	-5.27139870 3.24631649 3.40000000
 C	-9.13709190 -23.53599162 3.40000000
 C	-2.10855210 25.15916052 3.40000000
 C	-1.75711650 27.59397778 3.40000000
 C	-1.40568910 30.02873823 3.40000000
 C	-1.05426990 32.46344187 3.40000000
 C	-0.70283430 34.89825912 3.40000000
 C	-0.35139870 37.33307638 3.40000000
 C	0.00001230 39.76772321 3.40000000
 C	0.35144790 42.20254047 3.40000000
 C	0.70287530 44.63730092 3.40000000
 C	1.05429450 47.07200455 3.40000000
 C	-6.32568090 -4.05796485 3.40000000
 C	-4.91996310 5.68113375 3.40000000
 C	-6.67709190 -6.49261168 3.40000000
 C	-4.56852750 8.11595101 3.40000000
 C	-7.02852750 -8.92742894 3.40000000
 C	-4.21711650 10.55059783 3.40000000
 C	-7.90711650 -10.04338685 3.40000000
 C	-4.74426990 11.86945718 3.40000000
 C	-6.50139870 -0.30428824 3.40000000
 C	-6.14996310 2.13052902 3.40000000
 C	-8.25852750 -12.47803367 3.40000000
 C	-4.39283430 14.30427444 3.40000000
 C	-8.60996310 -14.91285093 3.40000000
 C	-4.04139870 16.73909170 3.40000000
 C	-8.96139870 -17.34766819 3.40000000
 C	-3.68998770 19.17373853 3.40000000
 C	-9.31283430 -19.78248545 3.40000000
 C	-3.33855210 21.60855579 3.40000000
 C	-9.66424530 -22.21713228 3.40000000
 C	-2.98714110 24.04320261 3.40000000
 C	-2.63570550 26.47801987 3.40000000
 C	-2.28426990 28.91283713 3.40000000
 C	-1.93283430 31.34765439 3.40000000
 C	-1.58142330 33.78230122 3.40000000
 C	-1.22998770 36.21711847 3.40000000
 C	-6.85283430 -2.73910550 3.40000000
 C	-5.79855210 4.56517584 3.40000000
 C	-0.87857670 38.65176530 3.40000000
 C	-0.52714110 41.08658256 3.40000000
 C	-0.17570550 43.52139982 3.40000000
 C	0.17573010 45.95621708 3.40000000
 C	0.52714110 48.39086390 3.40000000
 C	-7.20426990 -5.17392276 3.40000000
 C	-5.44711650 6.99999310 3.40000000
 C	-7.55568090 -7.60856959 3.40000000
 C	-5.09570550 9.43463992 3.40000000
 C	-9.31285890 -9.84048541 3.40000000
 C	-6.15001230 12.07235862 3.40000000
 C	-7.90714110 -0.10138681 3.40000000
 C	-7.55571370 2.33337364 3.40000000
 C	-9.66427810 -12.27518905 3.40000000
 C	-5.79857670 14.50717588 3.40000000
 C	-10.01570550 -14.70994949 3.40000000
 C	-5.44714930 16.94193633 3.40000000
 C	-10.36714110 -17.14476675 3.40000000
 C	-5.09573010 19.37663996 3.40000000
 C	-10.71855210 -19.57941358 3.40000000
 C	-4.74429450 21.81145722 3.40000000
 C	-11.06998770 -22.01423084 3.40000000
 C	-4.39285890 24.24627448 3.40000000
 C	-4.04144790 26.68092131 3.40000000
 C	-3.69001230 29.11573857 3.40000000
 C	-3.33858490 31.55049902 3.40000000
 C	-2.98716570 33.98520265 3.40000000
 C	-2.63573010 36.42001991 3.40000000
 C	-8.25857670 -2.53620407 3.40000000
 C	-7.20429450 4.76807728 3.40000000
 C	-2.28429450 38.85483717 3.40000000
 C	-1.93288350 41.28948400 3.40000000
 C	-1.58144790 43.72430126 3.40000000
 C	-1.23002050 46.15906170 3.40000000
 C	-0.87860130 48.59376534 3.40000000
 C	-8.60998770 -4.97085089 3.40000000
 C	-6.85285890 7.20289454 3.40000000
 C	-8.96142330 -7.40566815 3.40000000
 C	-6.50142330 9.63771180 3.40000000
 C	-8.43429450 1.21747254 3.40000000
 C	-10.19142330 -10.95627289 3.40000000
 C	-6.67716570 13.39121797 3.40000000
 C	-10.54285890 -13.39109014 3.40000000
 C	-6.32573010 15.82603523 3.40000000
 C	-10.89429450 -15.82590740 3.40000000
 C	-5.97429450 18.26085249 3.40000000
 C	-11.24573010 -18.26072466 3.40000000
 C	-5.62288350 20.69549931 3.40000000
 C	-11.59714110 -20.69537149 3.40000000
 C	-5.27144790 23.13031657 3.40000000
 C	-8.78573010 -1.21734472 3.40000000
 C	-4.92003690 25.56496340 3.40000000
 C	-8.08285890 3.65228980 3.40000000
 C	-4.56860130 27.99978066 3.40000000
 C	-4.21716570 30.43459792 3.40000000
 C	-3.86573010 32.86941518 3.40000000
 C	-3.51431910 35.30406200 3.40000000
 C	-3.16288350 37.73887926 3.40000000
 C	-2.81147250 40.17352609 3.40000000
 C	-2.46003690 42.60834335 3.40000000
 C	-2.10860130 45.04316060 3.40000000
 C	-1.75716570 47.47797786 3.40000000
 C	-1.40575470 49.91262469 3.40000000
 C	-9.13716570 -3.65216198 3.40000000
 C	-7.73144790 6.08693663 3.40000000
 C	-9.48857670 -6.08680880 3.40000000
 C	-7.38001230 8.52175389 3.40000000
 C	-9.84001230 -8.52162606 3.40000000
 C	-7.02860130 10.95640071 3.40000000
 C	-9.83999180 1.42033847 3.40000000
 C	-11.59712880 -10.75346377 3.40000000
 C	-8.08286300 13.59408390 3.40000000
 C	-11.94855620 -13.18822421 3.40000000
 C	-7.73142740 16.02890116 3.40000000
 C	-12.29999180 -15.62304147 3.40000000
 C	-7.38000000 18.46366161 3.40000000
 C	-12.65140280 -18.05768830 3.40000000
 C	-7.02858080 20.89836525 3.40000000
 C	-13.00283840 -20.49250556 3.40000000
 C	-6.67714520 23.33318251 3.40000000
 C	-10.19142740 -1.01447879 3.40000000
 C	-6.32570960 25.76799976 3.40000000
 C	-9.48856440 3.85509892 3.40000000
 C	-5.97429860 28.20264659 3.40000000
 C	-5.62286300 30.63746385 3.40000000
 C	-5.27143560 33.07222430 3.40000000
 C	-4.92001640 35.50692793 3.40000000
 C	-4.56858080 37.94174519 3.40000000
 C	-4.21714520 40.37656245 3.40000000
 C	-3.86573420 42.81120928 3.40000000
 C	-3.51429860 45.24602654 3.40000000
 C	-3.16287120 47.68078698 3.40000000
 C	-10.54283840 -3.44912561 3.40000000
 C	-2.81145200 50.11549062 3.40000000
 C	-9.13714520 6.28980256 3.40000000
 C	-10.89427400 -5.88394287 3.40000000
 C	-8.78570960 8.72461982 3.40000000
 C	-11.24570960 -8.31876013 3.40000000
 C	-8.43427400 11.15943708 3.40000000
 C	-12.12431910 -9.43451210 3.40000000
 C	-8.96149710 12.47816150 3.40000000
 C	-10.71862590 0.30441607 3.40000000
 C	-10.36719030 2.73923333 3.40000000
 C	-12.47575470 -11.86932936 3.40000000
 C	-8.61006150 14.91297876 3.40000000
 C	-12.82719030 -14.30414662 3.40000000
 C	-8.25862590 17.34779602 3.40000000
 C	-13.17862590 -16.73896388 3.40000000
 C	-7.90719030 19.78261328 3.40000000
 C	-13.53003690 -19.17361070 3.40000000
 C	-7.55577930 22.21726010 3.40000000
 C	-7.20434370 24.65207736 3.40000000
 C	-6.85293270 27.08672419 3.40000000
 C	-6.50149710 29.52154144 3.40000000
 C	-6.15006150 31.95635870 3.40000000
 C	-5.79862590 34.39117596 3.40000000
 C	-5.44721490 36.82582279 3.40000000
 C	-11.07006150 -2.13040119 3.40000000
 C	-10.01575470 5.17405059 3.40000000
 C	-5.09577930 39.26064005 3.40000000
 C	-4.74436830 41.69528687 3.40000000
 C	-4.39293270 44.13010413 3.40000000
 C	-4.04149710 46.56492139 3.40000000
 C	-3.69006150 48.99973865 3.40000000
 C	-3.33865050 51.43438548 3.40000000
 C	-11.42147250 -4.56504801 3.40000000
 C	-9.66434370 7.60869741 3.40000000
 C	-11.77290810 -6.99986527 3.40000000
 C	-9.31290810 10.04351467 3.40000000
 C	-13.52993440 -9.23177399 3.40000000
 C	-10.36707960 12.68112685 3.40000000
 C	-12.12423300 0.50721099 3.40000000
 C	-11.77279740 2.94202825 3.40000000
 C	-13.88136180 -11.66653444 3.40000000
 C	-10.01566860 15.11577367 3.40000000
 C	-14.23279740 -14.10135170 3.40000000
 C	-9.66423300 17.55059093 3.40000000
 C	-14.58420840 -16.53599853 3.40000000
 C	-9.31280560 19.98535138 3.40000000
 C	-14.93564400 -18.97081578 3.40000000
 C	-8.96138640 22.42005502 3.40000000
 C	-8.60995080 24.85487228 3.40000000
 C	-8.25851520 27.28968954 3.40000000
 C	-7.90710420 29.72433636 3.40000000
 C	-7.55566860 32.15915362 3.40000000
 C	-7.20424120 34.59391407 3.40000000
 C	-6.85282200 37.02861771 3.40000000
 C	-12.47564400 -1.92743584 3.40000000
 C	-11.42137000 5.37678869 3.40000000
 C	-6.50138640 39.46343497 3.40000000
 C	-6.14995080 41.89825222 3.40000000
 C	-5.79853980 44.33289905 3.40000000
 C	-5.44710420 46.76771631 3.40000000
 C	-5.09567680 49.20247676 3.40000000
 C	-4.74425760 51.63718039 3.40000000
 C	-12.82707960 -4.36225310 3.40000000
 C	-11.06995080 7.81149233 3.40000000
 C	-13.17851520 -6.79707036 3.40000000
 C	-10.71851520 10.24630959 3.40000000
 C	-12.65138640 1.82607034 3.40000000
 C	-14.40851520 -10.34767509 3.40000000
 C	-10.89425760 13.99981576 3.40000000
 C	-14.75995080 -12.78249235 3.40000000
 C	-10.54282200 16.43463302 3.40000000
 C	-15.11138640 -15.21730961 3.40000000
 C	-10.19138640 18.86945028 3.40000000
 C	-15.46279740 -17.65195644 3.40000000
 C	-9.83995080 21.30426754 3.40000000
 C	-9.48853980 23.73891437 3.40000000
 C	-9.13710420 26.17373163 3.40000000
 C	-13.00282200 -0.60874692 3.40000000
 C	-12.29995080 4.26088759 3.40000000
 C	-8.78569320 28.60837845 3.40000000
 C	-8.43425760 31.04319571 3.40000000
 C	-8.08282200 33.47801297 3.40000000
 C	-7.73138640 35.91283023 3.40000000
 C	-7.37997540 38.34747705 3.40000000
 C	-7.02853980 40.78229431 3.40000000
 C	-6.67712880 43.21694114 3.40000000
 C	-6.32569320 45.65175840 3.40000000
 C	-5.97425760 48.08657566 3.40000000
 C	-13.35423300 -3.04339375 3.40000000
 C	-5.62282200 50.52139292 3.40000000
 C	-11.94851520 6.69570485 3.40000000
 C	-5.27141100 52.95603974 3.40000000
 C	-13.70566860 -5.47821101 3.40000000
 C	-11.59710420 9.13035168 3.40000000
 C	-14.05707960 -7.91285783 3.40000000
 C	-11.24566860 11.56516894 3.40000000
 C	-14.05712880 2.02897177 3.40000000
 C	-15.81425760 -10.14477365 3.40000000
 C	-12.29997540 14.20288764 3.40000000
 C	-16.16569320 -12.57959091 3.40000000
 C	-11.94856440 16.63753446 3.40000000
 C	-16.51710420 -15.01423774 3.40000000
 C	-11.59712880 19.07235172 3.40000000
 C	-16.86853980 -17.44905500 3.40000000
 C	-11.24570140 21.50711217 3.40000000
 C	-10.89428220 23.94181581 3.40000000
 C	-14.40853980 -0.40567505 3.40000000
 C	-10.54284660 26.37663306 3.40000000
 C	-13.70569320 4.46378903 3.40000000
 C	-10.19141100 28.81145032 3.40000000
 C	-9.84000000 31.24609715 3.40000000
 C	-9.48856440 33.68091441 3.40000000
 C	-9.13713700 36.11567486 3.40000000
 C	-8.78571780 38.55037849 3.40000000
 C	-8.43428220 40.98519575 3.40000000
 C	-8.08284660 43.42001301 3.40000000
 C	-7.73143560 45.85465984 3.40000000
 C	-7.38000000 48.28947710 3.40000000
 C	-14.75997540 -2.84049231 3.40000000
 C	-7.02857260 50.72423754 3.40000000
 C	-13.35426580 6.89854948 3.40000000
 C	-6.67715340 53.15894118 3.40000000
 C	-15.11141100 -5.27530957 3.40000000
 C	-13.00284660 9.33325312 3.40000000
 C	-15.46283020 -7.71001321 3.40000000
 C	-12.65141100 11.76807038 3.40000000
 C	-16.34141100 -8.82591431 3.40000000
 C	-13.17856440 13.08692973 3.40000000
 C	-14.93571780 0.91301386 3.40000000
 C	-14.58428220 3.34783112 3.40000000
 C	-16.69284660 -11.26073156 3.40000000
 C	-12.82715340 15.52157655 3.40000000
 C	-17.04428220 -13.69554882 3.40000000
 C	-12.47571780 17.95639381 3.40000000
 C	-17.39569320 -16.13019565 3.40000000
 C	-12.12428220 20.39121107 3.40000000
 C	-11.77284660 22.82602833 3.40000000
 C	-11.42143560 25.26067515 3.40000000
 C	-11.07000000 27.69549241 3.40000000
 C	-10.71858900 30.13013924 3.40000000
 C	-10.36715340 32.56495650 3.40000000
 C	-10.01571780 34.99977376 3.40000000
 C	-9.66428220 37.43459102 3.40000000
 C	-15.28712880 -1.52163296 3.40000000
 C	-14.23284660 5.78264838 3.40000000
 C	-9.31287120 39.86923784 3.40000000
 C	-8.96143560 42.30405510 3.40000000
 C	-8.61002460 44.73870193 3.40000000
 C	-8.25858900 47.17351918 3.40000000
 C	-7.90715340 49.60833644 3.40000000
 C	-7.55571780 52.04315370 3.40000000
 C	-7.20430680 54.47780053 3.40000000
 C	-15.63856440 -3.95645022 3.40000000
 C	-13.88141100 8.21746564 3.40000000
 C	-15.98997540 -6.39109705 3.40000000
 C	-13.53000000 10.65211247 3.40000000
 C	-17.74715340 -8.62301287 3.40000000
 C	-14.58430680 13.28983116 3.40000000
 C	-16.34143560 1.11608574 3.40000000
 C	-15.99002460 3.55073256 3.40000000
 C	-18.09858900 -11.05783013 3.40000000
 C	-14.23287120 15.72464842 3.40000000
 C	-18.45000000 -13.49247695 3.40000000
 C	-13.88146020 18.15929525 3.40000000
 C	-18.80143560 -15.92729421 3.40000000
 C	-13.53002460 20.59411251 3.40000000
 C	-13.17859720 23.02887296 3.40000000
 C	-12.82717800 25.46357659 3.40000000
 C	-12.47574240 27.89839385 3.40000000
 C	-12.12430680 30.33321111 3.40000000
 C	-11.77289580 32.76785794 3.40000000
 C	-11.42146020 35.20267519 3.40000000
 C	-11.07003280 37.63743564 3.40000000
 C	-16.69287120 -1.31873152 3.40000000
 C	-15.63858900 5.98554982 3.40000000
 C	-10.71861360 40.07213928 3.40000000
 C	-10.36717800 42.50695654 3.40000000
 C	-10.01574240 44.94177380 3.40000000
 C	-9.66433140 47.37642062 3.40000000
 C	-9.31289580 49.81123788 3.40000000
 C	-8.96146840 52.24599833 3.40000000
 C	-8.61004920 54.68070197 3.40000000
 C	-17.04430680 -3.75354878 3.40000000
 C	-15.28716160 8.42031027 3.40000000
 C	-17.39572600 -6.18825242 3.40000000
 C	-14.93574240 10.85501390 3.40000000
 C	-16.86847829 2.43466813 3.40000000
 C	-18.62560709 -9.73907730 3.40000000
 C	-15.11132489 14.60858399 3.40000000
 C	-14.75991389 17.04323082 3.40000000
 C	-18.97704269 -12.17389456 3.40000000
 C	-19.32845369 -14.60854138 3.40000000
 C	-14.40847829 19.47804808 3.40000000
 C	-14.05704269 21.91286533 3.40000000
 C	-13.70560709 24.34768259 3.40000000
 C	-17.21988929 0.00002130 3.40000000
 C	-16.51704269 4.86948539 3.40000000
 C	-13.35419609 26.78232942 3.40000000
 C	-13.00276049 29.21714668 3.40000000
 C	-12.65134949 31.65179350 3.40000000
 C	-12.29991389 34.08661076 3.40000000
 C	-11.94847829 36.52142802 3.40000000
 C	-11.59704269 38.95624528 3.40000000
 C	-11.24563169 41.39089211 3.40000000
 C	-10.89419609 43.82570937 3.40000000
 C	-10.54278509 46.26035619 3.40000000
 C	-10.19134949 48.69517345 3.40000000
 C	-9.83991389 51.12999071 3.40000000
 C	-17.57132489 -2.43479596 3.40000000
 C	-16.16560709 7.30430265 3.40000000
 C	-9.48847829 53.56480797 3.40000000
 C	-9.13706729 55.99945479 3.40000000
 C	-17.92273589 -4.86944278 3.40000000
 C	-15.81417149 9.73911991 3.40000000
 C	-18.27417149 -7.30426004 3.40000000
 C	-15.46276049 12.17376673 3.40000000
 C	-18.27419610 2.63774000 3.40000000
 C	-20.03134950 -9.53617586 3.40000000
 C	-16.51706730 14.81148543 3.40000000
 C	-20.38276050 -11.97082269 3.40000000
 C	-16.16563170 17.24630269 3.40000000
 C	-20.73419610 -14.40563995 3.40000000
 C	-15.81422070 19.68094951 3.40000000
 C	-15.46278510 22.11576677 3.40000000
 C	-15.11135770 24.55052722 3.40000000
 C	-18.62563170 0.20292274 3.40000000
 C	-17.92278510 5.07238683 3.40000000
 C	-14.75993850 26.98523086 3.40000000
 C	-14.40850290 29.42004812 3.40000000
 C	-14.05706730 31.85486538 3.40000000
 C	-13.70565630 34.28951220 3.40000000
 C	-13.35422070 36.72432946 3.40000000
 C	-13.00279330 39.15908991 3.40000000
 C	-12.65137410 41.59379354 3.40000000
 C	-12.29993850 44.02861080 3.40000000
 C	-11.94850290 46.46342806 3.40000000
 C	-11.59709190 48.89807489 3.40000000
 C	-11.24565630 51.33289215 3.40000000
 C	-18.97706730 -2.23189452 3.40000000
 C	-17.57134950 7.50720409 3.40000000
 C	-10.89422890 53.76765260 3.40000000
 C	-10.54280970 56.20235623 3.40000000
 C	-19.32848650 -4.66659815 3.40000000
 C	-17.21992210 9.94196453 3.40000000
 C	-19.67991390 -7.10135860 3.40000000
 C	-16.86850290 12.37666817 3.40000000
 C	-20.55850290 -8.21731651 3.40000000
 C	-17.39565630 13.69552752 3.40000000
 C	-19.15278510 1.52178209 3.40000000
 C	-18.80137410 3.95642892 3.40000000
 C	-20.90993850 -10.65213377 3.40000000
 C	-17.04422070 16.13034478 3.40000000
 C	-21.26134950 -13.08678060 3.40000000
 C	-16.69280970 18.56499160 3.40000000
 C	-16.34137410 20.99980886 3.40000000
 C	-15.98993850 23.43462612 3.40000000
 C	-15.63850290 25.86944338 3.40000000
 C	-15.28709190 28.30409021 3.40000000
 C	-14.93565630 30.73890747 3.40000000
 C	-14.58424530 33.17355429 3.40000000
 C	-14.23280970 35.60837155 3.40000000
 C	-13.88137410 38.04318881 3.40000000
 C	-19.50422070 -0.91303517 3.40000000
 C	-18.44993850 6.39124618 3.40000000
 C	-13.52993850 40.47800607 3.40000000
 C	-13.17852750 42.91265289 3.40000000
 C	-12.82709190 45.34747015 3.40000000
 C	-12.47568090 47.78211698 3.40000000
 C	-12.12424530 50.21693424 3.40000000
 C	-11.77280970 52.65175150 3.40000000
 C	-11.42137410 55.08656876 3.40000000
 C	-11.06996310 57.52121558 3.40000000
 C	-19.85563170 -3.34768199 3.40000000
 C	-18.09850290 8.82606344 3.40000000
 C	-20.20706730 -5.78249925 3.40000000
 C	-17.74706730 11.26088069 3.40000000
 C	-21.96424530 -8.01441507 3.40000000
 C	-18.80139870 13.89842896 3.40000000
 C	-20.55852750 1.72468353 3.40000000
 C	-20.20709190 4.15950079 3.40000000
 C	-22.31565630 -10.44906190 3.40000000
 C	-18.44996310 16.33324622 3.40000000
 C	-22.66709190 -12.88387916 3.40000000
 C	-18.09852750 18.76806348 3.40000000
 C	-17.74711650 21.20271030 3.40000000
 C	-17.39568090 23.63752756 3.40000000
 C	-17.04425350 26.07228801 3.40000000
 C	-16.69283430 28.50699164 3.40000000
 C	-16.34139870 30.94180890 3.40000000
 C	-15.98996310 33.37662616 3.40000000
 C	-15.63855210 35.81127299 3.40000000
 C	-15.28711650 38.24609025 3.40000000
 C	-20.90996310 -0.71013373 3.40000000
 C	-19.85568090 6.59414761 3.40000000
 C	-14.93568910 40.68085069 3.40000000
 C	-14.58426990 43.11555433 3.40000000
 C	-14.23283430 45.55037159 3.40000000
 C	-13.88139870 47.98518885 3.40000000
 C	-13.52998770 50.41983568 3.40000000
 C	-13.17855210 52.85465293 3.40000000
 C	-12.82712470 55.28941338 3.40000000
 C	-12.47570550 57.72411702 3.40000000
 C	-21.26138230 -3.14483737 3.40000000
 C	-19.50424530 9.02896487 3.40000000
 C	-21.61280970 -5.57959781 3.40000000
 C	-19.15281790 11.46372532 3.40000000
 C	-21.08568090 3.04354288 3.40000000
 C	-22.84283430 -9.13037298 3.40000000
 C	-19.32855210 15.21728831 3.40000000
 C	-23.19424530 -11.56501981 3.40000000
 C	-18.97711650 17.65210557 3.40000000
 C	-18.62570550 20.08675239 3.40000000
 C	-18.27426990 22.52156965 3.40000000
 C	-17.92283430 24.95638691 3.40000000
 C	-21.43711650 0.60872562 3.40000000
 C	-20.73426990 5.47818970 3.40000000
 C	-17.57139870 27.39120417 3.40000000
 C	-17.21998770 29.82585099 3.40000000
 C	-16.86855210 32.26066825 3.40000000
 C	-16.51714110 34.69531508 3.40000000
 C	-16.16570550 37.13013234 3.40000000
 C	-15.81426990 39.56494960 3.40000000
 C	-15.46283430 41.99976686 3.40000000
 C	-15.11142330 44.43441368 3.40000000
 C	-14.75998770 46.86923094 3.40000000
 C	-14.40857670 49.30387777 3.40000000
 C	-21.78852750 -1.82592121 3.40000000
 C	-14.05714110 51.73869502 3.40000000
 C	-20.38283430 7.91300696 3.40000000
 C	-13.70570550 54.17351228 3.40000000
 C	-13.35426990 56.60832954 3.40000000
 C	-13.00285890 59.04297637 3.40000000
 C	-22.13996310 -4.26073847 3.40000000
 C	-20.03139870 10.34782422 3.40000000
 C	-22.49139870 -6.69555572 3.40000000
 C	-19.67996310 12.78264148 3.40000000
 C	-22.49137820 3.24640881 3.40000000
 C	-24.24850700 -8.92733662 3.40000000
 C	-20.73424940 15.42015424 3.40000000
 C	-24.59994260 -11.36215388 3.40000000
 C	-20.38281380 17.85497150 3.40000000
 C	-20.03137820 20.28978876 3.40000000
 C	-19.67996720 22.72443558 3.40000000
 C	-19.32853160 25.15925284 3.40000000
 C	-22.84281380 0.81159155 3.40000000
 C	-18.97710420 27.59401329 3.40000000
 C	-22.13994260 5.68122607 3.40000000
 C	-18.62568500 30.02871693 3.40000000
 C	-18.27424940 32.46353418 3.40000000
 C	-17.92281380 34.89835144 3.40000000
 C	-17.57140280 37.33299827 3.40000000
 C	-17.21996720 39.76781553 3.40000000
 C	-16.86853980 42.20257598 3.40000000
 C	-16.51712060 44.63727961 3.40000000
 C	-16.16568500 47.07209687 3.40000000
 C	-15.81424940 49.50691413 3.40000000
 C	-23.19423300 -1.62311209 3.40000000
 C	-15.46283840 51.94156096 3.40000000
 C	-21.78853160 8.11587289 3.40000000
 C	-15.11140280 54.37637822 3.40000000
 C	-14.75997540 56.81113866 3.40000000
 C	-14.40855620 59.24584230 3.40000000
 C	-23.54566040 -4.05787253 3.40000000
 C	-21.43709600 10.55069015 3.40000000
 C	-23.89709600 -6.49268979 3.40000000
 C	-21.08566860 12.98545060 3.40000000
 C	-24.77573010 -7.60861220 3.40000000
 C	-21.61285890 14.30440227 3.40000000
 C	-23.37001230 2.13048641 3.40000000
 C	-23.01857670 4.56530367 3.40000000
 C	-25.12714110 -10.04325902 3.40000000
 C	-21.26144790 16.73904909 3.40000000
 C	-20.91001230 19.17386635 3.40000000
 C	-20.55860130 21.60851318 3.40000000
 C	-20.20716570 24.04333044 3.40000000
 C	-19.85573010 26.47814770 3.40000000
 C	-19.50429450 28.91296496 3.40000000
 C	-19.15288350 31.34761178 3.40000000
 C	-18.80144790 33.78242904 3.40000000
 C	-18.45003690 36.21707587 3.40000000
 C	-18.09860130 38.65189312 3.40000000
 C	-23.72142330 -0.30416042 3.40000000
 C	-22.66716570 6.99995049 3.40000000
 C	-17.74716570 41.08671038 3.40000000
 C	-17.39573010 43.52152764 3.40000000
 C	-17.04431910 45.95617447 3.40000000
 C	-16.69288350 48.39099173 3.40000000
 C	-16.34147250 50.82563855 3.40000000
 C	-15.99003690 53.26045581 3.40000000
 C	-15.63860130 55.69527307 3.40000000
 C	-15.28716570 58.13009033 3.40000000
 C	-14.93575470 60.56473716 3.40000000
 C	-24.07285890 -2.73897768 3.40000000
 C	-22.31573010 9.43476775 3.40000000
 C	-24.42429450 -5.17379494 3.40000000
 C	-21.96429450 11.86958501 3.40000000
 C	-26.18131260 -7.40564685 3.40000000
 C	-23.01847420 14.50714037 3.40000000
 C	-24.77561940 2.33328132 3.40000000
 C	-24.42418380 4.76809858 3.40000000
 C	-26.53274820 -9.84046410 3.40000000
 C	-22.66705500 16.94184401 3.40000000
 C	-22.31561940 19.37666127 3.40000000
 C	-21.96418380 21.81147853 3.40000000
 C	-21.61277280 24.24612535 3.40000000
 C	-21.26133720 26.68094261 3.40000000
 C	-20.90990980 29.11570306 3.40000000
 C	-20.55849060 31.55040670 3.40000000
 C	-20.20705500 33.98522396 3.40000000
 C	-19.85561940 36.42004122 3.40000000
 C	-19.50420840 38.85468804 3.40000000
 C	-25.12703860 -0.10142231 3.40000000
 C	-24.07274820 7.20291584 3.40000000
 C	-19.15277280 41.28950530 3.40000000
 C	-18.80134540 43.72426575 3.40000000
 C	-18.44992620 46.15896939 3.40000000
 C	-18.09849060 48.59378664 3.40000000
 C	-17.74705500 51.02860390 3.40000000
 C	-17.39564400 53.46325073 3.40000000
 C	-17.04420840 55.89806799 3.40000000
 C	-16.69278100 58.33282844 3.40000000
 C	-16.34136180 60.76753207 3.40000000
 C	-25.47846600 -2.53618276 3.40000000
 C	-23.72133720 9.63756267 3.40000000
 C	-25.82990160 -4.97100002 3.40000000
 C	-23.36990160 12.07237993 3.40000000
 C	-25.30277280 3.65214067 3.40000000
 C	-27.05990160 -8.52160476 3.40000000
 C	-23.54561940 15.82605653 3.40000000
 C	-23.19420840 18.26070336 3.40000000
 C	-22.84277280 20.69552062 3.40000000
 C	-22.49136180 23.13016744 3.40000000
 C	-22.13992620 25.56498470 3.40000000
 C	-25.65418380 1.21749385 3.40000000
 C	-21.78849060 27.99980196 3.40000000
 C	-24.95133720 6.08695793 3.40000000
 C	-21.43705500 30.43461922 3.40000000
 C	-21.08564400 32.86926605 3.40000000
 C	-20.73420840 35.30408331 3.40000000
 C	-20.38279740 37.73873013 3.40000000
 C	-20.03136180 40.17354739 3.40000000
 C	-19.67992620 42.60836465 3.40000000
 C	-19.32849060 45.04318191 3.40000000
 C	-18.97707960 47.47782873 3.40000000
 C	-18.62564400 49.91264599 3.40000000
 C	-26.00561940 -1.21732341 3.40000000
 C	-24.59992620 8.52160476 3.40000000
 C	-18.27423300 52.34729282 3.40000000
 C	-17.92279740 54.78211008 3.40000000
 C	-17.57136180 57.21692734 3.40000000
 C	-17.21992620 59.65174460 3.40000000
 C	-16.86851520 62.08639142 3.40000000
 C	-26.35705500 -3.65214067 3.40000000
 C	-24.24849060 10.95642202 3.40000000
 C	-26.70849060 -6.08695793 3.40000000
 C	-23.89705500 13.39123927 3.40000000
 C	-26.70851520 3.85504211 3.40000000
 C	-28.46564400 -8.31870332 3.40000000
 C	-24.95137000 16.02890116 3.40000000
 C	-24.59995080 18.46360480 3.40000000
 C	-24.24851520 20.89842206 3.40000000
 C	-23.89707960 23.33323932 3.40000000
 C	-23.54566860 25.76788614 3.40000000
 C	-27.05993440 1.42033847 3.40000000
 C	-23.19423300 28.20270340 3.40000000
 C	-26.35707960 6.28985937 3.40000000
 C	-22.84280560 30.63746385 3.40000000
 C	-22.49138640 33.07216748 3.40000000
 C	-22.13995080 35.50698474 3.40000000
 C	-21.78851520 37.94180200 3.40000000
 C	-21.43710420 40.37644883 3.40000000
 C	-21.08566860 42.81126609 3.40000000
 C	-20.73424120 45.24602654 3.40000000
 C	-20.38282200 47.68073017 3.40000000
 C	-20.03138640 50.11554743 3.40000000
 C	-27.41136180 -1.01442197 3.40000000
 C	-19.67995080 52.55036469 3.40000000
 C	-26.00564400 8.72467663 3.40000000
 C	-19.32853980 54.98501152 3.40000000
 C	-18.97710420 57.41982877 3.40000000
 C	-18.62567680 59.85458922 3.40000000
 C	-18.27425760 62.28929286 3.40000000
 C	-27.76279740 -3.44923923 3.40000000
 C	-25.65423300 11.15932345 3.40000000
 C	-28.11420840 -5.88388606 3.40000000
 C	-25.30279740 13.59414071 3.40000000
 C	-28.99279740 -6.99984397 3.40000000
 C	-25.82995080 14.91300006 3.40000000
 C	-27.58707960 2.73925463 3.40000000
 C	-27.23566860 5.17390146 3.40000000
 C	-25.47851520 17.34781732 3.40000000
 C	-25.12710420 19.78246415 3.40000000
 C	-24.77566860 22.21728140 3.40000000
 C	-24.42425760 24.65192823 3.40000000
 C	-24.07282200 27.08674549 3.40000000
 C	-23.72138640 29.52156275 3.40000000
 C	-23.36995080 31.95638001 3.40000000
 C	-23.01853980 34.39102683 3.40000000
 C	-22.66710420 36.82584409 3.40000000
 C	-22.31569320 39.26049092 3.40000000
 C	-27.93851520 0.30443737 3.40000000
 C	-26.88423300 7.60871872 3.40000000
 C	-21.96425760 41.69530818 3.40000000
 C	-21.61282200 44.13012544 3.40000000
 C	-21.26138640 46.56494269 3.40000000
 C	-20.90997540 48.99958952 3.40000000
 C	-20.55853980 51.43440678 3.40000000
 C	-20.20712880 53.86905360 3.40000000
 C	-19.85569320 56.30387086 3.40000000
 C	-19.50425760 58.73868812 3.40000000
 C	-19.15282200 61.17350538 3.40000000
 C	-18.80141100 63.60815221 3.40000000
 C	-28.28995080 -2.13037989 3.40000000
 C	-26.53282200 10.04336554 3.40000000
 C	-28.64138640 -4.56519714 3.40000000
 C	-26.18138640 12.47818280 3.40000000
 C	-30.39853980 -6.79694253 3.40000000
 C	-27.23569320 15.11590150 3.40000000
 C	-28.99283020 2.94209926 3.40000000
 C	-28.64141100 5.37680290 3.40000000
 C	-26.88426580 17.55066195 3.40000000
 C	-26.53284660 19.98536558 3.40000000
 C	-26.18141100 22.42018284 3.40000000
 C	-25.82997540 24.85500010 3.40000000
 C	-25.47856440 27.28964693 3.40000000
 C	-25.12712880 29.72446419 3.40000000
 C	-24.77570140 32.15922463 3.40000000
 C	-24.42428220 34.59392827 3.40000000
 C	-24.07284660 37.02874553 3.40000000
 C	-23.72141100 39.46356279 3.40000000
 C	-29.34425760 0.50733881 3.40000000
 C	-28.28997540 7.81162016 3.40000000
 C	-23.37000000 41.89820962 3.40000000
 C	-23.01856440 44.33302687 3.40000000
 C	-22.66713700 46.76778732 3.40000000
 C	-22.31571780 49.20249096 3.40000000
 C	-21.96428220 51.63730822 3.40000000
 C	-21.61284660 54.07212548 3.40000000
 C	-21.26143560 56.50677230 3.40000000
 C	-20.91000000 58.94158956 3.40000000
 C	-20.55857260 61.37635001 3.40000000
 C	-20.20715340 63.81105365 3.40000000
 C	-29.69569320 -1.92747845 3.40000000
 C	-27.93853980 10.24643742 3.40000000
 C	-30.04710420 -4.36212527 3.40000000
 C	-27.58712880 12.68108424 3.40000000
 C	-29.51984009 4.26090890 3.40000000
 C	-27.76271129 16.43465433 3.40000000
 C	-27.41127569 18.86947159 3.40000000
 C	-27.05986469 21.30411841 3.40000000
 C	-26.70842909 23.73893567 3.40000000
 C	-26.35701809 26.17358250 3.40000000
 C	-29.87127569 1.82609164 3.40000000
 C	-29.16842909 6.69555572 3.40000000
 C	-26.00558249 28.60839975 3.40000000
 C	-25.65414689 31.04321701 3.40000000
 C	-25.30271129 33.47803427 3.40000000
 C	-24.95130029 35.91268110 3.40000000
 C	-24.59986469 38.34749836 3.40000000
 C	-24.24845369 40.78214518 3.40000000
 C	-23.89701809 43.21696244 3.40000000
 C	-23.54558249 45.65177970 3.40000000
 C	-23.19414689 48.08659696 3.40000000
 C	-22.84273589 50.52124379 3.40000000
 C	-22.49130029 52.95606104 3.40000000
 C	-30.22271129 -0.60872562 3.40000000
 C	-28.81699349 9.13037298 3.40000000
 C	-22.13988929 55.39070787 3.40000000
 C	-21.78845369 57.82552513 3.40000000
 C	-21.43701809 60.26034239 3.40000000
 C	-21.08558249 62.69515965 3.40000000
 C	-20.73417149 65.12980647 3.40000000
 C	-28.46558249 11.56501981 3.40000000
 C	-30.57414689 -3.04354288 3.40000000
 C	-30.92555789 -5.47818970 3.40000000
 C	-28.11414689 13.99983707 3.40000000
 C	-30.92559070 4.46375353 3.40000000
 C	-29.16845370 16.63755577 3.40000000
 C	-28.81702630 19.07231621 3.40000000
 C	-28.46560710 21.50701985 3.40000000
 C	-28.11417150 23.94183711 3.40000000
 C	-27.76273590 26.37665437 3.40000000
 C	-31.27701810 2.02899308 3.40000000
 C	-30.57417150 6.89845716 3.40000000
 C	-27.41132490 28.81130119 3.40000000
 C	-27.05988930 31.24611845 3.40000000
 C	-26.70846190 33.68087890 3.40000000
 C	-26.35704270 36.11558254 3.40000000
 C	-26.00560710 38.55039980 3.40000000
 C	-25.65417150 40.98521706 3.40000000
 C	-25.30276050 43.41986388 3.40000000
 C	-24.95132490 45.85468114 3.40000000
 C	-24.59989750 48.28944159 3.40000000
 C	-24.24847830 50.72414522 3.40000000
 C	-23.89704270 53.15896248 3.40000000
 C	-31.62845370 -0.40582418 3.40000000
 C	-30.22273590 9.33327442 3.40000000
 C	-23.54560710 55.59377974 3.40000000
 C	-23.19419610 58.02842657 3.40000000
 C	-22.84276050 60.46324383 3.40000000
 C	-22.49133310 62.89800427 3.40000000
 C	-22.13991390 65.33270791 3.40000000
 C	-31.97986470 -2.84047101 3.40000000
 C	-29.87130030 11.76809168 3.40000000
 C	-32.33130030 -5.27528827 3.40000000
 C	-29.51988930 14.20273851 3.40000000
 C	-30.04704270 15.52159786 3.40000000
 C	-31.80417150 3.34785243 3.40000000
 C	-31.45273590 5.78266969 3.40000000
 C	-29.69560710 17.95641511 3.40000000
 C	-29.34417150 20.39123237 3.40000000
 C	-28.99276050 22.82587920 3.40000000
 C	-28.64132490 25.26069646 3.40000000
 C	-28.28991390 27.69534328 3.40000000
 C	-27.93847830 30.13016054 3.40000000
 C	-27.58704270 32.56497780 3.40000000
 C	-27.23560710 34.99979506 3.40000000
 C	-26.88419610 37.43444189 3.40000000
 C	-26.53276050 39.86925915 3.40000000
 C	-32.15560710 0.91303517 3.40000000
 C	-31.10132490 8.21731651 3.40000000
 C	-26.18134950 42.30390597 3.40000000
 C	-25.82991390 44.73872323 3.40000000
 C	-25.47847830 47.17354049 3.40000000
 C	-25.12704270 49.60835775 3.40000000
 C	-24.77563170 52.04300457 3.40000000
 C	-24.42419610 54.47782183 3.40000000
 C	-24.07278510 56.91246866 3.40000000
 C	-23.72134950 59.34728592 3.40000000
 C	-23.36991390 61.78210318 3.40000000
 C	-23.01847830 64.21692044 3.40000000
 C	-32.50704270 -1.52178209 3.40000000
 C	-30.74988930 10.65213377 3.40000000
 C	-22.66706730 66.65156726 3.40000000
 C	-32.85845370 -3.95642892 3.40000000
 C	-30.39847830 13.08678060 3.40000000
 C	-31.45278509 15.72449929 3.40000000
 C	-33.20991389 3.55075386 3.40000000
 C	-32.85848649 5.98551431 3.40000000
 C	-31.10134949 18.15931655 3.40000000
 C	-30.74992209 20.59407700 3.40000000
 C	-30.39850289 23.02878064 3.40000000
 C	-30.04706729 25.46359790 3.40000000
 C	-29.69563169 27.89841515 3.40000000
 C	-29.34422069 30.33306198 3.40000000
 C	-28.99278509 32.76787924 3.40000000
 C	-28.64135769 35.20263969 3.40000000
 C	-28.28993849 37.63734332 3.40000000
 C	-27.93850289 40.07216058 3.40000000
 C	-33.56134949 1.11593661 3.40000000
 C	-32.50706729 8.42021795 3.40000000
 C	-27.58706729 42.50697784 3.40000000
 C	-27.23565629 44.94162467 3.40000000
 C	-26.88422069 47.37644193 3.40000000
 C	-26.53279329 49.81120237 3.40000000
 C	-26.18137409 52.24590601 3.40000000
 C	-25.82993849 54.68072327 3.40000000
 C	-25.47850289 57.11554053 3.40000000
 C	-25.12709189 59.55018735 3.40000000
 C	-24.77565629 61.98500461 3.40000000
 C	-24.42422889 64.41976506 3.40000000
 C	-33.91276049 -1.31871022 3.40000000
 C	-32.15563169 10.85503521 3.40000000
 C	-24.07280969 66.85446870 3.40000000
 C	-34.26419609 -3.75352748 3.40000000
 C	-31.80419609 13.28985247 3.40000000
 C	-33.73706730 4.86961321 3.40000000
 C	-31.97993850 17.04335864 3.40000000
 C	-31.62850290 19.47817590 3.40000000
 C	-31.27706730 21.91299316 3.40000000
 C	-30.92565630 24.34763999 3.40000000
 C	-30.57422070 26.78245725 3.40000000
 C	-34.08850290 2.43479595 3.40000000
 C	-30.22280970 29.21710407 3.40000000
 C	-33.38563170 7.30443047 3.40000000
 C	-29.87137410 31.65192133 3.40000000
 C	-29.51993850 34.08673859 3.40000000
 C	-29.16850290 36.52155585 3.40000000
 C	-28.81709190 38.95620267 3.40000000
 C	-28.46565630 41.39101993 3.40000000
 C	-28.11424530 43.82566676 3.40000000
 C	-27.76280970 46.26048402 3.40000000
 C	-27.41137410 48.69530128 3.40000000
 C	-27.05993850 51.13011854 3.40000000
 C	-26.70852750 53.56476536 3.40000000
 C	-34.43993850 -0.00002130 3.40000000
 C	-33.03422070 9.73907730 3.40000000
 C	-26.35709190 55.99958262 3.40000000
 C	-26.00568090 58.43422945 3.40000000
 C	-25.65424530 60.86904670 3.40000000
 C	-25.30280970 63.30386396 3.40000000
 C	-24.95137410 65.73868122 3.40000000
 C	-24.59996310 68.17332805 3.40000000
 C	-34.79134950 -2.43466813 3.40000000
 C	-32.68278510 12.17389456 3.40000000
 C	-32.33137410 14.60854138 3.40000000
 C	-35.14276460 5.07247915 3.40000000
 C	-33.38563580 17.24622457 3.40000000
 C	-33.03420020 19.68104183 3.40000000
 C	-32.68277280 22.11580228 3.40000000
 C	-32.33135360 24.55050592 3.40000000
 C	-31.97991800 26.98532318 3.40000000
 C	-35.49420020 2.63766189 3.40000000
 C	-31.62848240 29.42014044 3.40000000
 C	-34.79133720 7.50723959 3.40000000
 C	-31.27707140 31.85478726 3.40000000
 C	-30.92563580 34.28960452 3.40000000
 C	-30.57420840 36.72436497 3.40000000
 C	-30.22278920 39.15906860 3.40000000
 C	-29.87135360 41.59388586 3.40000000
 C	-29.51991800 44.02870312 3.40000000
 C	-29.16850700 46.46334995 3.40000000
 C	-28.81707140 48.89816721 3.40000000
 C	-28.46564400 51.33292766 3.40000000
 C	-35.84561120 0.20301506 3.40000000
 C	-28.11422480 53.76763129 3.40000000
 C	-34.43991800 9.94194323 3.40000000
 C	-27.76278920 56.20244855 3.40000000
 C	-27.41135360 58.63726581 3.40000000
 C	-27.05994260 61.07191264 3.40000000
 C	-26.70850700 63.50672989 3.40000000
 C	-26.35707960 65.94149034 3.40000000
 C	-26.00566040 68.37619398 3.40000000
 C	-36.19704680 -2.23180220 3.40000000
 C	-34.08848240 12.37676049 3.40000000
 C	-33.73704680 14.81157775 3.40000000
 C	-34.26426990 16.13030217 3.40000000
 C	-36.02139870 3.95655674 3.40000000
 C	-35.66996310 6.39137400 3.40000000
 C	-33.91283430 18.56511943 3.40000000
 C	-33.56139870 20.99993669 3.40000000
 C	-33.20996310 23.43475395 3.40000000
 C	-32.85855210 25.86940077 3.40000000
 C	-32.50711650 28.30421803 3.40000000
 C	-32.15570550 30.73886486 3.40000000
 C	-31.80426990 33.17368212 3.40000000
 C	-31.45283430 35.60849938 3.40000000
 C	-31.10139870 38.04331663 3.40000000
 C	-30.74998770 40.47796346 3.40000000
 C	-36.37283430 1.52173948 3.40000000
 C	-35.31852750 8.82619126 3.40000000
 C	-30.39855210 42.91278072 3.40000000
 C	-30.04714110 45.34742754 3.40000000
 C	-29.69570550 47.78224480 3.40000000
 C	-29.34426990 50.21706206 3.40000000
 C	-28.99283430 52.65187932 3.40000000
 C	-28.64142330 55.08652615 3.40000000
 C	-28.28998770 57.52134341 3.40000000
 C	-27.93857670 59.95599023 3.40000000
 C	-27.58714110 62.39080749 3.40000000
 C	-27.23570550 64.82562475 3.40000000
 C	-36.72424530 -0.91290734 3.40000000
 C	-34.96711650 11.26083809 3.40000000
 C	-26.88426990 67.26044201 3.40000000
 C	-26.53285890 69.69508883 3.40000000
 C	-34.61568090 13.69565534 3.40000000
 C	-35.66985240 16.33326752 3.40000000
 C	-37.42700580 4.15935166 3.40000000
 C	-37.07557020 6.59416892 3.40000000
 C	-35.31844140 18.76791435 3.40000000
 C	-34.96700580 21.20273161 3.40000000
 C	-34.61557840 23.63749205 3.40000000
 C	-34.26415920 26.07219569 3.40000000
 C	-33.91272360 28.50701295 3.40000000
 C	-33.56128800 30.94183021 3.40000000
 C	-33.20987700 33.37647703 3.40000000
 C	-32.85844140 35.81129429 3.40000000
 C	-32.50701400 38.24605474 3.40000000
 C	-32.15559480 40.68075838 3.40000000
 C	-37.77841680 1.72470483 3.40000000
 C	-36.72414280 9.02892937 3.40000000
 C	-31.80415920 43.11557564 3.40000000
 C	-31.45272360 45.55039290 3.40000000
 C	-31.10131260 47.98503972 3.40000000
 C	-30.74987700 50.41985698 3.40000000
 C	-30.39844960 52.85461743 3.40000000
 C	-30.04703040 55.28932106 3.40000000
 C	-29.69559480 57.72413832 3.40000000
 C	-29.34415920 60.15895558 3.40000000
 C	-28.99274820 62.59360241 3.40000000
 C	-28.64131260 65.02841967 3.40000000
 C	-38.12985240 -0.71011243 3.40000000
 C	-36.37272360 11.46363300 3.40000000
 C	-28.28988520 67.46318012 3.40000000
 C	-27.93846600 69.89788375 3.40000000
 C	-36.02128800 13.89845026 3.40000000
 C	-37.95415920 5.47821101 3.40000000
 C	-36.19703040 17.65195644 3.40000000
 C	-35.84559480 20.08677369 3.40000000
 C	-35.49415920 22.52159095 3.40000000
 C	-35.14272360 24.95640821 3.40000000
 C	-34.79131260 27.39105504 3.40000000
 C	-34.43987700 29.82587230 3.40000000
 C	-38.30559480 3.04339375 3.40000000
 C	-37.60272360 7.91302827 3.40000000
 C	-34.08846600 32.26051912 3.40000000
 C	-33.73703040 34.69533638 3.40000000
 C	-33.38559480 37.13015364 3.40000000
 C	-33.03415920 39.56497090 3.40000000
 C	-32.68274820 41.99961773 3.40000000
 C	-32.33131260 44.43443498 3.40000000
 C	-31.97990160 46.86908181 3.40000000
 C	-31.62846600 49.30389907 3.40000000
 C	-31.27703040 51.73871633 3.40000000
 C	-38.65700580 0.60874692 3.40000000
 C	-30.92559480 54.17353359 3.40000000
 C	-37.25128800 10.34784553 3.40000000
 C	-30.57418380 56.60818041 3.40000000
 C	-30.22274820 59.04299767 3.40000000
 C	-29.87133720 61.47764450 3.40000000
 C	-29.51990160 63.91246176 3.40000000
 C	-29.16846600 66.34727902 3.40000000
 C	-28.81703040 68.78209627 3.40000000
 C	-36.89987700 12.78249235 3.40000000
 C	-36.54844140 15.21730961 3.40000000
 H	19.23790459 -42.54450961 3.40000000
 H	19.58933246 -40.10974595 3.40000000
 H	19.94076806 -37.67492869 3.40000000
 H	20.29220109 -35.24012930 3.40000000
 H	20.64361466 -32.80546461 3.40000000
 H	20.99505026 -30.37064735 3.40000000
 H	21.34646899 -27.93594693 3.40000000
 H	21.69789686 -25.50118326 3.40000000
 H	22.04933246 -23.06636600 3.40000000
 H	22.40076549 -20.63156661 3.40000000
 H	22.75217906 -18.19690192 3.40000000
 H	23.10361466 -15.76208466 3.40000000
 H	23.45503339 -13.32738424 3.40000000
 H	23.80646126 -10.89262058 3.40000000
 H	24.15789686 -8.45780332 3.40000000
 H	24.50932989 -6.02300392 3.40000000
 H	24.86074346 -3.58833923 3.40000000
 H	25.21217906 -1.15352197 3.40000000
 H	25.56359779 1.28117845 3.40000000
 H	25.91502566 3.71594211 3.40000000
 H	26.26646126 6.15075937 3.40000000
 H	26.61789429 8.58555876 3.40000000
 H	26.96930786 11.02022345 3.40000000
 H	27.32074346 13.45504071 3.40000000
 H	27.67216219 15.88974114 3.40000000
 H	28.02359006 18.32450480 3.40000000
 H	28.37502566 20.75932206 3.40000000
 H	28.72645869 23.19412145 3.40000000
 H	29.07787226 25.62878614 3.40000000
 H	28.18932647 27.85179549 3.40000000
 H	26.25647321 29.37352278 3.40000000
 H	24.32367016 30.89521054 3.40000000
 H	22.39077436 32.41697132 3.40000000
 H	20.45790948 33.93870777 3.40000000
 H	18.52511807 35.46038639 3.40000000
 H	16.59222227 36.98214717 3.40000000
 H	14.65936901 38.50387446 3.40000000
 H	12.72656596 40.02556222 3.40000000
 H	10.79367016 41.54732300 3.40000000
 H	8.86080529 43.06905945 3.40000000
 H	6.92801387 44.59073807 3.40000000
 H	4.99511807 46.11249885 3.40000000
 H	3.06226481 47.63422614 3.40000000
 H	1.12946176 49.15591390 3.40000000
 H	-0.80343403 50.67767468 3.40000000
 H	-2.73629891 52.19941113 3.40000000
 H	-4.66909033 53.72108975 3.40000000
 H	-6.60198613 55.24285053 3.40000000
 H	-8.53483939 56.76457782 3.40000000
 H	-10.46764244 58.28626558 3.40000000
 H	-12.40053823 59.80802636 3.40000000
 H	-14.33340311 61.32976281 3.40000000
 H	-16.26619453 62.85144143 3.40000000
 H	-18.19909033 64.37320221 3.40000000
 H	-20.13194358 65.89492950 3.40000000
 H	-22.06474663 67.41661726 3.40000000
 H	-23.99764243 68.93837804 3.40000000
 H	-25.93050731 70.46011449 3.40000000
 H	-28.29985840 70.80203376 3.40000000
 H	-29.78074909 68.92115733 3.40000000
 H	-30.13217907 66.48637902 3.40000000
 H	-30.48361467 64.05156176 3.40000000
 H	-30.83503339 61.61686134 3.40000000
 H	-31.18646127 59.18209767 3.40000000
 H	-31.53789687 56.74728041 3.40000000
 H	-31.88931349 54.31259464 3.40000000
 H	-32.24074347 51.87781633 3.40000000
 H	-32.59217907 49.44299907 3.40000000
 H	-32.94359779 47.00829865 3.40000000
 H	-33.29502567 44.57353498 3.40000000
 H	-33.64646127 42.13871773 3.40000000
 H	-33.99787789 39.70403195 3.40000000
 H	-34.34930787 37.26925364 3.40000000
 H	-34.70074347 34.83443638 3.40000000
 H	-35.05216219 32.39973596 3.40000000
 H	-35.40359007 29.96497230 3.40000000
 H	-35.75502567 27.53015504 3.40000000
 H	-36.10644229 25.09546927 3.40000000
 H	-36.45787227 22.66069095 3.40000000
 H	-36.80930787 20.22587369 3.40000000
 H	-37.16072659 17.79117327 3.40000000
 H	-37.51215447 15.35640961 3.40000000
 H	-37.86359007 12.92159235 3.40000000
 H	-38.21500669 10.48690658 3.40000000
 H	-38.56643667 8.05212827 3.40000000
 H	-38.91787227 5.61731101 3.40000000
 H	-39.26929099 3.18261059 3.40000000
 H	-39.62071887 0.74784692 3.40000000
 H	-38.73217307 -1.47516243 3.40000000
 H	-36.79939839 -2.99682786 3.40000000
 H	-34.86651676 -4.51857747 3.40000000
 H	-32.93362096 -6.04033826 3.40000000
 H	-31.00076771 -7.56206556 3.40000000
 H	-29.06796467 -9.08375332 3.40000000
 H	-27.13506887 -10.60551411 3.40000000
 H	-25.20229419 -12.12717954 3.40000000
 H	-23.26941256 -13.64892915 3.40000000
 H	-21.33651676 -15.17068994 3.40000000
 H	-19.40366351 -16.69241724 3.40000000
 H	-17.47086047 -18.21410500 3.40000000
 H	-15.53796467 -19.73586579 3.40000000
 H	-13.60518999 -21.25753121 3.40000000
 H	-11.67230836 -22.77928083 3.40000000
 H	-9.73941257 -24.30104162 3.40000000
 H	-7.80655931 -25.82276891 3.40000000
 H	-5.87375627 -27.34445668 3.40000000
 H	-3.94086047 -28.86621747 3.40000000
 H	-2.00808579 -30.38788289 3.40000000
 H	-0.07520417 -31.90963251 3.40000000
 H	1.85769163 -33.43139330 3.40000000
 H	3.79054489 -34.95312059 3.40000000
 H	5.72334793 -36.47480836 3.40000000
 H	7.65624373 -37.99656915 3.40000000
 H	9.58901840 -39.51823457 3.40000000
 H	11.52190003 -41.03998419 3.40000000
 H	13.45479583 -42.56174498 3.40000000
 H	15.38764909 -44.08347227 3.40000000
 H	17.75701180 -44.42540069 3.40000000
